152,1,281,67,31,20,-1,-1,-1
153,1,277,66,32,20,-1,-1,-1
154,1,273,66,33,20,-1,-1,-1
155,1,268,67,34,20,-1,-1,-1
156,1,264,67,35,19,-1,-1,-1
157,1,261,67,35,18,-1,-1,-1
158,1,257,67,34,17,-1,-1,-1
159,1,256,68,32,16,-1,-1,-1
160,1,254,68,30,15,-1,-1,-1
161,1,252,68,28,15,-1,-1,-1
162,1,250,67,27,14,-1,-1,-1
163,1,248,67,26,14,-1,-1,-1
164,1,246,67,26,14,-1,-1,-1
165,1,245,66,26,14,-1,-1,-1
166,1,244,66,26,14,-1,-1,-1
178,2,108,48,40,20,-1,-1,-1
179,2,108,47,40,21,-1,-1,-1
180,2,107,47,40,21,-1,-1,-1
181,2,107,47,40,21,-1,-1,-1
182,2,107,47,40,21,-1,-1,-1
213,3,159,109,30,27,-1,-1,-1
214,3,159,109,30,27,-1,-1,-1
215,3,159,109,30,27,-1,-1,-1
216,3,159,109,30,27,-1,-1,-1
217,3,159,109,30,27,-1,-1,-1
218,3,159,109,30,27,-1,-1,-1
219,3,159,109,30,27,-1,-1,-1
220,3,159,109,30,27,-1,-1,-1
221,3,159,109,30,27,-1,-1,-1
222,3,159,109,30,27,-1,-1,-1
223,3,159,109,30,27,-1,-1,-1
224,3,159,109,30,27,-1,-1,-1
225,3,159,109,30,27,-1,-1,-1
226,3,159,109,30,27,-1,-1,-1
227,3,159,109,30,27,-1,-1,-1
228,3,159,109,30,27,-1,-1,-1
229,3,159,109,30,27,-1,-1,-1
230,3,159,109,30,27,-1,-1,-1
231,3,159,109,30,27,-1,-1,-1
232,3,159,109,30,27,-1,-1,-1
233,3,159,109,30,27,-1,-1,-1
250,4,107,46,36,23,-1,-1,-1
251,4,107,46,37,23,-1,-1,-1
252,4,107,46,37,23,-1,-1,-1
293,5,129,153,36,37,-1,-1,-1
294,5,133,156,37,38,-1,-1,-1
295,5,134,157,37,39,-1,-1,-1
296,5,135,159,37,39,-1,-1,-1
313,6,111,45,45,25,-1,-1,-1
314,6,110,46,45,24,-1,-1,-1
315,6,110,46,44,24,-1,-1,-1
316,6,110,46,43,23,-1,-1,-1
317,6,109,47,42,23,-1,-1,-1
318,6,108,47,42,23,-1,-1,-1
319,6,108,47,42,23,-1,-1,-1
320,6,108,47,42,23,-1,-1,-1
441,7,133,53,33,24,-1,-1,-1
442,7,132,52,34,24,-1,-1,-1
443,7,131,51,35,24,-1,-1,-1
444,7,130,51,35,24,-1,-1,-1
445,7,129,51,36,24,-1,-1,-1
446,7,127,51,36,24,-1,-1,-1
447,7,125,51,37,24,-1,-1,-1
448,7,124,51,36,24,-1,-1,-1
449,7,124,51,36,24,-1,-1,-1
450,7,124,51,36,24,-1,-1,-1
451,8,193,42,34,39,-1,-1,-1
452,8,193,41,34,39,-1,-1,-1
453,8,193,41,34,38,-1,-1,-1
454,8,193,41,34,37,-1,-1,-1
455,8,193,41,33,37,-1,-1,-1
456,8,193,41,33,37,-1,-1,-1
457,8,193,41,33,36,-1,-1,-1
499,9,111,50,44,20,-1,-1,-1
500,9,110,50,43,20,-1,-1,-1
501,9,110,50,43,20,-1,-1,-1
502,9,109,50,42,20,-1,-1,-1
503,9,109,50,41,20,-1,-1,-1
504,9,109,50,41,20,-1,-1,-1
505,9,108,49,40,20,-1,-1,-1
506,9,108,49,40,20,-1,-1,-1
507,9,107,49,39,20,-1,-1,-1
508,9,107,49,39,20,-1,-1,-1
509,9,107,49,38,20,-1,-1,-1
510,9,106,49,38,20,-1,-1,-1
511,9,106,48,37,20,-1,-1,-1
512,9,106,48,37,21,-1,-1,-1
513,9,105,48,37,21,-1,-1,-1
514,9,104,47,37,22,-1,-1,-1
515,9,103,47,37,22,-1,-1,-1
516,9,102,47,37,22,-1,-1,-1
517,9,101,46,38,23,-1,-1,-1
518,9,100,46,38,23,-1,-1,-1
519,9,99,46,38,23,-1,-1,-1
520,9,98,45,39,24,-1,-1,-1
521,9,97,45,39,24,-1,-1,-1
522,9,96,45,39,24,-1,-1,-1
523,9,95,45,39,25,-1,-1,-1
524,9,94,45,39,25,-1,-1,-1
525,9,93,45,39,25,-1,-1,-1
526,9,93,45,39,25,-1,-1,-1
573,10,342,366,58,39,-1,-1,-1
574,10,342,366,58,39,-1,-1,-1
575,10,342,366,57,39,-1,-1,-1
576,10,342,366,57,39,-1,-1,-1
577,10,342,366,57,39,-1,-1,-1
610,11,157,166,32,27,-1,-1,-1
611,11,157,166,32,27,-1,-1,-1
612,11,157,166,32,27,-1,-1,-1
613,11,157,166,32,27,-1,-1,-1
680,13,308,96,34,22,-1,-1,-1
681,13,302,95,34,22,-1,-1,-1
682,13,297,94,34,22,-1,-1,-1
683,13,291,92,33,21,-1,-1,-1
684,13,285,90,33,21,-1,-1,-1
685,13,278,88,32,20,-1,-1,-1
686,12,546,106,40,24,-1,-1,-1
686,13,271,86,31,19,-1,-1,-1
687,12,541,105,40,24,-1,-1,-1
687,13,264,84,31,19,-1,-1,-1
688,12,537,104,40,24,-1,-1,-1
688,13,257,83,30,18,-1,-1,-1
689,12,532,104,39,24,-1,-1,-1
689,13,251,81,29,17,-1,-1,-1
690,12,529,103,39,24,-1,-1,-1
690,13,245,80,27,17,-1,-1,-1
691,12,527,103,39,24,-1,-1,-1
691,13,243,79,26,17,-1,-1,-1
692,13,242,78,25,16,-1,-1,-1
714,14,281,83,30,19,-1,-1,-1
715,14,278,82,31,19,-1,-1,-1
716,14,277,81,31,19,-1,-1,-1
717,14,275,81,32,19,-1,-1,-1
720,15,125,111,36,31,-1,-1,-1
721,15,126,112,35,29,-1,-1,-1
722,15,126,113,35,28,-1,-1,-1
730,16,170,143,55,57,-1,-1,-1
731,16,172,144,56,58,-1,-1,-1
732,16,173,145,56,58,-1,-1,-1
789,17,105,113,35,34,-1,-1,-1
790,17,106,114,35,34,-1,-1,-1
791,17,106,113,35,34,-1,-1,-1
811,18,358,97,35,20,-1,-1,-1
812,18,351,95,34,20,-1,-1,-1
813,18,346,95,33,20,-1,-1,-1
814,18,339,94,32,19,-1,-1,-1
815,18,331,93,31,19,-1,-1,-1
816,18,324,91,31,18,-1,-1,-1
817,18,317,89,30,18,-1,-1,-1
818,18,309,87,30,18,-1,-1,-1
819,18,303,85,29,18,-1,-1,-1
820,18,297,84,28,18,-1,-1,-1
821,18,291,83,27,17,-1,-1,-1
822,18,285,82,28,17,-1,-1,-1
823,18,278,81,29,17,-1,-1,-1
824,18,270,80,29,17,-1,-1,-1
825,18,267,79,30,16,-1,-1,-1
826,18,265,79,30,16,-1,-1,-1
873,19,496,337,19,16,-1,-1,-1
874,19,496,337,19,15,-1,-1,-1
875,19,496,337,19,15,-1,-1,-1
876,20,358,166,33,37,-1,-1,-1
877,20,358,166,33,37,-1,-1,-1
878,20,358,166,33,37,-1,-1,-1
878,21,457,132,50,41,-1,-1,-1
879,20,357,166,34,37,-1,-1,-1
879,21,457,132,50,41,-1,-1,-1
880,20,357,166,34,37,-1,-1,-1
880,21,457,132,50,41,-1,-1,-1
881,20,357,166,34,37,-1,-1,-1
881,21,457,132,50,41,-1,-1,-1
882,20,357,166,34,37,-1,-1,-1
882,21,457,132,50,41,-1,-1,-1
883,20,357,166,34,37,-1,-1,-1
883,21,457,132,50,41,-1,-1,-1
884,20,357,166,34,37,-1,-1,-1
884,21,457,132,50,41,-1,-1,-1
885,20,357,166,34,37,-1,-1,-1
885,21,457,132,50,41,-1,-1,-1
886,20,357,166,34,37,-1,-1,-1
886,21,457,132,50,41,-1,-1,-1
887,20,357,166,34,37,-1,-1,-1
887,21,457,132,50,41,-1,-1,-1
888,20,357,166,34,37,-1,-1,-1
888,21,457,132,50,41,-1,-1,-1
889,20,357,166,34,37,-1,-1,-1
889,21,457,132,50,41,-1,-1,-1
890,20,357,166,34,37,-1,-1,-1
890,21,457,132,50,41,-1,-1,-1
891,20,357,166,34,37,-1,-1,-1
891,21,457,132,50,41,-1,-1,-1
892,20,357,166,34,37,-1,-1,-1
892,21,457,132,50,41,-1,-1,-1
893,20,357,166,34,37,-1,-1,-1
893,21,457,132,50,41,-1,-1,-1
894,20,357,166,34,37,-1,-1,-1
894,21,457,132,50,41,-1,-1,-1
895,20,357,166,34,37,-1,-1,-1
895,21,457,132,50,41,-1,-1,-1
896,20,357,166,34,37,-1,-1,-1
896,21,457,132,50,41,-1,-1,-1
897,20,357,166,34,37,-1,-1,-1
897,21,457,132,50,41,-1,-1,-1
918,22,94,107,35,33,-1,-1,-1
919,22,95,109,35,34,-1,-1,-1
920,22,96,110,36,34,-1,-1,-1
921,22,98,112,37,35,-1,-1,-1
922,22,100,114,36,35,-1,-1,-1
923,22,101,115,36,35,-1,-1,-1
924,22,102,115,36,35,-1,-1,-1
951,23,360,358,28,23,-1,-1,-1
952,23,360,358,28,23,-1,-1,-1
953,23,360,358,28,23,-1,-1,-1
954,24,244,329,52,49,-1,-1,-1
955,24,244,330,51,48,-1,-1,-1
956,24,244,330,50,46,-1,-1,-1
957,24,245,331,50,45,-1,-1,-1
958,24,245,331,50,45,-1,-1,-1
1008,25,263,80,38,20,-1,-1,-1
1009,25,260,79,35,19,-1,-1,-1
1010,25,258,79,33,19,-1,-1,-1
1011,25,255,78,31,18,-1,-1,-1
1012,25,252,77,30,18,-1,-1,-1
1013,25,250,77,29,18,-1,-1,-1
1014,25,248,77,29,18,-1,-1,-1
1194,26,82,96,32,26,-1,-1,-1
1195,26,83,97,32,26,-1,-1,-1
1196,26,83,98,32,26,-1,-1,-1
1197,26,84,99,32,27,-1,-1,-1
1198,26,86,100,32,27,-1,-1,-1
1199,26,87,101,33,28,-1,-1,-1
1200,26,89,102,33,28,-1,-1,-1
1201,26,90,104,34,29,-1,-1,-1
1202,26,92,106,34,29,-1,-1,-1
1203,26,93,108,34,30,-1,-1,-1
1204,26,95,111,34,29,-1,-1,-1
1205,26,96,113,35,29,-1,-1,-1
1206,26,98,116,36,29,-1,-1,-1
1207,26,99,118,37,29,-1,-1,-1
1208,26,101,121,38,29,-1,-1,-1
1209,26,104,123,38,31,-1,-1,-1
1210,26,106,126,38,32,-1,-1,-1
1211,26,109,130,39,33,-1,-1,-1
1212,26,112,134,40,34,-1,-1,-1
1213,26,115,138,42,35,-1,-1,-1
1214,26,117,143,43,35,-1,-1,-1
1215,26,120,147,45,36,-1,-1,-1
1216,26,124,153,46,36,-1,-1,-1
1217,26,130,159,47,36,-1,-1,-1
1218,26,133,162,47,36,-1,-1,-1
1219,26,135,164,47,36,-1,-1,-1
1289,27,98,103,35,32,-1,-1,-1
1290,27,99,105,35,31,-1,-1,-1
1291,27,101,106,35,32,-1,-1,-1
1292,27,105,108,35,32,-1,-1,-1
1293,27,106,109,35,33,-1,-1,-1
1294,27,108,110,36,33,-1,-1,-1
1299,28,106,50,41,18,-1,-1,-1
1300,28,105,50,41,18,-1,-1,-1
1301,28,105,50,41,19,-1,-1,-1
1302,28,105,50,40,19,-1,-1,-1
1303,28,105,50,39,19,-1,-1,-1
1304,28,105,50,38,19,-1,-1,-1
1369,29,112,45,41,25,-1,-1,-1
1370,29,112,45,41,25,-1,-1,-1
1371,29,112,45,41,25,-1,-1,-1
1372,29,112,45,41,25,-1,-1,-1
1373,29,112,45,41,25,-1,-1,-1
1374,29,112,45,41,25,-1,-1,-1
1375,29,112,45,41,25,-1,-1,-1
1376,29,112,45,41,25,-1,-1,-1
1377,29,112,45,41,25,-1,-1,-1
1378,29,112,45,41,25,-1,-1,-1
1379,29,112,45,41,25,-1,-1,-1
1380,29,112,45,41,25,-1,-1,-1
1381,29,112,45,41,25,-1,-1,-1
1382,29,112,45,41,25,-1,-1,-1
1383,29,112,45,41,25,-1,-1,-1
1384,29,112,45,41,25,-1,-1,-1
1385,29,112,45,41,25,-1,-1,-1
1386,29,112,45,41,25,-1,-1,-1
1387,29,112,45,41,25,-1,-1,-1
1388,29,112,45,41,25,-1,-1,-1
1389,29,112,45,41,25,-1,-1,-1
1393,30,92,102,34,35,-1,-1,-1
1394,30,93,103,34,35,-1,-1,-1
1395,30,93,104,34,35,-1,-1,-1
1396,30,94,106,35,35,-1,-1,-1
1397,30,95,109,36,35,-1,-1,-1
1397,31,169,127,47,35,-1,-1,-1
1398,30,97,112,37,36,-1,-1,-1
1398,31,171,129,47,35,-1,-1,-1
1399,30,98,113,38,35,-1,-1,-1
1399,31,172,129,47,35,-1,-1,-1
1400,30,98,114,39,35,-1,-1,-1
1475,32,287,81,34,21,-1,-1,-1
1476,32,287,81,34,21,-1,-1,-1
1477,32,287,81,34,21,-1,-1,-1
1478,32,287,81,34,21,-1,-1,-1
1479,32,287,81,34,21,-1,-1,-1
1480,32,287,81,34,21,-1,-1,-1
1481,32,287,81,34,21,-1,-1,-1
1482,32,287,81,34,21,-1,-1,-1
1483,32,287,81,34,21,-1,-1,-1
1484,32,287,81,34,21,-1,-1,-1
1485,32,287,81,34,21,-1,-1,-1
1486,32,287,81,34,21,-1,-1,-1
1487,32,287,81,34,21,-1,-1,-1
1488,32,287,81,34,21,-1,-1,-1
1489,32,287,81,34,21,-1,-1,-1
1490,32,287,81,34,21,-1,-1,-1
1491,32,287,81,34,21,-1,-1,-1
1492,32,287,81,34,21,-1,-1,-1
1493,32,287,81,34,21,-1,-1,-1
1494,32,287,81,34,21,-1,-1,-1
1495,32,287,81,34,21,-1,-1,-1
1496,32,287,81,33,21,-1,-1,-1
1521,33,86,100,27,22,-1,-1,-1
1522,33,87,102,27,22,-1,-1,-1
1523,33,88,104,27,22,-1,-1,-1
1524,33,90,106,28,23,-1,-1,-1
1525,33,91,107,30,23,-1,-1,-1
1526,33,93,109,31,24,-1,-1,-1
1527,33,94,112,32,25,-1,-1,-1
1528,33,96,115,33,25,-1,-1,-1
1529,33,96,117,33,25,-1,-1,-1
1530,33,97,118,33,25,-1,-1,-1
1545,34,127,49,40,21,-1,-1,-1
1546,34,125,49,40,21,-1,-1,-1
1547,34,125,49,40,21,-1,-1,-1
1548,34,123,48,39,22,-1,-1,-1
1549,34,122,48,39,22,-1,-1,-1
1550,34,121,48,39,22,-1,-1,-1
1551,34,120,48,39,22,-1,-1,-1
1552,34,119,48,39,22,-1,-1,-1
1553,34,118,48,39,22,-1,-1,-1
1554,34,117,48,38,22,-1,-1,-1
1555,34,117,47,37,22,-1,-1,-1
1556,34,117,46,36,23,-1,-1,-1
1557,34,117,46,35,23,-1,-1,-1
1558,34,117,46,35,24,-1,-1,-1
1559,34,117,46,35,24,-1,-1,-1
1560,34,116,45,34,25,-1,-1,-1
1561,34,116,45,34,25,-1,-1,-1
1562,34,115,45,34,25,-1,-1,-1
1563,34,115,45,35,26,-1,-1,-1
1564,34,115,45,35,26,-1,-1,-1
1565,34,115,46,36,26,-1,-1,-1
1566,34,115,46,36,26,-1,-1,-1
1567,34,114,46,36,26,-1,-1,-1
1568,34,113,46,36,26,-1,-1,-1
1569,34,113,46,36,26,-1,-1,-1
1570,34,112,46,37,26,-1,-1,-1
1571,34,112,46,38,26,-1,-1,-1
1572,34,111,46,38,25,-1,-1,-1
1573,34,109,45,39,24,-1,-1,-1
1574,34,108,45,39,24,-1,-1,-1
1575,34,107,46,39,23,-1,-1,-1
1576,34,106,46,39,22,-1,-1,-1
1576,35,115,133,48,44,-1,-1,-1
1577,34,106,46,39,22,-1,-1,-1
1577,35,116,134,48,45,-1,-1,-1
1578,34,105,46,39,22,-1,-1,-1
1578,35,116,134,48,46,-1,-1,-1
1679,36,245,65,33,21,-1,-1,-1
1680,36,242,64,33,21,-1,-1,-1
1681,36,240,64,33,22,-1,-1,-1
1682,36,239,63,32,22,-1,-1,-1
1683,36,238,63,32,22,-1,-1,-1
1683,37,198,46,25,22,-1,-1,-1
1684,37,197,46,26,23,-1,-1,-1
1685,37,197,46,26,23,-1,-1,-1
1686,37,196,46,27,23,-1,-1,-1
1698,38,279,82,33,18,-1,-1,-1
1699,38,275,81,33,18,-1,-1,-1
1700,38,271,80,33,18,-1,-1,-1
1701,38,269,80,33,18,-1,-1,-1
1702,38,267,80,34,18,-1,-1,-1
1830,39,129,52,38,21,-1,-1,-1
1831,39,128,52,38,20,-1,-1,-1
1832,39,126,52,38,20,-1,-1,-1
1833,39,125,52,38,19,-1,-1,-1
1834,39,124,52,38,18,-1,-1,-1
1835,39,123,52,38,18,-1,-1,-1
1836,39,122,52,37,18,-1,-1,-1
1837,39,121,52,37,18,-1,-1,-1
1838,39,120,52,37,18,-1,-1,-1
1839,39,120,51,37,18,-1,-1,-1
1840,39,119,51,37,19,-1,-1,-1
1841,39,118,51,36,19,-1,-1,-1
1842,39,117,51,36,19,-1,-1,-1
1843,39,117,50,36,19,-1,-1,-1
1844,39,116,50,36,20,-1,-1,-1
1845,39,115,50,36,20,-1,-1,-1
1846,39,114,50,35,20,-1,-1,-1
1847,39,114,49,35,20,-1,-1,-1
1848,39,113,49,35,20,-1,-1,-1
1849,39,112,49,35,21,-1,-1,-1
1850,39,111,49,35,21,-1,-1,-1
1851,39,111,48,35,21,-1,-1,-1
1852,39,110,48,34,21,-1,-1,-1
1853,39,109,48,34,22,-1,-1,-1
1854,39,108,48,34,22,-1,-1,-1
1855,39,108,47,34,22,-1,-1,-1
1856,39,107,47,34,22,-1,-1,-1
1857,39,106,47,33,22,-1,-1,-1
1858,39,105,47,33,23,-1,-1,-1
1859,39,105,46,33,23,-1,-1,-1
1860,39,104,46,33,23,-1,-1,-1
1861,39,103,46,33,23,-1,-1,-1
1862,39,103,46,33,23,-1,-1,-1
1863,39,102,46,33,23,-1,-1,-1
1864,39,102,46,33,23,-1,-1,-1
1865,39,101,46,33,23,-1,-1,-1
1866,39,101,46,33,22,-1,-1,-1
1867,39,101,46,33,22,-1,-1,-1
1868,39,101,46,33,22,-1,-1,-1
1909,40,239,77,26,16,-1,-1,-1
1910,40,237,76,25,17,-1,-1,-1
1911,40,236,76,25,17,-1,-1,-1
1912,40,236,76,25,17,-1,-1,-1
1922,41,195,42,34,32,-1,-1,-1
1923,41,194,41,33,32,-1,-1,-1
1924,41,193,42,32,31,-1,-1,-1
1925,41,193,41,31,31,-1,-1,-1
1926,41,193,42,30,29,-1,-1,-1
1927,41,194,43,28,28,-1,-1,-1
1928,41,195,44,27,26,-1,-1,-1
1929,41,196,45,26,26,-1,-1,-1
1930,41,196,45,26,26,-1,-1,-1
1931,42,314,96,40,20,-1,-1,-1
1932,42,309,95,39,19,-1,-1,-1
1933,42,305,94,37,19,-1,-1,-1
1934,42,298,92,36,19,-1,-1,-1
1935,42,291,91,36,20,-1,-1,-1
1936,42,284,89,34,20,-1,-1,-1
1937,42,279,87,33,20,-1,-1,-1
1938,42,273,85,31,20,-1,-1,-1
1939,42,269,84,30,19,-1,-1,-1
1940,42,263,83,29,18,-1,-1,-1
1941,42,258,82,29,18,-1,-1,-1
1942,42,253,81,29,17,-1,-1,-1
1943,42,249,80,29,16,-1,-1,-1
1944,42,244,79,28,16,-1,-1,-1
1945,42,240,78,28,15,-1,-1,-1
1946,42,238,78,28,15,-1,-1,-1
1947,42,237,78,28,15,-1,-1,-1
2007,43,69,80,29,22,-1,-1,-1
2008,43,69,80,28,21,-1,-1,-1
2009,43,70,81,28,21,-1,-1,-1
2010,43,70,82,28,21,-1,-1,-1
2011,43,71,83,30,22,-1,-1,-1
2012,43,73,85,32,23,-1,-1,-1
2013,43,74,87,34,25,-1,-1,-1
2014,43,75,89,35,26,-1,-1,-1
2015,43,76,91,35,27,-1,-1,-1
2016,43,78,93,35,26,-1,-1,-1
2017,43,79,95,34,26,-1,-1,-1
2018,43,82,97,34,26,-1,-1,-1
2019,43,84,99,34,27,-1,-1,-1
2020,43,86,102,35,29,-1,-1,-1
2021,43,89,103,36,31,-1,-1,-1
2022,43,90,105,36,32,-1,-1,-1
2023,43,92,107,36,33,-1,-1,-1
2024,43,94,110,38,34,-1,-1,-1
2025,43,96,114,40,35,-1,-1,-1
2026,43,99,118,41,34,-1,-1,-1
2027,43,102,121,40,33,-1,-1,-1
2028,43,105,123,38,32,-1,-1,-1
2028,44,325,96,30,16,-1,-1,-1
2029,43,106,124,37,32,-1,-1,-1
2029,44,325,96,30,16,-1,-1,-1
2030,43,107,125,37,32,-1,-1,-1
2030,44,326,96,29,16,-1,-1,-1
2033,45,242,66,36,22,-1,-1,-1
2034,45,239,66,36,21,-1,-1,-1
2035,45,237,65,35,21,-1,-1,-1
2036,45,234,65,34,20,-1,-1,-1
2037,45,231,65,32,20,-1,-1,-1
2038,45,229,65,31,20,-1,-1,-1
2039,45,226,65,30,20,-1,-1,-1
2040,45,223,66,29,19,-1,-1,-1
2041,45,222,66,29,19,-1,-1,-1
2042,45,221,67,28,19,-1,-1,-1
