8,1,99,108,35,34,-1,-1,-1
9,1,100,110,35,34,-1,-1,-1
10,1,101,111,35,34,-1,-1,-1
11,1,104,114,35,34,-1,-1,-1
12,1,105,115,35,34,-1,-1,-1
13,1,106,116,35,34,-1,-1,-1
29,2,269,79,32,22,-1,-1,-1
30,2,267,79,32,22,-1,-1,-1
30,3,194,46,28,24,-1,-1,-1
31,2,266,79,32,22,-1,-1,-1
31,3,194,46,28,25,-1,-1,-1
32,3,194,46,28,25,-1,-1,-1
33,3,193,45,28,25,-1,-1,-1
34,3,193,45,28,26,-1,-1,-1
107,4,98,96,35,22,-1,-1,-1
108,4,98,98,35,22,-1,-1,-1
109,4,98,99,35,22,-1,-1,-1
110,4,98,100,34,22,-1,-1,-1
112,5,379,105,38,22,-1,-1,-1
113,5,372,102,37,23,-1,-1,-1
114,5,367,100,37,23,-1,-1,-1
115,5,359,98,37,23,-1,-1,-1
116,5,352,96,36,23,-1,-1,-1
117,5,344,95,36,22,-1,-1,-1
118,5,336,93,35,21,-1,-1,-1
119,5,328,91,35,21,-1,-1,-1
120,5,320,90,34,21,-1,-1,-1
121,5,313,88,34,21,-1,-1,-1
122,5,306,86,33,21,-1,-1,-1
123,5,299,85,32,20,-1,-1,-1
124,5,293,84,32,20,-1,-1,-1
125,5,288,83,32,19,-1,-1,-1
126,5,282,83,31,18,-1,-1,-1
127,5,278,82,31,17,-1,-1,-1
128,5,272,81,31,17,-1,-1,-1
129,5,268,80,30,17,-1,-1,-1
130,5,263,80,30,16,-1,-1,-1
131,5,259,79,29,16,-1,-1,-1
132,5,257,79,29,16,-1,-1,-1
133,5,255,78,29,16,-1,-1,-1
198,6,113,48,43,26,-1,-1,-1
199,6,112,48,42,26,-1,-1,-1
200,6,112,48,42,26,-1,-1,-1
201,6,111,47,42,25,-1,-1,-1
202,6,111,47,42,25,-1,-1,-1
203,6,110,47,41,25,-1,-1,-1
203,7,251,76,34,22,-1,-1,-1
204,6,110,47,42,24,-1,-1,-1
204,7,249,75,32,21,-1,-1,-1
205,6,109,47,41,24,-1,-1,-1
205,7,248,75,31,21,-1,-1,-1
206,7,247,75,30,21,-1,-1,-1
240,8,128,136,31,25,-1,-1,-1
241,8,129,137,31,25,-1,-1,-1
242,8,129,137,31,25,-1,-1,-1
250,9,294,81,31,21,-1,-1,-1
251,9,289,80,32,21,-1,-1,-1
252,9,285,79,32,21,-1,-1,-1
253,9,283,79,32,21,-1,-1,-1
254,9,282,79,32,21,-1,-1,-1
261,10,112,47,36,22,-1,-1,-1
262,10,111,47,35,22,-1,-1,-1
263,10,111,47,35,22,-1,-1,-1
273,11,100,89,30,23,-1,-1,-1
274,11,101,89,31,23,-1,-1,-1
275,11,102,90,32,24,-1,-1,-1
276,11,104,91,33,25,-1,-1,-1
277,11,106,93,33,25,-1,-1,-1
278,11,108,95,34,24,-1,-1,-1
279,11,109,96,34,24,-1,-1,-1
280,11,110,97,34,24,-1,-1,-1
347,12,196,39,33,35,-1,-1,-1
348,12,196,39,32,35,-1,-1,-1
349,12,196,40,32,34,-1,-1,-1
350,12,196,41,31,32,-1,-1,-1
351,12,196,42,31,30,-1,-1,-1
352,12,196,42,31,29,-1,-1,-1
353,12,196,43,31,28,-1,-1,-1
354,12,196,43,31,28,-1,-1,-1
355,12,196,43,31,28,-1,-1,-1
356,12,196,43,31,28,-1,-1,-1
570,13,488,130,51,30,-1,-1,-1
571,13,488,130,51,30,-1,-1,-1
572,13,488,130,51,30,-1,-1,-1
573,13,488,130,51,30,-1,-1,-1
574,13,488,130,51,30,-1,-1,-1
575,13,488,130,51,30,-1,-1,-1
576,13,488,130,51,30,-1,-1,-1
577,13,488,130,51,30,-1,-1,-1
578,13,488,130,51,30,-1,-1,-1
579,13,488,130,51,30,-1,-1,-1
580,13,488,130,51,30,-1,-1,-1
581,13,488,130,51,30,-1,-1,-1
582,13,488,130,51,30,-1,-1,-1
583,13,488,130,51,30,-1,-1,-1
584,13,488,130,51,30,-1,-1,-1
585,13,488,130,51,30,-1,-1,-1
586,13,488,130,51,30,-1,-1,-1
587,13,488,130,51,30,-1,-1,-1
588,13,488,130,51,30,-1,-1,-1
589,13,488,130,51,30,-1,-1,-1
590,13,488,130,51,30,-1,-1,-1
762,14,193,37,38,37,-1,-1,-1
762,15,118,128,38,31,-1,-1,-1
763,14,193,37,38,37,-1,-1,-1
763,15,119,127,38,29,-1,-1,-1
764,14,193,37,38,37,-1,-1,-1
764,15,120,127,38,28,-1,-1,-1
765,14,193,37,38,37,-1,-1,-1
765,15,119,127,37,28,-1,-1,-1
766,14,193,37,38,37,-1,-1,-1
766,15,118,128,38,30,-1,-1,-1
767,14,193,37,38,37,-1,-1,-1
767,15,117,128,38,31,-1,-1,-1
768,14,193,37,38,37,-1,-1,-1
768,15,117,128,37,32,-1,-1,-1
769,14,193,37,38,37,-1,-1,-1
769,15,117,128,38,32,-1,-1,-1
770,14,193,37,38,37,-1,-1,-1
770,15,117,128,37,32,-1,-1,-1
771,14,193,37,38,37,-1,-1,-1
771,15,117,128,38,32,-1,-1,-1
772,14,193,37,38,37,-1,-1,-1
772,15,117,128,38,31,-1,-1,-1
773,14,193,37,38,37,-1,-1,-1
773,15,118,128,38,30,-1,-1,-1
774,14,193,37,38,37,-1,-1,-1
774,15,119,127,38,28,-1,-1,-1
775,14,193,37,38,37,-1,-1,-1
775,15,120,127,38,27,-1,-1,-1
776,14,193,37,38,37,-1,-1,-1
776,15,119,127,38,28,-1,-1,-1
777,14,193,37,38,37,-1,-1,-1
777,15,119,127,38,29,-1,-1,-1
778,14,193,37,38,37,-1,-1,-1
778,15,117,128,38,31,-1,-1,-1
779,14,193,37,38,37,-1,-1,-1
779,15,117,128,38,32,-1,-1,-1
780,14,193,37,38,37,-1,-1,-1
780,15,118,128,38,31,-1,-1,-1
781,14,193,37,38,37,-1,-1,-1
781,15,118,128,38,30,-1,-1,-1
782,14,193,37,38,37,-1,-1,-1
782,15,119,127,37,29,-1,-1,-1
806,16,287,64,32,23,-1,-1,-1
807,16,284,64,31,22,-1,-1,-1
808,16,282,65,30,21,-1,-1,-1
809,16,278,65,29,20,-1,-1,-1
810,16,274,65,29,20,-1,-1,-1
811,16,270,65,30,20,-1,-1,-1
812,16,266,65,30,19,-1,-1,-1
813,16,262,64,30,19,-1,-1,-1
814,16,259,64,30,18,-1,-1,-1
815,16,257,63,30,18,-1,-1,-1
816,16,256,63,30,19,-1,-1,-1
821,17,272,80,31,21,-1,-1,-1
822,17,270,80,31,20,-1,-1,-1
823,17,269,80,32,20,-1,-1,-1
836,18,317,88,77,38,-1,-1,-1
837,18,315,88,76,37,-1,-1,-1
838,18,312,88,78,37,-1,-1,-1
855,19,110,95,32,27,-1,-1,-1
856,19,110,95,32,26,-1,-1,-1
857,19,111,96,31,26,-1,-1,-1
942,20,117,48,35,16,-1,-1,-1
943,20,117,48,34,16,-1,-1,-1
944,20,117,48,34,16,-1,-1,-1
945,20,117,48,34,16,-1,-1,-1
951,20,110,48,34,17,-1,-1,-1
952,20,109,48,34,17,-1,-1,-1
953,20,109,48,34,17,-1,-1,-1
954,20,108,48,34,17,-1,-1,-1
955,20,108,48,34,17,-1,-1,-1
956,20,108,48,34,17,-1,-1,-1
957,20,108,48,33,17,-1,-1,-1
1025,22,381,109,41,22,-1,-1,-1
1026,22,372,107,41,22,-1,-1,-1
1027,22,365,105,41,22,-1,-1,-1
1028,22,356,103,41,21,-1,-1,-1
1029,22,347,101,41,20,-1,-1,-1
1030,22,339,99,41,19,-1,-1,-1
1031,22,330,97,40,19,-1,-1,-1
1032,22,326,96,40,19,-1,-1,-1
1033,22,323,95,40,19,-1,-1,-1
1062,23,93,107,31,27,-1,-1,-1
1063,23,94,109,31,27,-1,-1,-1
1064,23,95,110,31,26,-1,-1,-1
1065,23,96,112,31,26,-1,-1,-1
1066,23,97,114,32,27,-1,-1,-1
1067,23,99,117,33,27,-1,-1,-1
1068,23,101,120,34,27,-1,-1,-1
1069,23,103,122,35,27,-1,-1,-1
1070,23,106,125,35,27,-1,-1,-1
1071,23,108,129,36,26,-1,-1,-1
1072,23,112,132,37,26,-1,-1,-1
1072,24,189,150,41,37,-1,-1,-1
1073,23,114,134,37,26,-1,-1,-1
1073,24,195,154,42,37,-1,-1,-1
1074,23,115,135,37,27,-1,-1,-1
1074,24,196,156,42,37,-1,-1,-1
1075,24,198,157,44,37,-1,-1,-1
1078,25,148,166,37,37,-1,-1,-1
1079,25,150,168,37,38,-1,-1,-1
1080,25,151,171,37,37,-1,-1,-1
1140,26,104,49,48,18,-1,-1,-1
1141,26,104,49,46,18,-1,-1,-1
1142,26,105,49,45,18,-1,-1,-1
1143,26,105,49,43,18,-1,-1,-1
1144,26,105,49,41,18,-1,-1,-1
1145,26,105,49,40,18,-1,-1,-1
1146,26,105,49,39,18,-1,-1,-1
1147,26,105,49,39,18,-1,-1,-1
1147,27,517,140,52,23,-1,-1,-1
1148,26,105,49,38,18,-1,-1,-1
1148,27,517,140,52,23,-1,-1,-1
1149,26,105,49,38,18,-1,-1,-1
1149,27,517,140,52,23,-1,-1,-1
1150,26,105,49,38,18,-1,-1,-1
1150,27,517,140,52,23,-1,-1,-1
1151,26,105,49,38,18,-1,-1,-1
1151,27,517,140,52,23,-1,-1,-1
1152,26,105,49,38,18,-1,-1,-1
1152,27,517,140,52,23,-1,-1,-1
1153,26,105,49,38,18,-1,-1,-1
1153,27,517,140,52,23,-1,-1,-1
1154,26,105,49,38,18,-1,-1,-1
1154,27,517,140,52,23,-1,-1,-1
1155,26,105,49,38,18,-1,-1,-1
1155,27,517,140,52,23,-1,-1,-1
1156,26,105,49,38,18,-1,-1,-1
1156,27,517,140,52,23,-1,-1,-1
1157,26,105,49,38,18,-1,-1,-1
1157,27,517,140,52,23,-1,-1,-1
1158,26,105,49,38,18,-1,-1,-1
1158,27,517,140,52,23,-1,-1,-1
1159,26,105,49,38,18,-1,-1,-1
1159,27,517,140,52,23,-1,-1,-1
1160,26,105,49,38,18,-1,-1,-1
1160,27,517,140,52,23,-1,-1,-1
1161,26,105,49,38,18,-1,-1,-1
1161,27,517,140,52,23,-1,-1,-1
1162,26,105,49,38,18,-1,-1,-1
1162,27,517,140,52,23,-1,-1,-1
1163,26,105,49,38,18,-1,-1,-1
1163,27,517,140,52,23,-1,-1,-1
1164,26,105,49,38,18,-1,-1,-1
1164,27,517,140,52,23,-1,-1,-1
1165,26,105,49,38,18,-1,-1,-1
1165,27,517,140,52,23,-1,-1,-1
1166,26,105,49,38,18,-1,-1,-1
1166,27,517,140,52,23,-1,-1,-1
1167,26,105,49,38,18,-1,-1,-1
1167,27,517,140,52,23,-1,-1,-1
1169,28,263,82,28,16,-1,-1,-1
1170,28,260,81,28,15,-1,-1,-1
1171,28,257,81,27,14,-1,-1,-1
1172,28,256,81,27,14,-1,-1,-1
1173,28,255,81,27,13,-1,-1,-1
1185,29,338,98,38,17,-1,-1,-1
1186,29,332,97,36,17,-1,-1,-1
1187,29,327,96,35,16,-1,-1,-1
1188,29,321,95,34,16,-1,-1,-1
1189,29,314,93,33,15,-1,-1,-1
1190,29,307,92,32,15,-1,-1,-1
1191,29,300,90,31,14,-1,-1,-1
1192,29,294,88,30,14,-1,-1,-1
1193,29,287,87,29,14,-1,-1,-1
1194,29,282,85,28,14,-1,-1,-1
1195,29,277,84,27,13,-1,-1,-1
1196,29,272,83,27,13,-1,-1,-1
1197,29,267,83,27,13,-1,-1,-1
1198,29,263,82,26,12,-1,-1,-1
1199,29,259,81,26,12,-1,-1,-1
1200,29,255,81,25,12,-1,-1,-1
1201,29,251,80,24,11,-1,-1,-1
1202,29,247,79,23,11,-1,-1,-1
1203,29,246,79,23,11,-1,-1,-1
1204,29,244,78,23,11,-1,-1,-1
1205,30,339,99,32,16,-1,-1,-1
1206,30,334,98,31,16,-1,-1,-1
1207,30,329,97,30,16,-1,-1,-1
1208,30,323,96,29,15,-1,-1,-1
1209,30,315,95,28,15,-1,-1,-1
1210,30,312,95,28,14,-1,-1,-1
1211,30,309,95,28,14,-1,-1,-1
1212,31,284,87,29,14,-1,-1,-1
1213,31,281,86,28,14,-1,-1,-1
1214,31,278,86,27,14,-1,-1,-1
1215,31,274,85,26,14,-1,-1,-1
1216,31,270,84,26,14,-1,-1,-1
1217,31,266,83,25,13,-1,-1,-1
1218,31,261,83,25,12,-1,-1,-1
1219,31,256,82,24,12,-1,-1,-1
1220,31,251,81,24,12,-1,-1,-1
1220,30,304,94,31,15,-1,-1,-1
1221,31,248,81,24,12,-1,-1,-1
1221,30,298,93,30,15,-1,-1,-1
1222,31,246,81,24,12,-1,-1,-1
1222,30,296,92,30,15,-1,-1,-1
1223,30,294,92,29,15,-1,-1,-1
1233,33,160,186,51,39,-1,-1,-1
1234,33,160,186,51,39,-1,-1,-1
1235,33,160,186,51,39,-1,-1,-1
1236,33,160,186,51,39,-1,-1,-1
1237,33,160,186,51,39,-1,-1,-1
1238,33,160,186,51,39,-1,-1,-1
1239,33,160,186,51,39,-1,-1,-1
1240,33,160,186,51,39,-1,-1,-1
1241,33,160,186,51,39,-1,-1,-1
1242,33,160,186,51,39,-1,-1,-1
1243,33,160,186,51,39,-1,-1,-1
1244,33,160,186,51,39,-1,-1,-1
1245,33,160,186,51,39,-1,-1,-1
1246,33,160,186,51,39,-1,-1,-1
1247,33,160,186,51,39,-1,-1,-1
1248,33,160,186,51,39,-1,-1,-1
1249,33,160,186,51,39,-1,-1,-1
1250,33,160,186,51,39,-1,-1,-1
1251,33,160,186,51,39,-1,-1,-1
1252,33,160,186,51,39,-1,-1,-1
1306,34,475,122,50,28,-1,-1,-1
1307,34,474,122,51,28,-1,-1,-1
1308,34,474,122,51,28,-1,-1,-1
1309,34,473,122,52,28,-1,-1,-1
1310,34,473,122,52,28,-1,-1,-1
1311,34,475,122,49,27,-1,-1,-1
1312,34,477,122,46,25,-1,-1,-1
1313,34,479,123,44,24,-1,-1,-1
1314,34,478,122,43,23,-1,-1,-1
1356,35,351,95,37,22,-1,-1,-1
1357,35,346,94,34,21,-1,-1,-1
1358,35,342,93,33,21,-1,-1,-1
1359,35,336,92,33,20,-1,-1,-1
1360,35,330,91,32,20,-1,-1,-1
1361,35,324,91,32,19,-1,-1,-1
1362,35,321,90,32,19,-1,-1,-1
1363,35,319,90,32,19,-1,-1,-1
1364,35,318,90,32,19,-1,-1,-1
1365,35,317,90,32,19,-1,-1,-1
1366,35,317,90,32,19,-1,-1,-1
1367,35,317,90,32,19,-1,-1,-1
1368,35,317,90,32,19,-1,-1,-1
1369,35,317,90,32,19,-1,-1,-1
1370,35,317,90,32,19,-1,-1,-1
1371,35,317,90,32,19,-1,-1,-1
1372,35,317,90,32,19,-1,-1,-1
1373,35,317,90,32,19,-1,-1,-1
1374,35,317,90,32,19,-1,-1,-1
1375,35,317,90,32,19,-1,-1,-1
1376,35,317,90,32,19,-1,-1,-1
1377,35,317,90,32,19,-1,-1,-1
1378,35,317,90,32,19,-1,-1,-1
1379,35,317,90,32,19,-1,-1,-1
1380,35,317,90,32,19,-1,-1,-1
1381,35,317,90,32,19,-1,-1,-1
1383,36,109,51,41,18,-1,-1,-1
1384,36,109,51,40,18,-1,-1,-1
1385,36,109,51,40,18,-1,-1,-1
1386,36,108,51,39,18,-1,-1,-1
1387,36,108,50,39,18,-1,-1,-1
1388,36,107,50,39,18,-1,-1,-1
1389,36,107,50,38,18,-1,-1,-1
1390,36,106,49,38,18,-1,-1,-1
1391,36,106,49,37,17,-1,-1,-1
1392,36,106,49,36,17,-1,-1,-1
1393,36,106,49,36,17,-1,-1,-1
1431,37,98,100,30,25,-1,-1,-1
1432,37,99,102,31,26,-1,-1,-1
1433,37,99,103,32,27,-1,-1,-1
1434,37,101,105,32,28,-1,-1,-1
1435,37,104,107,33,28,-1,-1,-1
1436,37,106,109,33,29,-1,-1,-1
1437,37,109,112,33,31,-1,-1,-1
1438,37,112,115,34,33,-1,-1,-1
1439,37,116,118,35,34,-1,-1,-1
1440,37,121,122,36,35,-1,-1,-1
1441,37,125,127,38,36,-1,-1,-1
1442,37,130,131,39,37,-1,-1,-1
1443,37,134,136,41,39,-1,-1,-1
1444,37,139,140,43,40,-1,-1,-1
1445,37,143,145,45,41,-1,-1,-1
1446,37,146,148,46,43,-1,-1,-1
1447,37,147,151,47,43,-1,-1,-1
1447,38,434,120,41,21,-1,-1,-1
1448,37,148,152,47,44,-1,-1,-1
1448,38,434,120,41,21,-1,-1,-1
1449,37,149,153,47,44,-1,-1,-1
1449,38,434,120,41,21,-1,-1,-1
1450,37,149,153,47,44,-1,-1,-1
1450,38,434,120,41,21,-1,-1,-1
1451,37,149,153,47,44,-1,-1,-1
1451,38,434,120,41,21,-1,-1,-1
1452,37,149,153,47,44,-1,-1,-1
1452,38,434,120,41,21,-1,-1,-1
1453,37,149,153,47,44,-1,-1,-1
1453,38,434,120,41,21,-1,-1,-1
1454,37,149,153,47,44,-1,-1,-1
1454,38,434,120,41,21,-1,-1,-1
1455,37,149,153,47,44,-1,-1,-1
1455,38,434,120,41,21,-1,-1,-1
1456,37,149,153,47,44,-1,-1,-1
1456,38,434,120,41,21,-1,-1,-1
1457,37,149,153,47,44,-1,-1,-1
1457,38,434,120,41,21,-1,-1,-1
1458,37,149,153,47,44,-1,-1,-1
1458,38,434,120,41,21,-1,-1,-1
1459,37,149,153,47,44,-1,-1,-1
1459,38,434,120,41,21,-1,-1,-1
1460,37,149,153,47,44,-1,-1,-1
1460,38,434,120,41,21,-1,-1,-1
1461,37,149,153,47,44,-1,-1,-1
1461,38,434,120,41,21,-1,-1,-1
1462,37,149,153,47,44,-1,-1,-1
1462,38,434,120,41,21,-1,-1,-1
1463,37,149,153,47,44,-1,-1,-1
1463,38,434,120,41,21,-1,-1,-1
1464,37,149,153,48,45,-1,-1,-1
1464,38,434,119,41,21,-1,-1,-1
1465,37,149,153,48,45,-1,-1,-1
1465,38,434,119,41,21,-1,-1,-1
1466,37,149,153,48,45,-1,-1,-1
1466,38,434,119,41,21,-1,-1,-1
1467,37,149,153,48,45,-1,-1,-1
1467,38,434,119,41,21,-1,-1,-1
1469,39,240,79,26,14,-1,-1,-1
1470,39,239,78,26,14,-1,-1,-1
1471,39,238,78,25,14,-1,-1,-1
1474,41,311,101,29,13,-1,-1,-1
1475,41,305,99,28,13,-1,-1,-1
1476,41,300,98,28,13,-1,-1,-1
1477,40,241,83,22,12,-1,-1,-1
1477,41,293,96,28,13,-1,-1,-1
1478,40,238,82,22,12,-1,-1,-1
1478,41,286,94,27,13,-1,-1,-1
1479,40,237,82,22,12,-1,-1,-1
1479,41,280,93,27,13,-1,-1,-1
1480,40,236,81,22,12,-1,-1,-1
1480,41,273,91,26,13,-1,-1,-1
1481,41,266,89,26,13,-1,-1,-1
1482,41,260,88,26,13,-1,-1,-1
1483,41,257,87,25,12,-1,-1,-1
1484,41,254,87,25,12,-1,-1,-1
1484,42,352,110,35,17,-1,-1,-1
1485,42,344,107,34,17,-1,-1,-1
1486,42,338,105,33,16,-1,-1,-1
1487,42,329,103,31,15,-1,-1,-1
1488,42,320,101,30,15,-1,-1,-1
1489,42,312,99,29,14,-1,-1,-1
1490,42,304,97,28,14,-1,-1,-1
1491,42,296,96,28,14,-1,-1,-1
1492,42,288,93,27,14,-1,-1,-1
1493,42,280,91,26,14,-1,-1,-1
1494,42,272,88,26,15,-1,-1,-1
1494,43,377,107,34,18,-1,-1,-1
1495,42,269,88,26,15,-1,-1,-1
1495,43,369,105,34,17,-1,-1,-1
1496,42,267,87,26,15,-1,-1,-1
1496,43,363,103,33,17,-1,-1,-1
1497,43,355,101,33,17,-1,-1,-1
1498,43,346,99,33,17,-1,-1,-1
1499,43,339,97,32,17,-1,-1,-1
1500,43,330,96,31,17,-1,-1,-1
1501,43,323,95,29,16,-1,-1,-1
1502,43,315,93,28,16,-1,-1,-1
1503,43,308,91,28,16,-1,-1,-1
1504,43,301,89,27,16,-1,-1,-1
1505,43,295,87,27,16,-1,-1,-1
1506,43,290,86,27,16,-1,-1,-1
1507,43,285,85,27,16,-1,-1,-1
1507,44,129,107,32,23,-1,-1,-1
1508,43,282,85,27,16,-1,-1,-1
1508,44,129,107,33,24,-1,-1,-1
1509,43,281,85,27,15,-1,-1,-1
1509,44,129,108,33,25,-1,-1,-1
1541,45,134,156,33,30,-1,-1,-1
1542,45,135,158,34,32,-1,-1,-1
1543,45,136,159,34,32,-1,-1,-1
1586,46,332,98,32,16,-1,-1,-1
1587,46,327,97,32,17,-1,-1,-1
1588,46,322,96,32,17,-1,-1,-1
1589,46,319,95,32,17,-1,-1,-1
1590,46,317,95,32,17,-1,-1,-1
1591,47,381,85,31,18,-1,-1,-1
1592,47,378,84,32,18,-1,-1,-1
1592,48,130,142,28,23,-1,-1,-1
1593,47,377,84,32,18,-1,-1,-1
1593,48,131,146,29,24,-1,-1,-1
1594,48,132,147,30,24,-1,-1,-1
1594,49,280,84,27,17,-1,-1,-1
1595,48,132,148,31,24,-1,-1,-1
1595,49,276,83,26,17,-1,-1,-1
1596,49,273,83,26,16,-1,-1,-1
1597,49,269,82,26,16,-1,-1,-1
1598,49,265,81,26,15,-1,-1,-1
1599,49,260,81,26,14,-1,-1,-1
1600,49,258,81,26,14,-1,-1,-1
1601,49,257,80,26,14,-1,-1,-1
1602,46,348,100,32,17,-1,-1,-1
1603,46,342,99,31,16,-1,-1,-1
1604,46,338,99,30,16,-1,-1,-1
1605,46,331,98,30,15,-1,-1,-1
1606,46,326,97,29,14,-1,-1,-1
1607,46,322,96,29,14,-1,-1,-1
1608,46,321,96,28,14,-1,-1,-1
1618,51,250,85,30,15,-1,-1,-1
1619,51,250,85,30,15,-1,-1,-1
1620,51,250,85,30,15,-1,-1,-1
1621,51,250,85,30,15,-1,-1,-1
1622,51,250,85,30,15,-1,-1,-1
1623,51,250,85,30,15,-1,-1,-1
1624,51,250,85,30,15,-1,-1,-1
1625,51,250,85,30,15,-1,-1,-1
1626,51,250,85,30,15,-1,-1,-1
1627,51,250,85,30,15,-1,-1,-1
1628,51,250,85,30,15,-1,-1,-1
1629,51,250,85,30,15,-1,-1,-1
1630,51,250,85,30,15,-1,-1,-1
1631,51,250,85,30,15,-1,-1,-1
1632,51,250,85,30,15,-1,-1,-1
1633,51,250,85,30,15,-1,-1,-1
1634,51,250,85,30,15,-1,-1,-1
1635,51,250,85,30,15,-1,-1,-1
1636,51,250,85,30,15,-1,-1,-1
1637,51,250,85,30,15,-1,-1,-1
1638,51,250,85,30,15,-1,-1,-1
1640,52,347,99,41,20,-1,-1,-1
1641,52,339,97,40,19,-1,-1,-1
1642,52,334,96,39,19,-1,-1,-1
1643,52,327,95,38,19,-1,-1,-1
1644,52,321,94,36,18,-1,-1,-1
1645,52,315,92,34,18,-1,-1,-1
1646,52,308,91,33,17,-1,-1,-1
1647,52,301,89,32,17,-1,-1,-1
1648,52,295,87,32,17,-1,-1,-1
1649,52,289,86,31,17,-1,-1,-1
1650,52,283,84,31,17,-1,-1,-1
1650,54,155,59,35,23,-1,-1,-1
1651,52,277,82,30,17,-1,-1,-1
1651,54,154,58,35,23,-1,-1,-1
1652,52,275,82,30,18,-1,-1,-1
1652,54,153,58,35,23,-1,-1,-1
1653,52,273,81,30,18,-1,-1,-1
1653,54,151,58,35,23,-1,-1,-1
1654,54,149,57,35,23,-1,-1,-1
1655,54,148,57,35,23,-1,-1,-1
1656,54,146,57,35,23,-1,-1,-1
1657,54,144,56,35,23,-1,-1,-1
1658,54,142,56,36,23,-1,-1,-1
1659,54,140,55,36,23,-1,-1,-1
1660,54,138,55,36,23,-1,-1,-1
1661,54,136,54,36,22,-1,-1,-1
1662,54,134,54,36,22,-1,-1,-1
1663,54,132,53,36,22,-1,-1,-1
1664,54,130,53,37,22,-1,-1,-1
1665,52,282,84,30,18,-1,-1,-1
1665,54,128,52,37,22,-1,-1,-1
1666,52,278,83,29,18,-1,-1,-1
1666,54,126,52,37,22,-1,-1,-1
1667,52,277,82,29,18,-1,-1,-1
1667,54,124,51,37,22,-1,-1,-1
1668,52,276,82,29,18,-1,-1,-1
1668,54,123,51,38,22,-1,-1,-1
1669,54,122,51,38,22,-1,-1,-1
1670,54,120,50,39,23,-1,-1,-1
1671,54,118,49,39,23,-1,-1,-1
1672,54,116,49,40,23,-1,-1,-1
1672,55,102,92,32,25,-1,-1,-1
1673,54,115,48,41,24,-1,-1,-1
1673,55,102,92,32,25,-1,-1,-1
1674,54,115,48,41,24,-1,-1,-1
1674,55,102,92,32,25,-1,-1,-1
1685,56,290,91,42,21,-1,-1,-1
1686,56,289,91,42,21,-1,-1,-1
1687,56,289,91,42,21,-1,-1,-1
1727,57,196,40,35,34,-1,-1,-1
1728,57,195,40,35,35,-1,-1,-1
1729,57,195,40,35,35,-1,-1,-1
1730,57,195,41,35,35,-1,-1,-1
1731,57,195,41,35,35,-1,-1,-1
1732,57,195,41,35,35,-1,-1,-1
1733,57,195,41,35,35,-1,-1,-1
1859,58,452,125,40,22,-1,-1,-1
1860,58,451,125,41,22,-1,-1,-1
1861,58,452,125,40,21,-1,-1,-1
1862,58,452,125,39,21,-1,-1,-1
1863,58,453,125,38,21,-1,-1,-1
1864,58,453,125,37,20,-1,-1,-1
1865,58,454,125,36,20,-1,-1,-1
1866,58,454,125,35,19,-1,-1,-1
1867,58,454,125,36,19,-1,-1,-1
1876,59,253,81,32,16,-1,-1,-1
1877,59,250,81,31,15,-1,-1,-1
1878,59,246,80,31,15,-1,-1,-1
1879,59,243,80,30,14,-1,-1,-1
1880,59,242,79,31,14,-1,-1,-1
1958,60,113,48,42,22,-1,-1,-1
1959,60,113,47,42,22,-1,-1,-1
1960,60,113,47,41,22,-1,-1,-1
1961,60,112,47,41,22,-1,-1,-1
1962,60,112,46,41,22,-1,-1,-1
1963,60,111,46,40,22,-1,-1,-1
1964,60,110,46,40,22,-1,-1,-1
1965,60,109,46,39,22,-1,-1,-1
1966,60,109,45,39,22,-1,-1,-1
1967,60,108,45,38,22,-1,-1,-1
1968,60,107,45,38,22,-1,-1,-1
1969,60,107,45,38,22,-1,-1,-1
1970,60,106,46,38,22,-1,-1,-1
1971,60,105,46,38,21,-1,-1,-1
1972,60,105,46,39,21,-1,-1,-1
1973,60,105,46,39,21,-1,-1,-1
1974,60,105,46,39,22,-1,-1,-1
1975,60,105,46,38,22,-1,-1,-1
1976,60,104,46,38,21,-1,-1,-1
1977,60,103,46,37,21,-1,-1,-1
1978,60,102,46,37,21,-1,-1,-1
1979,60,102,46,37,21,-1,-1,-1
1980,60,102,45,37,21,-1,-1,-1
1981,60,101,45,37,21,-1,-1,-1
1982,60,100,45,38,21,-1,-1,-1
1983,60,99,45,38,21,-1,-1,-1
1984,60,98,45,39,21,-1,-1,-1
1985,60,97,45,39,21,-1,-1,-1
1986,60,96,45,40,22,-1,-1,-1
1987,60,95,45,40,22,-1,-1,-1
1988,60,94,45,41,22,-1,-1,-1
1989,60,93,45,41,22,-1,-1,-1
1990,60,92,45,41,22,-1,-1,-1
1991,60,92,45,41,22,-1,-1,-1
1992,60,92,45,41,21,-1,-1,-1
1993,60,92,45,40,21,-1,-1,-1
2060,61,82,91,33,24,-1,-1,-1
2061,61,82,92,33,24,-1,-1,-1
2062,61,83,93,33,24,-1,-1,-1
2063,61,84,94,33,24,-1,-1,-1
2064,61,86,96,33,25,-1,-1,-1
2065,61,88,98,33,27,-1,-1,-1
2066,61,90,101,33,30,-1,-1,-1
2067,61,93,103,33,31,-1,-1,-1
2068,61,95,105,33,32,-1,-1,-1
2069,61,97,107,34,33,-1,-1,-1
2070,61,100,109,34,33,-1,-1,-1
2071,61,102,112,35,33,-1,-1,-1
2072,61,104,114,35,33,-1,-1,-1
2073,61,104,115,35,34,-1,-1,-1
2076,62,106,48,44,20,-1,-1,-1
2077,62,106,48,45,20,-1,-1,-1
2078,62,107,48,45,20,-1,-1,-1
2079,62,107,48,45,20,-1,-1,-1
2080,62,106,48,45,20,-1,-1,-1
2081,62,106,48,44,20,-1,-1,-1
2082,62,106,47,44,20,-1,-1,-1
