4,1,526,96,20,14,-1,-1,-1
5,1,525,95,20,14,-1,-1,-1
6,1,524,95,20,13,-1,-1,-1
7,1,522,95,20,13,-1,-1,-1
8,1,521,95,20,13,-1,-1,-1
9,1,519,95,20,14,-1,-1,-1
10,1,517,95,20,14,-1,-1,-1
11,1,515,95,20,14,-1,-1,-1
12,1,513,95,21,14,-1,-1,-1
13,1,511,95,21,14,-1,-1,-1
14,1,509,95,21,14,-1,-1,-1
15,1,507,95,22,14,-1,-1,-1
16,1,505,95,22,14,-1,-1,-1
17,1,502,96,22,15,-1,-1,-1
18,1,500,96,23,15,-1,-1,-1
19,1,497,96,23,15,-1,-1,-1
20,1,496,96,23,15,-1,-1,-1
21,1,494,96,22,15,-1,-1,-1
22,1,491,97,22,15,-1,-1,-1
23,1,489,97,22,15,-1,-1,-1
24,1,487,97,22,15,-1,-1,-1
25,1,484,98,23,15,-1,-1,-1
26,1,481,98,23,15,-1,-1,-1
27,1,478,98,24,16,-1,-1,-1
28,1,476,98,24,16,-1,-1,-1
29,1,472,98,25,16,-1,-1,-1
30,1,469,98,27,17,-1,-1,-1
31,1,466,99,27,17,-1,-1,-1
32,1,463,99,27,17,-1,-1,-1
33,1,460,100,27,17,-1,-1,-1
34,1,457,100,27,17,-1,-1,-1
35,1,454,100,27,17,-1,-1,-1
36,1,451,100,27,17,-1,-1,-1
37,1,447,100,28,18,-1,-1,-1
38,1,443,100,29,18,-1,-1,-1
39,1,439,101,30,18,-1,-1,-1
40,1,435,101,31,18,-1,-1,-1
41,1,431,102,31,18,-1,-1,-1
42,1,427,102,32,19,-1,-1,-1
43,1,422,103,34,20,-1,-1,-1
44,1,418,103,35,20,-1,-1,-1
45,1,413,104,36,20,-1,-1,-1
46,1,409,104,36,20,-1,-1,-1
47,1,403,105,38,21,-1,-1,-1
48,1,397,105,39,21,-1,-1,-1
49,1,391,105,40,22,-1,-1,-1
50,1,385,106,42,22,-1,-1,-1
51,1,379,107,43,22,-1,-1,-1
52,1,373,108,44,21,-1,-1,-1
52,2,491,136,18,13,-1,-1,-1
53,1,366,109,45,21,-1,-1,-1
53,2,494,135,18,13,-1,-1,-1
54,1,360,110,45,21,-1,-1,-1
54,2,497,134,19,13,-1,-1,-1
55,1,353,110,47,23,-1,-1,-1
55,2,500,132,19,13,-1,-1,-1
56,1,347,110,49,24,-1,-1,-1
56,2,502,132,19,13,-1,-1,-1
57,1,339,110,52,25,-1,-1,-1
57,2,503,131,19,13,-1,-1,-1
58,1,332,110,53,26,-1,-1,-1
59,1,324,110,55,28,-1,-1,-1
60,1,317,111,57,28,-1,-1,-1
61,1,310,112,58,29,-1,-1,-1
61,6,201,208,110,67,-1,-1,-1
62,1,302,113,59,30,-1,-1,-1
62,6,219,202,106,67,-1,-1,-1
63,1,294,113,61,31,-1,-1,-1
63,6,234,199,100,65,-1,-1,-1
64,1,285,114,63,32,-1,-1,-1
64,6,254,195,93,61,-1,-1,-1
65,1,275,114,64,33,-1,-1,-1
65,6,273,191,88,57,-1,-1,-1
66,1,267,116,62,33,-1,-1,-1
66,6,292,186,84,54,-1,-1,-1
67,1,258,117,62,33,-1,-1,-1
67,6,307,181,80,52,-1,-1,-1
68,1,248,118,63,33,-1,-1,-1
68,6,323,177,77,50,-1,-1,-1
69,1,235,119,65,35,-1,-1,-1
69,6,337,172,73,49,-1,-1,-1
70,1,222,120,67,35,-1,-1,-1
70,6,350,168,70,47,-1,-1,-1
71,1,209,122,68,37,-1,-1,-1
71,6,362,165,67,45,-1,-1,-1
72,1,195,124,71,37,-1,-1,-1
72,6,373,162,65,44,-1,-1,-1
73,1,181,126,73,37,-1,-1,-1
73,6,384,159,63,43,-1,-1,-1
74,1,166,129,75,36,-1,-1,-1
74,6,394,157,61,41,-1,-1,-1
75,1,151,131,76,36,-1,-1,-1
75,6,404,154,58,39,-1,-1,-1
76,1,143,132,77,36,-1,-1,-1
76,6,413,152,55,38,-1,-1,-1
77,1,137,132,79,37,-1,-1,-1
77,6,422,150,52,36,-1,-1,-1
78,6,430,148,51,35,-1,-1,-1
79,6,438,146,49,35,-1,-1,-1
80,6,445,144,47,34,-1,-1,-1
81,6,454,142,43,33,-1,-1,-1
82,6,460,140,39,32,-1,-1,-1
83,6,467,139,37,31,-1,-1,-1
84,6,473,138,35,30,-1,-1,-1
85,6,478,136,35,29,-1,-1,-1
86,3,464,142,21,16,-1,-1,-1
86,6,483,135,34,28,-1,-1,-1
87,3,468,140,21,16,-1,-1,-1
87,6,488,134,34,27,-1,-1,-1
88,3,472,138,20,16,-1,-1,-1
88,6,493,132,33,26,-1,-1,-1
89,3,478,136,19,16,-1,-1,-1
89,6,497,131,31,26,-1,-1,-1
90,3,483,134,19,17,-1,-1,-1
90,6,503,130,29,25,-1,-1,-1
91,3,488,132,18,16,-1,-1,-1
91,6,508,129,28,24,-1,-1,-1
92,3,493,131,18,15,-1,-1,-1
92,6,513,128,27,24,-1,-1,-1
93,3,497,131,17,15,-1,-1,-1
93,6,517,127,26,23,-1,-1,-1
94,3,502,130,17,15,-1,-1,-1
94,6,520,125,26,23,-1,-1,-1
95,3,504,130,17,14,-1,-1,-1
95,6,523,124,26,22,-1,-1,-1
96,3,505,129,17,14,-1,-1,-1
96,6,526,123,26,22,-1,-1,-1
97,6,530,122,25,21,-1,-1,-1
98,4,522,124,15,13,-1,-1,-1
98,6,533,121,25,22,-1,-1,-1
99,4,524,123,15,13,-1,-1,-1
99,6,536,121,25,21,-1,-1,-1
100,4,526,123,15,12,-1,-1,-1
100,6,539,120,25,21,-1,-1,-1
101,4,529,122,15,12,-1,-1,-1
101,5,469,150,22,16,-1,-1,-1
101,6,542,120,25,21,-1,-1,-1
102,4,531,121,16,13,-1,-1,-1
102,5,474,149,21,16,-1,-1,-1
102,6,544,119,24,21,-1,-1,-1
103,4,534,120,16,13,-1,-1,-1
103,5,478,147,21,16,-1,-1,-1
103,6,547,118,24,20,-1,-1,-1
104,4,535,119,17,13,-1,-1,-1
104,5,484,145,20,16,-1,-1,-1
104,6,549,118,24,20,-1,-1,-1
105,4,536,119,17,13,-1,-1,-1
105,5,489,143,19,16,-1,-1,-1
105,6,552,117,24,19,-1,-1,-1
106,5,494,142,19,16,-1,-1,-1
106,6,554,117,23,18,-1,-1,-1
107,5,499,140,19,15,-1,-1,-1
107,6,556,116,24,17,-1,-1,-1
108,5,504,139,18,15,-1,-1,-1
108,6,558,116,24,17,-1,-1,-1
109,5,509,137,18,15,-1,-1,-1
109,6,559,115,24,17,-1,-1,-1
110,5,513,135,18,15,-1,-1,-1
110,6,561,115,23,17,-1,-1,-1
111,5,517,134,18,15,-1,-1,-1
111,6,562,115,24,17,-1,-1,-1
112,5,518,133,18,15,-1,-1,-1
112,6,564,114,23,17,-1,-1,-1
113,5,520,133,18,15,-1,-1,-1
113,6,565,114,23,17,-1,-1,-1
114,6,568,113,23,17,-1,-1,-1
115,6,569,112,23,17,-1,-1,-1
116,6,571,111,23,17,-1,-1,-1
117,6,573,110,23,17,-1,-1,-1
118,6,575,109,22,17,-1,-1,-1
119,6,576,109,22,17,-1,-1,-1
120,6,577,109,22,16,-1,-1,-1
121,6,579,108,21,16,-1,-1,-1
122,6,581,108,21,16,-1,-1,-1
123,6,583,108,20,15,-1,-1,-1
124,6,584,107,20,15,-1,-1,-1
125,6,585,107,20,15,-1,-1,-1
126,6,586,107,20,15,-1,-1,-1
129,7,494,103,17,10,-1,-1,-1
130,7,493,103,17,10,-1,-1,-1
130,8,593,106,19,14,-1,-1,-1
131,7,493,103,17,11,-1,-1,-1
131,8,594,106,19,14,-1,-1,-1
131,9,446,156,23,17,-1,-1,-1
132,8,595,106,19,14,-1,-1,-1
132,9,451,154,22,17,-1,-1,-1
133,8,596,105,18,14,-1,-1,-1
133,9,456,153,22,17,-1,-1,-1
134,8,597,105,18,14,-1,-1,-1
134,9,462,151,21,16,-1,-1,-1
135,8,598,104,18,14,-1,-1,-1
135,9,468,149,21,16,-1,-1,-1
136,8,599,104,17,14,-1,-1,-1
136,9,474,147,20,15,-1,-1,-1
137,8,600,103,17,14,-1,-1,-1
137,9,481,146,19,15,-1,-1,-1
138,8,601,103,17,14,-1,-1,-1
138,9,487,144,19,15,-1,-1,-1
139,8,602,102,17,15,-1,-1,-1
139,9,492,142,19,15,-1,-1,-1
140,8,602,102,17,15,-1,-1,-1
140,9,498,140,18,15,-1,-1,-1
141,9,503,138,18,15,-1,-1,-1
142,9,508,136,17,15,-1,-1,-1
143,9,513,135,18,15,-1,-1,-1
144,9,517,133,18,15,-1,-1,-1
145,9,521,131,18,15,-1,-1,-1
145,11,453,110,17,12,-1,-1,-1
146,9,525,130,19,15,-1,-1,-1
146,11,451,111,17,12,-1,-1,-1
147,9,528,129,19,14,-1,-1,-1
147,11,449,111,17,12,-1,-1,-1
148,9,532,128,19,14,-1,-1,-1
148,11,446,111,18,12,-1,-1,-1
149,9,535,127,19,13,-1,-1,-1
149,11,443,112,18,13,-1,-1,-1
150,9,537,126,19,13,-1,-1,-1
150,11,440,112,18,13,-1,-1,-1
151,9,541,125,20,13,-1,-1,-1
151,11,437,113,19,13,-1,-1,-1
152,9,544,125,19,13,-1,-1,-1
152,11,435,113,19,13,-1,-1,-1
153,9,548,124,19,13,-1,-1,-1
153,11,432,113,19,13,-1,-1,-1
154,9,549,124,19,13,-1,-1,-1
154,11,429,114,18,13,-1,-1,-1
155,9,550,123,19,13,-1,-1,-1
155,10,477,148,21,16,-1,-1,-1
155,11,425,115,18,13,-1,-1,-1
156,10,481,146,21,16,-1,-1,-1
156,11,422,115,18,13,-1,-1,-1
157,10,485,145,20,16,-1,-1,-1
157,11,418,116,18,12,-1,-1,-1
158,10,490,143,20,16,-1,-1,-1
158,11,414,117,18,12,-1,-1,-1
159,10,495,141,20,16,-1,-1,-1
159,11,410,118,18,12,-1,-1,-1
160,10,500,140,19,16,-1,-1,-1
160,11,407,118,18,13,-1,-1,-1
161,10,502,139,19,15,-1,-1,-1
161,11,403,118,18,13,-1,-1,-1
162,10,504,139,18,15,-1,-1,-1
162,11,400,119,18,13,-1,-1,-1
163,11,396,119,18,13,-1,-1,-1
164,11,393,120,18,13,-1,-1,-1
165,11,389,121,18,13,-1,-1,-1
166,11,384,122,18,13,-1,-1,-1
167,11,380,122,19,13,-1,-1,-1
168,11,375,123,20,13,-1,-1,-1
169,11,370,124,20,13,-1,-1,-1
170,11,366,126,21,13,-1,-1,-1
171,11,361,127,20,13,-1,-1,-1
172,11,357,128,20,13,-1,-1,-1
173,11,353,129,20,13,-1,-1,-1
174,11,348,129,21,13,-1,-1,-1
175,11,343,130,22,13,-1,-1,-1
176,11,338,131,22,14,-1,-1,-1
177,11,333,131,22,14,-1,-1,-1
178,11,327,132,23,14,-1,-1,-1
179,11,321,132,23,15,-1,-1,-1
180,11,315,133,24,15,-1,-1,-1
181,11,310,133,24,16,-1,-1,-1
182,11,304,134,24,16,-1,-1,-1
183,11,298,136,25,16,-1,-1,-1
184,11,291,137,26,16,-1,-1,-1
185,11,285,138,26,15,-1,-1,-1
186,11,279,140,26,16,-1,-1,-1
187,11,273,141,27,16,-1,-1,-1
188,11,267,141,28,16,-1,-1,-1
189,11,260,142,28,16,-1,-1,-1
190,11,254,143,28,16,-1,-1,-1
191,11,248,144,28,17,-1,-1,-1
192,11,241,145,28,18,-1,-1,-1
193,11,234,146,29,18,-1,-1,-1
194,11,227,147,29,19,-1,-1,-1
195,11,219,149,30,19,-1,-1,-1
196,11,210,150,32,19,-1,-1,-1
197,11,202,151,34,20,-1,-1,-1
198,11,193,151,36,21,-1,-1,-1
199,11,187,152,36,22,-1,-1,-1
200,11,179,153,35,22,-1,-1,-1
201,11,173,154,34,22,-1,-1,-1
202,11,166,156,33,22,-1,-1,-1
203,11,160,157,32,22,-1,-1,-1
204,11,153,159,33,22,-1,-1,-1
205,11,144,160,34,22,-1,-1,-1
206,11,136,162,35,22,-1,-1,-1
207,11,128,164,36,22,-1,-1,-1
208,11,119,165,37,22,-1,-1,-1
209,11,110,167,38,22,-1,-1,-1
210,11,101,168,38,23,-1,-1,-1
211,11,93,169,38,23,-1,-1,-1
212,11,85,170,38,23,-1,-1,-1
213,11,76,171,40,25,-1,-1,-1
214,11,67,172,42,26,-1,-1,-1
215,11,59,172,42,28,-1,-1,-1
216,11,51,174,42,29,-1,-1,-1
217,11,43,175,43,29,-1,-1,-1
218,11,34,176,45,30,-1,-1,-1
219,11,26,177,46,32,-1,-1,-1
220,11,20,178,44,32,-1,-1,-1
221,11,16,180,41,33,-1,-1,-1
222,11,12,182,38,31,-1,-1,-1
223,11,9,184,35,31,-1,-1,-1
224,11,7,185,33,30,-1,-1,-1
225,11,6,185,32,30,-1,-1,-1
225,12,478,145,23,18,-1,-1,-1
226,12,483,143,22,18,-1,-1,-1
227,12,487,141,22,18,-1,-1,-1
228,12,492,140,22,18,-1,-1,-1
229,12,495,139,22,18,-1,-1,-1
230,12,497,138,21,18,-1,-1,-1
264,13,443,157,27,21,-1,-1,-1
265,13,449,155,25,20,-1,-1,-1
266,13,454,154,25,19,-1,-1,-1
267,13,461,152,24,18,-1,-1,-1
268,13,467,150,23,17,-1,-1,-1
269,13,474,148,22,17,-1,-1,-1
270,13,481,146,21,17,-1,-1,-1
271,13,488,143,20,16,-1,-1,-1
272,13,494,141,20,16,-1,-1,-1
273,13,497,140,20,16,-1,-1,-1
274,13,499,140,19,16,-1,-1,-1
275,14,425,161,23,18,-1,-1,-1
276,14,425,159,22,18,-1,-1,-1
277,14,426,158,22,17,-1,-1,-1
278,16,501,98,17,13,-1,-1,-1
279,16,499,98,17,13,-1,-1,-1
280,16,498,98,17,13,-1,-1,-1
281,16,496,99,17,13,-1,-1,-1
282,16,495,99,17,13,-1,-1,-1
283,16,492,99,17,13,-1,-1,-1
284,16,490,100,17,13,-1,-1,-1
285,16,487,101,16,13,-1,-1,-1
286,16,485,101,16,13,-1,-1,-1
287,16,482,102,16,13,-1,-1,-1
288,16,480,102,16,13,-1,-1,-1
289,15,507,129,16,13,-1,-1,-1
289,16,477,102,16,13,-1,-1,-1
290,15,508,129,16,13,-1,-1,-1
290,16,474,102,16,13,-1,-1,-1
291,15,508,129,16,13,-1,-1,-1
291,16,471,102,17,14,-1,-1,-1
292,16,467,102,18,14,-1,-1,-1
293,16,464,103,18,14,-1,-1,-1
294,16,461,103,19,14,-1,-1,-1
295,16,457,103,19,14,-1,-1,-1
296,16,454,103,19,14,-1,-1,-1
296,17,428,151,28,18,-1,-1,-1
296,18,5,309,34,34,-1,-1,-1
297,16,451,104,19,14,-1,-1,-1
297,17,434,150,27,17,-1,-1,-1
297,18,7,309,40,38,-1,-1,-1
298,16,448,105,19,14,-1,-1,-1
298,17,439,148,26,17,-1,-1,-1
298,18,8,308,45,41,-1,-1,-1
298,19,551,126,17,13,-1,-1,-1
299,16,444,106,19,14,-1,-1,-1
299,17,446,147,25,16,-1,-1,-1
299,18,10,308,54,45,-1,-1,-1
299,19,553,125,17,13,-1,-1,-1
300,16,441,106,19,14,-1,-1,-1
300,17,453,145,24,16,-1,-1,-1
300,18,12,308,61,48,-1,-1,-1
300,19,554,125,17,13,-1,-1,-1
301,16,438,107,19,14,-1,-1,-1
301,17,460,143,23,16,-1,-1,-1
301,18,17,309,68,50,-1,-1,-1
301,19,554,124,18,13,-1,-1,-1
302,16,434,107,19,15,-1,-1,-1
302,17,463,142,23,16,-1,-1,-1
302,18,23,311,74,52,-1,-1,-1
302,19,555,124,18,13,-1,-1,-1
303,16,430,108,19,15,-1,-1,-1
303,17,466,141,22,16,-1,-1,-1
303,18,33,313,79,53,-1,-1,-1
304,16,426,108,20,15,-1,-1,-1
304,18,44,316,83,54,-1,-1,-1
305,16,422,108,20,16,-1,-1,-1
305,18,56,320,85,54,-1,-1,-1
305,20,492,133,20,15,-1,-1,-1
306,16,417,109,21,16,-1,-1,-1
306,18,67,324,88,56,-1,-1,-1
306,20,496,132,20,15,-1,-1,-1
307,16,412,109,22,16,-1,-1,-1
307,18,82,329,90,55,-1,-1,-1
307,20,498,131,20,15,-1,-1,-1
308,16,407,110,22,16,-1,-1,-1
308,18,97,334,91,54,-1,-1,-1
308,20,500,130,20,15,-1,-1,-1
309,16,402,110,23,16,-1,-1,-1
309,18,113,339,94,53,-1,-1,-1
309,20,501,130,20,15,-1,-1,-1
310,16,397,111,23,16,-1,-1,-1
310,18,131,342,99,54,-1,-1,-1
311,16,391,111,24,16,-1,-1,-1
311,18,139,343,101,55,-1,-1,-1
311,21,519,125,19,15,-1,-1,-1
312,16,386,112,25,17,-1,-1,-1
312,18,146,344,102,55,-1,-1,-1
312,21,520,125,19,15,-1,-1,-1
313,16,380,112,25,17,-1,-1,-1
313,21,520,125,19,15,-1,-1,-1
314,16,375,113,26,17,-1,-1,-1
315,16,369,114,25,17,-1,-1,-1
316,16,364,115,25,17,-1,-1,-1
317,16,357,115,25,17,-1,-1,-1
318,16,350,116,25,17,-1,-1,-1
319,16,343,117,26,18,-1,-1,-1
320,16,336,118,26,18,-1,-1,-1
321,16,328,119,27,18,-1,-1,-1
322,16,320,120,27,18,-1,-1,-1
323,16,312,121,28,19,-1,-1,-1
324,16,303,122,28,20,-1,-1,-1
325,16,299,123,28,20,-1,-1,-1
326,16,296,123,28,20,-1,-1,-1
329,22,247,128,32,24,-1,-1,-1
330,22,239,129,32,24,-1,-1,-1
331,22,236,129,32,24,-1,-1,-1
332,22,232,130,33,24,-1,-1,-1
373,23,443,112,20,13,-1,-1,-1
374,23,440,112,19,13,-1,-1,-1
375,23,438,112,19,13,-1,-1,-1
376,23,434,113,18,13,-1,-1,-1
377,23,432,113,18,13,-1,-1,-1
378,23,430,114,18,13,-1,-1,-1
395,24,299,134,23,14,-1,-1,-1
396,24,296,134,24,14,-1,-1,-1
397,24,294,134,24,14,-1,-1,-1
427,25,419,112,19,14,-1,-1,-1
428,25,415,112,19,14,-1,-1,-1
428,27,473,147,22,17,-1,-1,-1
429,25,415,113,19,14,-1,-1,-1
429,27,477,145,21,17,-1,-1,-1
430,25,413,113,19,14,-1,-1,-1
430,27,481,144,21,16,-1,-1,-1
431,27,487,142,21,17,-1,-1,-1
432,26,394,116,19,13,-1,-1,-1
432,27,492,141,21,16,-1,-1,-1
433,26,390,116,19,13,-1,-1,-1
433,27,497,139,20,16,-1,-1,-1
434,26,386,116,19,13,-1,-1,-1
434,27,502,138,20,16,-1,-1,-1
435,26,382,117,19,13,-1,-1,-1
435,27,506,136,20,16,-1,-1,-1
436,26,377,117,20,13,-1,-1,-1
436,27,511,134,20,16,-1,-1,-1
437,26,374,118,20,13,-1,-1,-1
437,27,515,133,20,15,-1,-1,-1
438,26,372,118,20,13,-1,-1,-1
438,27,517,132,20,15,-1,-1,-1
439,27,518,132,20,15,-1,-1,-1
442,28,333,125,21,14,-1,-1,-1
443,28,327,125,21,14,-1,-1,-1
444,28,321,126,21,14,-1,-1,-1
445,28,314,127,22,15,-1,-1,-1
446,28,307,128,22,15,-1,-1,-1
447,28,299,129,23,15,-1,-1,-1
448,28,290,130,23,15,-1,-1,-1
449,28,286,131,23,15,-1,-1,-1
450,28,283,131,23,15,-1,-1,-1
480,29,478,102,17,12,-1,-1,-1
481,29,476,102,18,12,-1,-1,-1
482,29,474,102,19,12,-1,-1,-1
483,29,473,102,19,12,-1,-1,-1
484,29,472,102,19,12,-1,-1,-1
488,30,455,103,21,14,-1,-1,-1
489,30,453,103,20,14,-1,-1,-1
490,30,451,103,20,14,-1,-1,-1
491,30,449,103,21,15,-1,-1,-1
492,30,446,103,22,15,-1,-1,-1
493,30,443,104,22,15,-1,-1,-1
494,30,439,105,22,15,-1,-1,-1
495,30,436,106,23,15,-1,-1,-1
496,30,432,107,23,15,-1,-1,-1
497,30,428,107,24,15,-1,-1,-1
498,30,425,108,25,15,-1,-1,-1
499,30,421,108,25,15,-1,-1,-1
500,30,418,108,25,16,-1,-1,-1
501,30,413,108,26,17,-1,-1,-1
502,30,409,108,26,17,-1,-1,-1
503,30,405,109,26,17,-1,-1,-1
504,30,401,110,26,16,-1,-1,-1
505,30,396,111,26,16,-1,-1,-1
505,32,539,95,21,13,-1,-1,-1
506,30,392,112,27,16,-1,-1,-1
506,32,538,95,21,13,-1,-1,-1
507,30,387,113,28,15,-1,-1,-1
507,32,537,95,21,13,-1,-1,-1
508,30,381,113,29,15,-1,-1,-1
508,32,536,95,21,13,-1,-1,-1
509,30,376,114,29,16,-1,-1,-1
509,31,504,138,20,17,-1,-1,-1
509,32,535,95,21,13,-1,-1,-1
510,30,371,114,30,16,-1,-1,-1
510,31,506,137,20,17,-1,-1,-1
510,32,534,95,20,12,-1,-1,-1
511,30,366,115,30,17,-1,-1,-1
511,31,506,137,19,17,-1,-1,-1
511,32,533,95,20,12,-1,-1,-1
512,30,361,115,30,17,-1,-1,-1
512,32,532,95,19,12,-1,-1,-1
513,30,356,116,29,17,-1,-1,-1
513,32,531,95,19,12,-1,-1,-1
514,30,350,117,29,17,-1,-1,-1
514,32,530,95,18,12,-1,-1,-1
515,30,343,117,30,17,-1,-1,-1
515,32,529,96,17,12,-1,-1,-1
516,30,336,118,32,18,-1,-1,-1
516,32,528,96,16,12,-1,-1,-1
517,30,328,118,34,19,-1,-1,-1
517,32,527,96,16,12,-1,-1,-1
518,30,321,119,36,20,-1,-1,-1
518,32,526,96,16,12,-1,-1,-1
519,30,313,120,38,21,-1,-1,-1
519,32,525,96,16,12,-1,-1,-1
520,30,305,120,40,23,-1,-1,-1
520,32,523,96,16,12,-1,-1,-1
521,30,297,120,41,24,-1,-1,-1
521,32,522,96,15,12,-1,-1,-1
522,30,289,120,43,25,-1,-1,-1
522,32,521,96,15,12,-1,-1,-1
523,30,281,121,44,25,-1,-1,-1
523,32,519,96,15,13,-1,-1,-1
524,30,272,122,46,26,-1,-1,-1
524,32,517,96,15,13,-1,-1,-1
525,30,264,123,47,26,-1,-1,-1
525,32,515,96,15,13,-1,-1,-1
526,30,255,123,48,27,-1,-1,-1
526,32,513,96,16,13,-1,-1,-1
527,30,245,124,50,29,-1,-1,-1
527,32,511,96,16,13,-1,-1,-1
528,30,235,124,52,30,-1,-1,-1
528,32,508,96,16,13,-1,-1,-1
529,30,224,125,54,32,-1,-1,-1
529,32,506,97,16,13,-1,-1,-1
530,30,213,126,56,33,-1,-1,-1
530,32,504,97,16,14,-1,-1,-1
531,30,202,127,57,34,-1,-1,-1
531,32,502,97,17,14,-1,-1,-1
532,30,190,129,57,34,-1,-1,-1
532,32,499,98,17,14,-1,-1,-1
533,30,177,131,57,34,-1,-1,-1
533,32,497,98,18,14,-1,-1,-1
534,30,164,132,58,34,-1,-1,-1
534,32,496,98,18,14,-1,-1,-1
535,30,149,133,61,36,-1,-1,-1
535,32,494,98,18,14,-1,-1,-1
536,30,133,134,65,38,-1,-1,-1
536,32,492,99,18,14,-1,-1,-1
537,30,126,135,67,38,-1,-1,-1
537,32,490,99,18,14,-1,-1,-1
538,30,119,135,68,38,-1,-1,-1
538,32,488,100,18,14,-1,-1,-1
539,32,485,100,18,14,-1,-1,-1
540,32,483,100,19,14,-1,-1,-1
541,32,480,100,19,15,-1,-1,-1
542,32,477,100,20,15,-1,-1,-1
543,32,475,101,20,15,-1,-1,-1
543,33,10,152,55,42,-1,-1,-1
544,32,473,101,20,15,-1,-1,-1
544,33,9,152,57,43,-1,-1,-1
545,32,470,101,20,15,-1,-1,-1
545,33,9,153,56,42,-1,-1,-1
546,32,467,102,20,15,-1,-1,-1
547,32,464,102,20,15,-1,-1,-1
548,32,461,102,20,15,-1,-1,-1
549,32,458,102,20,15,-1,-1,-1
550,32,455,103,20,15,-1,-1,-1
551,32,452,103,20,15,-1,-1,-1
552,32,449,103,20,15,-1,-1,-1
553,32,446,103,20,15,-1,-1,-1
554,32,443,104,20,15,-1,-1,-1
555,32,439,105,21,15,-1,-1,-1
556,32,436,105,21,16,-1,-1,-1
557,32,432,106,21,16,-1,-1,-1
558,32,428,106,21,16,-1,-1,-1
559,32,424,107,21,16,-1,-1,-1
560,32,420,108,22,16,-1,-1,-1
561,32,415,108,23,17,-1,-1,-1
562,32,411,108,24,17,-1,-1,-1
563,32,407,108,24,17,-1,-1,-1
564,32,402,109,25,17,-1,-1,-1
565,32,397,109,25,17,-1,-1,-1
566,32,391,110,26,17,-1,-1,-1
567,32,386,111,27,17,-1,-1,-1
568,32,381,111,28,18,-1,-1,-1
569,32,375,111,29,18,-1,-1,-1
570,32,370,112,29,18,-1,-1,-1
571,32,365,113,29,18,-1,-1,-1
572,32,359,113,29,18,-1,-1,-1
573,32,353,114,30,19,-1,-1,-1
574,32,347,114,31,20,-1,-1,-1
575,32,340,115,31,20,-1,-1,-1
576,32,334,115,32,21,-1,-1,-1
576,35,524,96,21,13,-1,-1,-1
577,32,327,116,33,22,-1,-1,-1
577,35,523,96,20,13,-1,-1,-1
578,32,318,117,35,22,-1,-1,-1
578,35,522,96,20,13,-1,-1,-1
579,32,310,119,36,22,-1,-1,-1
579,35,521,96,20,13,-1,-1,-1
580,32,302,120,37,23,-1,-1,-1
580,35,520,96,20,13,-1,-1,-1
581,32,294,121,36,23,-1,-1,-1
581,35,517,96,20,13,-1,-1,-1
582,32,286,122,37,23,-1,-1,-1
582,35,515,96,21,13,-1,-1,-1
583,32,277,123,38,24,-1,-1,-1
583,34,462,154,22,15,-1,-1,-1
583,35,513,96,21,13,-1,-1,-1
584,32,269,124,38,24,-1,-1,-1
584,34,467,152,21,14,-1,-1,-1
584,35,511,96,21,13,-1,-1,-1
585,32,260,124,39,25,-1,-1,-1
585,34,469,152,21,14,-1,-1,-1
585,35,509,96,21,13,-1,-1,-1
586,32,249,125,41,26,-1,-1,-1
586,34,471,151,21,14,-1,-1,-1
586,35,508,96,21,14,-1,-1,-1
587,32,238,126,44,27,-1,-1,-1
587,35,507,96,20,14,-1,-1,-1
588,32,226,126,45,27,-1,-1,-1
588,35,505,96,20,14,-1,-1,-1
589,32,214,128,47,28,-1,-1,-1
589,35,503,96,20,14,-1,-1,-1
590,32,201,129,48,29,-1,-1,-1
590,35,501,96,20,14,-1,-1,-1
590,36,503,141,19,14,-1,-1,-1
591,32,188,131,49,30,-1,-1,-1
591,35,499,96,20,14,-1,-1,-1
591,36,505,141,19,14,-1,-1,-1
592,32,176,132,50,31,-1,-1,-1
592,35,497,97,20,14,-1,-1,-1
592,36,505,141,19,14,-1,-1,-1
593,32,162,133,52,32,-1,-1,-1
593,35,495,97,20,14,-1,-1,-1
594,32,147,135,54,33,-1,-1,-1
594,35,493,97,20,14,-1,-1,-1
595,32,131,137,57,35,-1,-1,-1
595,35,491,98,20,15,-1,-1,-1
596,32,115,138,59,35,-1,-1,-1
596,35,489,98,20,15,-1,-1,-1
597,32,98,141,60,36,-1,-1,-1
597,35,486,98,20,15,-1,-1,-1
598,32,82,143,61,37,-1,-1,-1
598,35,483,98,21,15,-1,-1,-1
599,32,73,144,62,37,-1,-1,-1
599,35,480,98,21,15,-1,-1,-1
600,32,69,145,62,37,-1,-1,-1
600,35,477,98,22,16,-1,-1,-1
601,35,474,98,23,16,-1,-1,-1
602,35,471,98,24,16,-1,-1,-1
603,35,468,99,25,16,-1,-1,-1
604,35,465,100,25,16,-1,-1,-1
605,35,462,100,25,16,-1,-1,-1
606,35,459,101,25,16,-1,-1,-1
607,35,456,101,26,16,-1,-1,-1
608,35,453,101,26,17,-1,-1,-1
609,35,450,101,26,17,-1,-1,-1
610,35,447,101,26,17,-1,-1,-1
611,35,444,101,27,18,-1,-1,-1
612,35,441,101,27,18,-1,-1,-1
613,35,439,101,27,18,-1,-1,-1
614,35,439,101,27,18,-1,-1,-1
615,35,439,101,27,18,-1,-1,-1
618,37,415,106,32,19,-1,-1,-1
619,37,410,106,34,20,-1,-1,-1
619,38,506,102,19,10,-1,-1,-1
620,37,406,106,35,21,-1,-1,-1
620,38,503,102,18,10,-1,-1,-1
621,37,401,106,37,21,-1,-1,-1
621,38,501,102,18,10,-1,-1,-1
621,40,551,93,17,12,-1,-1,-1
622,37,396,106,38,21,-1,-1,-1
622,38,499,102,18,10,-1,-1,-1
622,40,550,93,17,12,-1,-1,-1
623,37,391,107,38,21,-1,-1,-1
623,38,497,102,18,10,-1,-1,-1
623,40,550,93,18,12,-1,-1,-1
624,37,386,108,39,21,-1,-1,-1
624,38,494,103,18,10,-1,-1,-1
624,40,548,92,19,13,-1,-1,-1
625,37,380,108,39,21,-1,-1,-1
625,38,492,103,18,10,-1,-1,-1
625,40,547,92,19,13,-1,-1,-1
626,37,373,109,40,20,-1,-1,-1
626,38,489,104,18,10,-1,-1,-1
626,40,546,92,20,13,-1,-1,-1
627,37,367,110,41,20,-1,-1,-1
627,38,487,104,18,11,-1,-1,-1
627,40,545,92,20,13,-1,-1,-1
628,37,361,110,42,21,-1,-1,-1
628,38,484,104,18,11,-1,-1,-1
628,40,544,93,20,13,-1,-1,-1
629,37,354,110,45,22,-1,-1,-1
629,38,481,104,18,11,-1,-1,-1
629,40,542,93,20,13,-1,-1,-1
630,37,347,110,48,24,-1,-1,-1
630,38,479,104,18,11,-1,-1,-1
630,40,541,93,20,13,-1,-1,-1
631,37,340,110,51,26,-1,-1,-1
631,38,478,104,18,11,-1,-1,-1
631,40,540,93,20,13,-1,-1,-1
632,37,333,110,53,27,-1,-1,-1
632,40,539,93,20,13,-1,-1,-1
633,37,326,111,54,28,-1,-1,-1
633,40,538,93,19,14,-1,-1,-1
634,37,318,112,56,29,-1,-1,-1
634,40,537,93,19,14,-1,-1,-1
635,37,311,113,57,29,-1,-1,-1
635,39,455,109,18,12,-1,-1,-1
635,40,536,92,19,14,-1,-1,-1
636,37,303,113,59,30,-1,-1,-1
636,39,451,110,18,12,-1,-1,-1
636,40,534,92,20,15,-1,-1,-1
637,37,294,114,61,31,-1,-1,-1
637,39,448,110,19,12,-1,-1,-1
637,40,532,92,21,15,-1,-1,-1
638,37,286,114,62,32,-1,-1,-1
638,39,444,110,20,12,-1,-1,-1
638,40,530,93,21,15,-1,-1,-1
639,37,278,114,63,33,-1,-1,-1
639,39,440,111,20,13,-1,-1,-1
639,40,530,93,22,15,-1,-1,-1
640,37,270,115,62,33,-1,-1,-1
640,39,436,111,20,13,-1,-1,-1
640,40,529,93,22,15,-1,-1,-1
641,37,261,116,63,34,-1,-1,-1
641,39,432,112,19,13,-1,-1,-1
642,37,251,117,64,34,-1,-1,-1
642,39,427,112,19,13,-1,-1,-1
642,42,524,94,21,15,-1,-1,-1
643,37,240,118,66,35,-1,-1,-1
643,39,422,113,19,13,-1,-1,-1
643,42,523,94,21,15,-1,-1,-1
644,37,228,119,69,36,-1,-1,-1
644,39,416,114,19,13,-1,-1,-1
644,42,522,94,21,15,-1,-1,-1
645,37,214,120,72,36,-1,-1,-1
645,39,410,115,19,13,-1,-1,-1
645,42,520,94,21,15,-1,-1,-1
646,37,202,122,74,37,-1,-1,-1
646,39,404,116,19,13,-1,-1,-1
646,42,518,94,21,15,-1,-1,-1
647,37,188,124,74,37,-1,-1,-1
647,39,398,117,19,13,-1,-1,-1
647,42,516,94,22,15,-1,-1,-1
648,37,176,126,74,38,-1,-1,-1
648,39,391,118,20,13,-1,-1,-1
648,42,514,94,22,15,-1,-1,-1
649,37,162,128,75,38,-1,-1,-1
649,39,384,118,20,14,-1,-1,-1
649,42,512,94,22,15,-1,-1,-1
650,37,148,129,79,39,-1,-1,-1
650,39,377,120,21,14,-1,-1,-1
650,42,511,94,22,15,-1,-1,-1
651,37,132,131,82,40,-1,-1,-1
651,39,369,122,21,14,-1,-1,-1
651,42,509,94,22,15,-1,-1,-1
652,37,124,132,85,41,-1,-1,-1
652,39,366,123,21,14,-1,-1,-1
652,42,508,94,22,16,-1,-1,-1
653,37,119,132,85,41,-1,-1,-1
653,39,363,123,21,14,-1,-1,-1
653,42,506,94,23,16,-1,-1,-1
654,42,504,94,23,16,-1,-1,-1
655,42,501,94,24,16,-1,-1,-1
656,42,499,94,25,16,-1,-1,-1
657,42,497,94,25,17,-1,-1,-1
658,42,495,94,26,17,-1,-1,-1
659,42,493,94,25,17,-1,-1,-1
660,41,10,145,59,47,-1,-1,-1
660,42,491,94,25,17,-1,-1,-1
661,41,8,145,56,47,-1,-1,-1
661,42,488,94,25,17,-1,-1,-1
662,41,7,146,54,45,-1,-1,-1
662,42,486,95,26,17,-1,-1,-1
663,42,483,94,27,18,-1,-1,-1
664,42,481,95,27,18,-1,-1,-1
665,42,479,95,27,18,-1,-1,-1
666,42,477,95,27,18,-1,-1,-1
667,42,474,96,27,18,-1,-1,-1
668,42,472,96,27,18,-1,-1,-1
669,42,469,96,27,18,-1,-1,-1
670,42,467,96,28,18,-1,-1,-1
671,42,463,96,29,18,-1,-1,-1
672,42,459,97,30,18,-1,-1,-1
673,42,456,97,30,18,-1,-1,-1
674,42,452,97,31,18,-1,-1,-1
675,42,449,97,33,19,-1,-1,-1
676,42,445,96,34,20,-1,-1,-1
677,42,441,96,34,21,-1,-1,-1
678,42,438,97,34,21,-1,-1,-1
679,42,435,97,35,21,-1,-1,-1
680,42,433,97,35,21,-1,-1,-1
681,42,429,98,35,21,-1,-1,-1
682,42,426,98,35,21,-1,-1,-1
683,42,422,98,35,22,-1,-1,-1
684,42,417,98,36,23,-1,-1,-1
685,42,413,98,37,24,-1,-1,-1
686,42,408,99,37,25,-1,-1,-1
687,42,404,99,39,26,-1,-1,-1
688,42,399,100,41,26,-1,-1,-1
689,42,393,100,44,27,-1,-1,-1
690,42,387,101,46,27,-1,-1,-1
691,42,381,101,47,27,-1,-1,-1
692,42,375,102,49,28,-1,-1,-1
693,42,369,103,50,27,-1,-1,-1
694,42,363,103,52,27,-1,-1,-1
695,42,356,104,53,27,-1,-1,-1
696,42,350,104,54,28,-1,-1,-1
697,42,343,104,56,29,-1,-1,-1
698,42,337,104,58,30,-1,-1,-1
699,42,330,104,59,31,-1,-1,-1
700,42,323,104,61,31,-1,-1,-1
701,42,314,105,63,32,-1,-1,-1
702,42,307,105,65,34,-1,-1,-1
703,42,299,106,67,35,-1,-1,-1
704,42,291,106,69,36,-1,-1,-1
705,42,282,108,70,35,-1,-1,-1
706,42,274,109,70,36,-1,-1,-1
707,42,264,110,70,35,-1,-1,-1
708,42,255,111,70,36,-1,-1,-1
709,42,248,112,70,36,-1,-1,-1
710,42,241,112,69,36,-1,-1,-1
711,42,230,113,71,37,-1,-1,-1
712,42,217,115,71,39,-1,-1,-1
713,42,201,117,76,41,-1,-1,-1
714,42,187,118,79,43,-1,-1,-1
715,42,174,119,83,44,-1,-1,-1
716,42,160,120,84,44,-1,-1,-1
717,42,146,122,85,43,-1,-1,-1
718,42,139,123,87,43,-1,-1,-1
719,42,134,124,88,42,-1,-1,-1
727,43,18,134,72,52,-1,-1,-1
728,43,13,134,71,53,-1,-1,-1
729,43,12,134,70,53,-1,-1,-1
775,45,508,99,16,13,-1,-1,-1
776,45,507,99,16,13,-1,-1,-1
777,45,506,99,16,13,-1,-1,-1
778,45,504,99,16,14,-1,-1,-1
779,44,517,100,17,12,-1,-1,-1
779,45,502,99,16,14,-1,-1,-1
780,44,517,100,17,12,-1,-1,-1
780,45,500,99,16,14,-1,-1,-1
781,44,516,100,17,12,-1,-1,-1
781,45,498,99,17,14,-1,-1,-1
782,45,496,99,17,14,-1,-1,-1
783,45,494,99,17,14,-1,-1,-1
784,45,492,99,18,14,-1,-1,-1
785,45,490,99,19,14,-1,-1,-1
786,45,488,100,20,14,-1,-1,-1
787,45,486,100,20,14,-1,-1,-1
788,45,483,100,20,14,-1,-1,-1
789,45,480,101,19,14,-1,-1,-1
790,45,478,101,18,14,-1,-1,-1
791,45,475,101,18,14,-1,-1,-1
792,45,474,101,17,14,-1,-1,-1
792,46,189,189,152,84,-1,-1,-1
793,45,473,101,17,14,-1,-1,-1
793,46,210,184,147,82,-1,-1,-1
794,46,226,181,139,80,-1,-1,-1
795,46,247,177,130,78,-1,-1,-1
795,47,462,104,16,14,-1,-1,-1
796,46,266,172,121,76,-1,-1,-1
796,47,460,103,16,14,-1,-1,-1
797,46,286,167,113,73,-1,-1,-1
797,47,458,104,16,14,-1,-1,-1
798,46,305,163,106,69,-1,-1,-1
798,47,456,105,17,14,-1,-1,-1
799,46,324,160,99,63,-1,-1,-1
799,47,453,106,18,14,-1,-1,-1
800,46,340,158,93,59,-1,-1,-1
800,47,450,106,19,15,-1,-1,-1
800,49,479,104,16,12,-1,-1,-1
801,46,356,156,87,56,-1,-1,-1
801,47,447,106,20,15,-1,-1,-1
801,49,476,105,17,12,-1,-1,-1
802,46,368,152,84,54,-1,-1,-1
802,47,443,106,21,16,-1,-1,-1
802,49,474,105,18,13,-1,-1,-1
803,46,380,150,81,52,-1,-1,-1
803,47,439,106,22,17,-1,-1,-1
803,49,471,106,18,13,-1,-1,-1
804,46,391,147,78,50,-1,-1,-1
804,47,435,107,23,17,-1,-1,-1
804,49,469,106,18,13,-1,-1,-1
805,46,401,145,74,49,-1,-1,-1
805,47,431,108,23,17,-1,-1,-1
805,49,466,106,18,12,-1,-1,-1
806,46,412,142,71,49,-1,-1,-1
806,47,428,108,23,17,-1,-1,-1
806,49,463,107,18,12,-1,-1,-1
807,46,422,140,67,48,-1,-1,-1
807,47,424,108,22,17,-1,-1,-1
807,49,461,107,18,12,-1,-1,-1
808,46,432,138,63,46,-1,-1,-1
808,47,420,109,22,17,-1,-1,-1
808,49,458,108,18,12,-1,-1,-1
809,46,441,136,60,44,-1,-1,-1
809,47,416,109,21,18,-1,-1,-1
809,49,454,108,18,12,-1,-1,-1
810,46,450,134,56,42,-1,-1,-1
810,47,411,109,22,18,-1,-1,-1
810,49,451,109,18,12,-1,-1,-1
811,46,457,133,54,40,-1,-1,-1
811,47,406,110,23,19,-1,-1,-1
811,49,448,109,19,13,-1,-1,-1
812,46,465,132,52,38,-1,-1,-1
812,47,402,110,23,18,-1,-1,-1
812,49,445,109,19,13,-1,-1,-1
813,46,472,131,48,37,-1,-1,-1
813,47,397,111,23,18,-1,-1,-1
813,49,441,110,20,13,-1,-1,-1
814,46,479,130,44,36,-1,-1,-1
814,47,392,112,22,17,-1,-1,-1
814,49,437,110,19,13,-1,-1,-1
815,46,486,128,40,35,-1,-1,-1
815,47,388,112,22,17,-1,-1,-1
815,49,434,110,20,13,-1,-1,-1
816,46,488,128,39,34,-1,-1,-1
816,47,384,112,23,17,-1,-1,-1
816,49,430,111,20,14,-1,-1,-1
817,46,490,128,38,34,-1,-1,-1
817,47,379,113,23,17,-1,-1,-1
817,49,426,111,20,14,-1,-1,-1
818,47,374,113,23,17,-1,-1,-1
818,49,422,112,20,14,-1,-1,-1
819,47,372,114,23,17,-1,-1,-1
819,49,417,113,21,14,-1,-1,-1
820,47,371,114,23,17,-1,-1,-1
820,49,413,114,21,14,-1,-1,-1
821,49,407,114,21,14,-1,-1,-1
822,49,403,115,21,14,-1,-1,-1
823,49,398,116,21,14,-1,-1,-1
824,49,393,116,21,14,-1,-1,-1
825,49,387,117,21,14,-1,-1,-1
826,49,382,118,21,14,-1,-1,-1
827,48,315,121,26,19,-1,-1,-1
827,49,376,119,22,14,-1,-1,-1
828,48,310,121,27,19,-1,-1,-1
828,49,370,120,22,15,-1,-1,-1
829,48,305,122,26,19,-1,-1,-1
829,49,364,121,22,15,-1,-1,-1
830,48,298,123,27,20,-1,-1,-1
830,49,357,122,23,15,-1,-1,-1
831,48,291,123,27,20,-1,-1,-1
831,49,350,123,23,15,-1,-1,-1
832,48,283,124,29,21,-1,-1,-1
832,49,343,123,24,16,-1,-1,-1
833,48,275,124,29,21,-1,-1,-1
833,49,336,124,25,16,-1,-1,-1
834,48,267,126,29,22,-1,-1,-1
834,49,328,125,26,17,-1,-1,-1
835,48,257,126,29,22,-1,-1,-1
835,49,319,126,26,18,-1,-1,-1
836,48,253,127,29,23,-1,-1,-1
836,49,310,127,26,18,-1,-1,-1
837,48,250,126,30,23,-1,-1,-1
837,49,301,128,26,18,-1,-1,-1
838,49,292,129,26,18,-1,-1,-1
839,49,283,130,27,19,-1,-1,-1
840,49,273,132,28,19,-1,-1,-1
841,49,262,134,30,20,-1,-1,-1
842,49,250,135,31,21,-1,-1,-1
843,49,244,136,32,21,-1,-1,-1
844,49,240,136,32,21,-1,-1,-1
849,50,181,178,163,86,-1,-1,-1
850,50,201,173,156,85,-1,-1,-1
851,50,215,168,152,85,-1,-1,-1
852,50,235,163,145,83,-1,-1,-1
853,50,257,159,136,79,-1,-1,-1
854,50,277,155,127,75,-1,-1,-1
855,50,298,152,117,72,-1,-1,-1
856,50,317,149,109,67,-1,-1,-1
857,50,335,147,100,62,-1,-1,-1
858,50,351,144,93,58,-1,-1,-1
859,50,365,142,88,56,-1,-1,-1
860,50,378,139,84,55,-1,-1,-1
861,50,389,136,82,55,-1,-1,-1
862,50,400,134,78,53,-1,-1,-1
863,50,409,132,75,52,-1,-1,-1
864,50,420,130,71,51,-1,-1,-1
865,50,429,128,68,51,-1,-1,-1
866,50,438,127,64,49,-1,-1,-1
867,50,446,126,61,48,-1,-1,-1
868,50,453,125,59,46,-1,-1,-1
869,50,461,124,56,44,-1,-1,-1
870,50,468,123,54,42,-1,-1,-1
871,50,475,122,52,40,-1,-1,-1
872,50,481,121,50,39,-1,-1,-1
873,50,487,120,47,38,-1,-1,-1
874,50,493,119,44,37,-1,-1,-1
875,50,499,118,41,36,-1,-1,-1
876,50,504,117,39,36,-1,-1,-1
877,50,508,116,37,35,-1,-1,-1
878,50,512,114,36,34,-1,-1,-1
879,50,517,113,35,34,-1,-1,-1
880,50,520,113,35,32,-1,-1,-1
881,50,524,114,34,29,-1,-1,-1
881,51,410,155,28,23,-1,-1,-1
882,50,528,114,33,27,-1,-1,-1
882,51,416,153,27,22,-1,-1,-1
883,50,531,114,33,27,-1,-1,-1
883,51,420,151,27,21,-1,-1,-1
884,50,534,113,33,27,-1,-1,-1
884,51,427,149,26,21,-1,-1,-1
885,50,538,112,32,27,-1,-1,-1
885,51,434,147,25,20,-1,-1,-1
886,50,541,112,32,26,-1,-1,-1
886,51,441,145,25,20,-1,-1,-1
887,50,544,112,30,25,-1,-1,-1
887,51,447,143,24,19,-1,-1,-1
888,50,547,111,30,24,-1,-1,-1
888,51,454,142,24,19,-1,-1,-1
889,50,550,110,29,24,-1,-1,-1
889,51,461,140,22,18,-1,-1,-1
890,50,553,108,29,24,-1,-1,-1
890,51,467,138,22,18,-1,-1,-1
891,50,556,107,29,24,-1,-1,-1
891,51,472,137,21,17,-1,-1,-1
892,50,558,106,29,24,-1,-1,-1
892,51,478,135,20,17,-1,-1,-1
892,52,540,93,18,12,-1,-1,-1
893,50,561,105,28,24,-1,-1,-1
893,51,483,133,20,17,-1,-1,-1
893,52,539,93,18,12,-1,-1,-1
894,50,563,105,27,24,-1,-1,-1
894,51,489,132,20,16,-1,-1,-1
894,52,538,93,18,12,-1,-1,-1
895,50,566,105,26,23,-1,-1,-1
895,51,494,131,20,16,-1,-1,-1
895,52,537,93,18,12,-1,-1,-1
896,50,567,104,26,23,-1,-1,-1
896,51,499,130,20,16,-1,-1,-1
896,52,536,93,18,12,-1,-1,-1
897,50,570,104,26,23,-1,-1,-1
897,51,503,129,19,15,-1,-1,-1
897,52,535,93,18,12,-1,-1,-1
898,50,572,103,26,23,-1,-1,-1
898,51,507,128,18,15,-1,-1,-1
898,52,533,94,18,12,-1,-1,-1
899,50,574,103,26,23,-1,-1,-1
899,51,511,127,18,15,-1,-1,-1
899,52,532,94,18,12,-1,-1,-1
900,50,576,103,25,22,-1,-1,-1
900,51,514,126,18,14,-1,-1,-1
900,52,530,94,17,12,-1,-1,-1
901,50,578,103,24,21,-1,-1,-1
901,51,518,125,17,14,-1,-1,-1
901,52,529,94,17,12,-1,-1,-1
902,50,579,103,23,21,-1,-1,-1
902,51,521,125,17,14,-1,-1,-1
902,52,528,94,17,12,-1,-1,-1
903,50,581,102,23,20,-1,-1,-1
903,51,524,124,17,14,-1,-1,-1
903,52,527,94,17,12,-1,-1,-1
904,50,583,102,22,19,-1,-1,-1
904,51,527,123,18,14,-1,-1,-1
904,52,527,94,17,12,-1,-1,-1
905,50,584,102,22,18,-1,-1,-1
905,51,530,123,18,14,-1,-1,-1
906,50,585,102,21,18,-1,-1,-1
906,51,533,122,19,14,-1,-1,-1
907,51,536,121,18,13,-1,-1,-1
908,51,539,120,18,13,-1,-1,-1
908,53,592,102,21,17,-1,-1,-1
909,51,542,119,18,13,-1,-1,-1
909,53,593,102,21,17,-1,-1,-1
910,51,545,118,18,13,-1,-1,-1
910,53,594,101,20,17,-1,-1,-1
910,54,509,96,19,14,-1,-1,-1
911,51,547,118,18,13,-1,-1,-1
911,53,596,101,19,16,-1,-1,-1
911,54,507,96,19,14,-1,-1,-1
912,51,550,117,17,13,-1,-1,-1
912,53,597,101,19,17,-1,-1,-1
912,54,506,96,20,14,-1,-1,-1
913,51,553,116,16,13,-1,-1,-1
913,53,598,100,19,17,-1,-1,-1
913,54,504,96,20,14,-1,-1,-1
914,51,555,116,16,13,-1,-1,-1
914,53,598,100,20,17,-1,-1,-1
914,54,502,96,20,15,-1,-1,-1
915,51,557,115,16,12,-1,-1,-1
915,53,599,100,20,17,-1,-1,-1
915,54,500,96,20,15,-1,-1,-1
916,51,559,114,16,12,-1,-1,-1
916,53,600,100,21,17,-1,-1,-1
916,54,497,96,21,15,-1,-1,-1
917,51,561,113,16,12,-1,-1,-1
917,53,600,100,21,17,-1,-1,-1
917,54,495,96,21,15,-1,-1,-1
918,51,563,113,16,12,-1,-1,-1
918,53,601,100,20,16,-1,-1,-1
918,54,493,96,21,15,-1,-1,-1
919,51,565,112,16,12,-1,-1,-1
919,53,602,100,20,16,-1,-1,-1
919,54,490,97,21,15,-1,-1,-1
920,51,567,111,16,12,-1,-1,-1
920,53,602,100,20,16,-1,-1,-1
920,54,488,97,22,15,-1,-1,-1
921,51,568,111,16,12,-1,-1,-1
921,54,485,97,21,15,-1,-1,-1
922,51,570,110,17,12,-1,-1,-1
922,54,482,98,22,15,-1,-1,-1
923,51,572,110,17,12,-1,-1,-1
923,54,479,98,22,15,-1,-1,-1
924,51,574,109,17,12,-1,-1,-1
924,54,477,98,22,15,-1,-1,-1
925,51,576,108,17,13,-1,-1,-1
925,54,474,98,23,16,-1,-1,-1
926,51,578,108,17,12,-1,-1,-1
926,54,471,98,23,16,-1,-1,-1
927,51,579,108,17,12,-1,-1,-1
927,54,469,99,23,16,-1,-1,-1
928,51,580,108,17,12,-1,-1,-1
928,54,467,99,23,16,-1,-1,-1
929,51,582,107,17,13,-1,-1,-1
929,54,464,100,23,16,-1,-1,-1
930,51,583,106,17,13,-1,-1,-1
930,54,460,100,24,16,-1,-1,-1
931,51,585,105,16,13,-1,-1,-1
931,54,456,100,25,17,-1,-1,-1
932,51,586,104,16,13,-1,-1,-1
932,54,453,100,25,16,-1,-1,-1
932,55,500,102,17,11,-1,-1,-1
933,51,587,104,16,13,-1,-1,-1
933,54,450,101,25,17,-1,-1,-1
933,55,498,103,17,10,-1,-1,-1
934,51,589,104,16,13,-1,-1,-1
934,54,447,101,25,17,-1,-1,-1
934,55,496,103,17,10,-1,-1,-1
935,51,590,104,16,13,-1,-1,-1
935,54,443,101,26,17,-1,-1,-1
935,55,493,103,17,10,-1,-1,-1
936,51,591,104,16,13,-1,-1,-1
936,54,440,101,26,17,-1,-1,-1
936,55,492,104,16,10,-1,-1,-1
937,51,593,104,16,12,-1,-1,-1
937,54,438,101,27,17,-1,-1,-1
937,55,491,104,16,10,-1,-1,-1
938,51,594,104,16,12,-1,-1,-1
938,54,438,101,27,17,-1,-1,-1
939,51,595,104,15,12,-1,-1,-1
940,51,596,104,15,12,-1,-1,-1
940,58,416,104,34,21,-1,-1,-1
941,51,597,104,15,12,-1,-1,-1
941,58,411,104,35,21,-1,-1,-1
942,58,407,104,36,22,-1,-1,-1
943,58,402,104,37,23,-1,-1,-1
944,58,398,105,37,23,-1,-1,-1
945,58,393,105,38,23,-1,-1,-1
946,56,449,110,19,10,-1,-1,-1
946,58,387,106,39,23,-1,-1,-1
947,56,445,110,19,11,-1,-1,-1
947,58,381,106,40,23,-1,-1,-1
948,56,443,111,19,11,-1,-1,-1
948,58,375,107,41,22,-1,-1,-1
949,56,439,112,18,11,-1,-1,-1
949,58,369,107,43,23,-1,-1,-1
950,56,435,112,18,11,-1,-1,-1
950,58,361,108,46,23,-1,-1,-1
951,56,433,113,18,11,-1,-1,-1
951,58,352,108,50,24,-1,-1,-1
952,56,431,113,18,11,-1,-1,-1
952,58,344,109,52,26,-1,-1,-1
953,58,336,109,55,27,-1,-1,-1
954,57,407,117,18,12,-1,-1,-1
954,58,328,110,57,29,-1,-1,-1
955,57,403,117,18,12,-1,-1,-1
955,58,320,109,59,30,-1,-1,-1
956,57,401,117,18,12,-1,-1,-1
956,58,311,110,61,32,-1,-1,-1
957,57,399,118,18,12,-1,-1,-1
957,58,302,110,63,33,-1,-1,-1
958,58,293,111,65,34,-1,-1,-1
959,58,284,111,66,36,-1,-1,-1
960,58,276,111,68,37,-1,-1,-1
961,58,267,112,67,38,-1,-1,-1
962,58,258,113,67,38,-1,-1,-1
963,58,249,114,67,38,-1,-1,-1
964,58,244,114,67,38,-1,-1,-1
965,58,242,114,67,39,-1,-1,-1
969,59,153,127,82,38,-1,-1,-1
970,59,140,129,83,39,-1,-1,-1
971,59,137,129,84,39,-1,-1,-1
972,59,132,129,85,39,-1,-1,-1
975,60,76,136,79,41,-1,-1,-1
976,60,72,137,77,41,-1,-1,-1
977,60,70,137,76,41,-1,-1,-1
978,61,448,109,17,12,-1,-1,-1
979,61,444,109,18,12,-1,-1,-1
980,61,442,109,18,13,-1,-1,-1
981,61,438,109,18,13,-1,-1,-1
982,61,434,110,18,13,-1,-1,-1
983,61,432,110,18,13,-1,-1,-1
984,61,431,111,18,13,-1,-1,-1
986,62,409,114,19,13,-1,-1,-1
987,62,404,114,19,13,-1,-1,-1
988,62,401,115,19,13,-1,-1,-1
989,62,396,116,20,13,-1,-1,-1
990,62,391,116,19,13,-1,-1,-1
991,62,388,117,20,13,-1,-1,-1
992,62,386,117,19,13,-1,-1,-1
1041,63,479,103,16,12,-1,-1,-1
1042,63,476,104,16,12,-1,-1,-1
1043,63,475,104,16,12,-1,-1,-1
1044,63,474,104,16,12,-1,-1,-1
1048,64,456,107,16,12,-1,-1,-1
1049,64,453,107,16,12,-1,-1,-1
1050,64,450,107,17,13,-1,-1,-1
1051,64,446,108,17,13,-1,-1,-1
1052,64,443,108,18,13,-1,-1,-1
1053,64,439,109,18,13,-1,-1,-1
1054,64,435,109,18,13,-1,-1,-1
1055,64,431,110,18,13,-1,-1,-1
1056,64,427,110,18,13,-1,-1,-1
1057,64,421,111,18,13,-1,-1,-1
1058,64,416,112,18,13,-1,-1,-1
1059,64,411,112,18,13,-1,-1,-1
1060,64,406,113,18,13,-1,-1,-1
1061,64,399,114,19,13,-1,-1,-1
1062,64,394,115,19,13,-1,-1,-1
1063,64,388,116,19,13,-1,-1,-1
1064,64,382,117,20,13,-1,-1,-1
1065,64,375,117,20,13,-1,-1,-1
1066,64,372,118,21,13,-1,-1,-1
1067,64,370,118,21,13,-1,-1,-1
1070,65,331,125,22,13,-1,-1,-1
1071,65,328,125,23,13,-1,-1,-1
1072,65,327,126,22,13,-1,-1,-1
1072,66,524,94,20,15,-1,-1,-1
1073,66,523,94,19,14,-1,-1,-1
1074,66,522,94,19,14,-1,-1,-1
1075,66,522,94,19,14,-1,-1,-1
1080,67,508,94,23,15,-1,-1,-1
1081,67,506,94,23,15,-1,-1,-1
1082,67,505,94,23,15,-1,-1,-1
1083,67,503,94,23,15,-1,-1,-1
1084,67,501,94,23,16,-1,-1,-1
1085,67,499,94,23,16,-1,-1,-1
1086,67,497,94,23,16,-1,-1,-1
1087,67,495,94,22,16,-1,-1,-1
1088,67,493,94,22,16,-1,-1,-1
1089,67,490,94,23,16,-1,-1,-1
1090,67,488,94,24,17,-1,-1,-1
1091,67,485,94,25,17,-1,-1,-1
1092,67,482,95,26,17,-1,-1,-1
1093,67,480,95,26,18,-1,-1,-1
1094,67,478,95,25,18,-1,-1,-1
1095,67,475,96,25,18,-1,-1,-1
1096,67,473,96,26,18,-1,-1,-1
1097,67,470,96,27,18,-1,-1,-1
1098,67,467,96,27,19,-1,-1,-1
1099,67,464,96,28,19,-1,-1,-1
1100,67,461,97,29,18,-1,-1,-1
1101,67,456,97,29,18,-1,-1,-1
1102,67,453,97,30,18,-1,-1,-1
1103,67,450,97,31,19,-1,-1,-1
1104,67,446,97,32,19,-1,-1,-1
1105,67,443,97,33,20,-1,-1,-1
1106,67,440,97,33,20,-1,-1,-1
1107,67,437,97,33,20,-1,-1,-1
1108,67,434,97,34,20,-1,-1,-1
1109,67,431,97,35,20,-1,-1,-1
1110,67,429,98,35,20,-1,-1,-1
1111,67,427,98,36,20,-1,-1,-1
1115,68,400,102,37,24,-1,-1,-1
1116,68,395,102,40,25,-1,-1,-1
1117,68,392,102,42,25,-1,-1,-1
1118,68,385,102,45,26,-1,-1,-1
1119,68,380,102,47,27,-1,-1,-1
1120,68,374,103,49,27,-1,-1,-1
1121,68,368,103,50,26,-1,-1,-1
1122,68,362,104,52,27,-1,-1,-1
1123,68,356,104,53,28,-1,-1,-1
1124,68,349,104,55,29,-1,-1,-1
1125,68,342,104,57,31,-1,-1,-1
1126,68,335,104,59,32,-1,-1,-1
1127,68,327,104,61,34,-1,-1,-1
1128,68,320,104,62,35,-1,-1,-1
1129,68,312,105,63,36,-1,-1,-1
1130,68,305,105,65,37,-1,-1,-1
1131,68,296,106,66,36,-1,-1,-1
1132,68,288,107,67,37,-1,-1,-1
1133,68,281,107,68,37,-1,-1,-1
1134,68,272,109,67,38,-1,-1,-1
1135,68,264,110,66,37,-1,-1,-1
1136,68,255,112,65,37,-1,-1,-1
1137,68,248,112,66,38,-1,-1,-1
1138,68,239,113,65,38,-1,-1,-1
1139,68,228,115,64,38,-1,-1,-1
1140,68,213,118,62,39,-1,-1,-1
1141,68,198,120,63,40,-1,-1,-1
1142,68,185,121,69,43,-1,-1,-1
1143,68,178,120,73,44,-1,-1,-1
1144,68,174,119,76,45,-1,-1,-1
1164,69,161,186,170,90,-1,-1,-1
1165,69,183,178,163,91,-1,-1,-1
1166,69,200,175,154,91,-1,-1,-1
1167,69,223,168,146,89,-1,-1,-1
1168,69,244,163,138,87,-1,-1,-1
1169,69,265,158,129,82,-1,-1,-1
1170,69,286,154,119,77,-1,-1,-1
1171,69,305,152,111,72,-1,-1,-1
1172,69,323,149,105,68,-1,-1,-1
1173,69,339,146,101,65,-1,-1,-1
1174,69,354,143,96,62,-1,-1,-1
1175,69,367,141,91,59,-1,-1,-1
1176,69,380,139,85,57,-1,-1,-1
1177,69,392,137,81,56,-1,-1,-1
1178,69,403,134,77,55,-1,-1,-1
1179,69,412,132,75,54,-1,-1,-1
1180,69,421,130,71,53,-1,-1,-1
1181,69,430,129,69,52,-1,-1,-1
1182,69,439,128,65,50,-1,-1,-1
1183,69,447,127,62,49,-1,-1,-1
1184,69,455,126,59,47,-1,-1,-1
1185,69,462,124,57,45,-1,-1,-1
1186,69,468,123,55,43,-1,-1,-1
1187,69,475,122,53,40,-1,-1,-1
1188,69,481,121,51,39,-1,-1,-1
1189,69,487,120,49,38,-1,-1,-1
1190,69,493,119,46,37,-1,-1,-1
1191,69,499,118,43,36,-1,-1,-1
1192,69,505,117,40,36,-1,-1,-1
1193,69,509,116,38,36,-1,-1,-1
1194,69,514,115,37,35,-1,-1,-1
1195,69,518,114,36,34,-1,-1,-1
1196,69,522,113,35,34,-1,-1,-1
1197,69,525,114,35,31,-1,-1,-1
1198,69,529,114,34,29,-1,-1,-1
1199,69,532,114,33,26,-1,-1,-1
1200,69,536,113,32,25,-1,-1,-1
1201,69,539,113,30,24,-1,-1,-1
1202,69,543,113,29,23,-1,-1,-1
1203,69,546,112,28,23,-1,-1,-1
1204,69,547,112,28,23,-1,-1,-1
1205,69,548,112,28,23,-1,-1,-1
1207,76,537,95,15,12,-1,-1,-1
1208,76,536,95,15,12,-1,-1,-1
1209,76,536,95,15,12,-1,-1,-1
1209,71,507,96,18,14,-1,-1,-1
1210,76,535,95,15,12,-1,-1,-1
1210,71,505,96,18,14,-1,-1,-1
1211,76,534,95,15,12,-1,-1,-1
1211,71,502,96,18,14,-1,-1,-1
1212,76,532,95,15,12,-1,-1,-1
1212,71,500,97,18,14,-1,-1,-1
1213,76,531,95,15,12,-1,-1,-1
1213,71,497,97,18,14,-1,-1,-1
1214,76,530,95,15,12,-1,-1,-1
1214,71,495,97,19,14,-1,-1,-1
1215,76,528,96,15,12,-1,-1,-1
1215,71,493,97,20,14,-1,-1,-1
1215,72,426,154,25,19,-1,-1,-1
1215,73,577,103,24,21,-1,-1,-1
1216,76,526,96,15,12,-1,-1,-1
1216,71,491,97,20,14,-1,-1,-1
1216,72,431,153,25,18,-1,-1,-1
1216,73,579,103,23,21,-1,-1,-1
1217,76,525,96,15,12,-1,-1,-1
1217,71,489,97,21,14,-1,-1,-1
1217,72,435,151,24,18,-1,-1,-1
1217,73,580,103,23,21,-1,-1,-1
1218,76,524,96,16,12,-1,-1,-1
1218,71,488,98,21,14,-1,-1,-1
1218,72,441,149,23,17,-1,-1,-1
1218,73,582,102,22,20,-1,-1,-1
1219,76,522,96,16,12,-1,-1,-1
1219,71,485,99,20,14,-1,-1,-1
1219,72,447,148,23,17,-1,-1,-1
1219,73,583,102,21,19,-1,-1,-1
1220,76,520,96,16,12,-1,-1,-1
1220,71,483,99,21,14,-1,-1,-1
1220,72,453,146,23,17,-1,-1,-1
1220,73,584,102,21,18,-1,-1,-1
1221,76,518,96,16,13,-1,-1,-1
1221,71,480,99,21,14,-1,-1,-1
1221,72,460,144,22,16,-1,-1,-1
1221,73,585,102,21,18,-1,-1,-1
1222,76,516,97,16,13,-1,-1,-1
1222,71,478,99,22,14,-1,-1,-1
1222,72,466,143,21,15,-1,-1,-1
1223,76,514,97,17,13,-1,-1,-1
1223,71,476,100,22,14,-1,-1,-1
1223,72,472,142,20,15,-1,-1,-1
1224,76,512,97,17,13,-1,-1,-1
1224,71,473,100,22,14,-1,-1,-1
1224,72,478,140,19,14,-1,-1,-1
1224,74,590,101,24,17,-1,-1,-1
1225,76,510,97,17,13,-1,-1,-1
1225,71,470,100,22,14,-1,-1,-1
1225,72,484,138,19,14,-1,-1,-1
1225,74,590,101,24,17,-1,-1,-1
1226,76,508,97,17,13,-1,-1,-1
1226,71,468,101,22,14,-1,-1,-1
1226,72,489,136,18,14,-1,-1,-1
1226,74,591,101,24,17,-1,-1,-1
1227,76,507,97,17,13,-1,-1,-1
1227,71,466,101,22,14,-1,-1,-1
1227,72,494,134,18,14,-1,-1,-1
1227,74,592,101,24,17,-1,-1,-1
1228,76,505,97,17,13,-1,-1,-1
1228,71,465,101,23,14,-1,-1,-1
1228,72,498,133,19,14,-1,-1,-1
1228,74,592,101,24,17,-1,-1,-1
1229,76,503,98,16,13,-1,-1,-1
1229,72,502,132,18,14,-1,-1,-1
1230,76,501,98,16,13,-1,-1,-1
1230,72,506,130,18,13,-1,-1,-1
1231,76,499,98,16,13,-1,-1,-1
1231,72,511,129,17,13,-1,-1,-1
1231,75,444,102,26,17,-1,-1,-1
1232,76,497,98,16,13,-1,-1,-1
1232,72,515,128,17,13,-1,-1,-1
1232,75,442,102,27,17,-1,-1,-1
1233,76,495,98,17,13,-1,-1,-1
1233,72,519,127,17,13,-1,-1,-1
1233,75,440,102,27,17,-1,-1,-1
1234,76,493,99,17,13,-1,-1,-1
1234,72,521,126,17,13,-1,-1,-1
1234,75,438,102,27,17,-1,-1,-1
1235,76,490,99,17,13,-1,-1,-1
1235,72,522,126,16,13,-1,-1,-1
1235,75,438,102,26,17,-1,-1,-1
1236,76,488,99,16,14,-1,-1,-1
1236,75,437,102,27,17,-1,-1,-1
1237,76,486,100,16,14,-1,-1,-1
1238,76,483,100,17,14,-1,-1,-1
1239,76,480,100,17,14,-1,-1,-1
1240,76,477,101,18,14,-1,-1,-1
1241,76,475,101,18,14,-1,-1,-1
1241,76,404,108,32,17,-1,-1,-1
1242,76,472,101,19,14,-1,-1,-1
1242,76,400,108,34,18,-1,-1,-1
1242,77,550,119,16,12,-1,-1,-1
1243,76,469,101,19,15,-1,-1,-1
1243,76,397,108,34,18,-1,-1,-1
1243,77,552,118,16,12,-1,-1,-1
1244,76,466,101,19,15,-1,-1,-1
1244,76,393,109,35,18,-1,-1,-1
1244,77,553,118,16,12,-1,-1,-1
1245,76,463,101,19,15,-1,-1,-1
1245,76,389,109,36,18,-1,-1,-1
1245,77,554,118,16,12,-1,-1,-1
1246,76,460,101,20,15,-1,-1,-1
1246,76,384,109,37,18,-1,-1,-1
1246,77,555,117,15,11,-1,-1,-1
1247,76,457,101,20,16,-1,-1,-1
1247,76,382,109,38,19,-1,-1,-1
1248,76,454,101,20,16,-1,-1,-1
1248,76,379,109,39,19,-1,-1,-1
1249,76,451,101,20,16,-1,-1,-1
1250,76,448,101,21,17,-1,-1,-1
1250,78,354,112,43,20,-1,-1,-1
1251,76,445,102,21,17,-1,-1,-1
1251,78,349,112,43,20,-1,-1,-1
1251,82,569,112,17,11,-1,-1,-1
1252,76,442,103,20,17,-1,-1,-1
1252,78,345,112,45,21,-1,-1,-1
1252,82,570,112,16,11,-1,-1,-1
1253,76,439,104,20,17,-1,-1,-1
1253,78,338,113,45,21,-1,-1,-1
1253,82,571,111,16,11,-1,-1,-1
1254,76,436,104,20,17,-1,-1,-1
1254,78,332,113,48,23,-1,-1,-1
1254,82,571,111,16,11,-1,-1,-1
1255,76,432,105,20,17,-1,-1,-1
1255,78,324,115,44,22,-1,-1,-1
1255,82,570,110,16,11,-1,-1,-1
1256,76,428,106,20,17,-1,-1,-1
1256,78,316,115,49,24,-1,-1,-1
1256,82,568,110,16,11,-1,-1,-1
1257,76,424,106,20,17,-1,-1,-1
1257,78,308,116,50,25,-1,-1,-1
1257,82,565,109,16,11,-1,-1,-1
1258,76,420,107,21,17,-1,-1,-1
1258,78,301,115,56,28,-1,-1,-1
1258,82,562,109,16,11,-1,-1,-1
1259,76,415,107,21,18,-1,-1,-1
1259,78,293,115,58,29,-1,-1,-1
1259,82,558,109,16,11,-1,-1,-1
1260,76,410,107,22,18,-1,-1,-1
1260,78,285,115,60,30,-1,-1,-1
1260,82,555,109,16,11,-1,-1,-1
1261,76,406,108,22,18,-1,-1,-1
1261,78,276,115,60,31,-1,-1,-1
1261,82,551,108,16,11,-1,-1,-1
1262,76,401,108,22,18,-1,-1,-1
1262,78,268,116,60,31,-1,-1,-1
1262,82,547,108,16,11,-1,-1,-1
1263,76,396,109,23,18,-1,-1,-1
1263,78,259,117,60,32,-1,-1,-1
1263,82,544,108,16,11,-1,-1,-1
1264,76,390,109,24,19,-1,-1,-1
1264,78,251,118,61,33,-1,-1,-1
1264,82,540,108,16,11,-1,-1,-1
1265,76,385,110,25,19,-1,-1,-1
1265,78,245,118,62,33,-1,-1,-1
1265,82,536,108,16,11,-1,-1,-1
1266,76,380,110,26,19,-1,-1,-1
1266,78,243,118,62,34,-1,-1,-1
1266,82,533,108,16,11,-1,-1,-1
1267,76,374,111,26,19,-1,-1,-1
1267,82,529,107,16,11,-1,-1,-1
1268,76,368,112,27,19,-1,-1,-1
1268,82,525,107,16,11,-1,-1,-1
1269,76,363,112,27,19,-1,-1,-1
1269,81,174,127,73,36,-1,-1,-1
1269,82,521,107,16,11,-1,-1,-1
1270,76,357,113,27,19,-1,-1,-1
1270,81,166,128,75,36,-1,-1,-1
1270,82,518,107,16,11,-1,-1,-1
1271,76,355,114,26,19,-1,-1,-1
1271,81,160,128,74,37,-1,-1,-1
1271,82,514,107,16,11,-1,-1,-1
1272,76,353,114,26,19,-1,-1,-1
1272,79,119,137,79,35,-1,-1,-1
1272,80,600,105,15,11,-1,-1,-1
1272,81,148,129,74,37,-1,-1,-1
1272,82,510,106,16,11,-1,-1,-1
1273,79,110,136,87,37,-1,-1,-1
1273,80,601,104,15,11,-1,-1,-1
1273,81,135,130,73,38,-1,-1,-1
1273,82,507,106,16,11,-1,-1,-1
1274,79,107,136,89,37,-1,-1,-1
1274,80,601,104,15,11,-1,-1,-1
1274,81,122,132,72,39,-1,-1,-1
1274,82,503,106,16,11,-1,-1,-1
1274,83,326,118,28,20,-1,-1,-1
1275,79,104,135,90,38,-1,-1,-1
1275,80,601,104,15,11,-1,-1,-1
1275,81,108,133,71,40,-1,-1,-1
1275,82,499,106,16,11,-1,-1,-1
1275,83,320,118,29,21,-1,-1,-1
1276,81,93,135,70,40,-1,-1,-1
1276,82,495,106,16,11,-1,-1,-1
1276,83,314,119,30,21,-1,-1,-1
1277,81,79,137,69,41,-1,-1,-1
1277,82,492,106,16,11,-1,-1,-1
1277,83,305,119,31,22,-1,-1,-1
1278,81,64,138,68,42,-1,-1,-1
1278,82,488,105,16,11,-1,-1,-1
1278,83,296,120,32,23,-1,-1,-1
1279,81,48,140,68,44,-1,-1,-1
1279,82,484,105,16,11,-1,-1,-1
1279,83,286,121,33,23,-1,-1,-1
1280,81,34,141,66,45,-1,-1,-1
1280,82,481,105,16,11,-1,-1,-1
1280,83,277,122,34,24,-1,-1,-1
1281,81,23,143,62,46,-1,-1,-1
1281,82,477,105,16,11,-1,-1,-1
1281,83,268,122,34,25,-1,-1,-1
1282,81,19,144,59,46,-1,-1,-1
1282,82,473,105,16,11,-1,-1,-1
1282,83,258,123,35,26,-1,-1,-1
1283,81,16,145,57,45,-1,-1,-1
1283,82,470,105,16,12,-1,-1,-1
1283,83,248,124,35,26,-1,-1,-1
1284,82,466,105,16,12,-1,-1,-1
1284,83,238,125,35,27,-1,-1,-1
1285,82,462,105,16,12,-1,-1,-1
1285,83,227,126,37,28,-1,-1,-1
1286,82,459,106,16,12,-1,-1,-1
1286,83,214,128,39,29,-1,-1,-1
1287,82,454,107,17,12,-1,-1,-1
1287,83,200,129,42,29,-1,-1,-1
1288,82,450,107,17,12,-1,-1,-1
1288,83,187,131,43,30,-1,-1,-1
1289,82,446,107,17,12,-1,-1,-1
1289,83,172,132,44,31,-1,-1,-1
1290,82,442,108,18,13,-1,-1,-1
1290,83,156,134,45,31,-1,-1,-1
1291,82,437,109,18,13,-1,-1,-1
1291,83,140,136,47,32,-1,-1,-1
1292,82,433,109,18,13,-1,-1,-1
1292,83,123,138,48,33,-1,-1,-1
1293,82,428,110,18,13,-1,-1,-1
1293,83,107,140,50,34,-1,-1,-1
1294,82,423,111,18,13,-1,-1,-1
1294,83,90,142,51,35,-1,-1,-1
1295,82,418,111,18,13,-1,-1,-1
1295,83,74,143,53,36,-1,-1,-1
1296,82,413,112,18,13,-1,-1,-1
1296,83,55,145,54,38,-1,-1,-1
1297,82,407,113,18,13,-1,-1,-1
1297,83,38,147,53,40,-1,-1,-1
1298,82,401,114,18,13,-1,-1,-1
1298,83,28,147,53,41,-1,-1,-1
1299,82,395,114,19,13,-1,-1,-1
1299,83,24,148,52,42,-1,-1,-1
1300,82,388,115,19,13,-1,-1,-1
1301,82,382,116,20,14,-1,-1,-1
1302,82,375,116,20,14,-1,-1,-1
1303,82,368,117,21,14,-1,-1,-1
1304,82,361,118,21,14,-1,-1,-1
1305,82,353,120,21,14,-1,-1,-1
1306,82,346,122,21,14,-1,-1,-1
1307,82,337,123,21,14,-1,-1,-1
1308,82,328,124,22,15,-1,-1,-1
1309,82,317,126,23,15,-1,-1,-1
1310,82,308,127,24,15,-1,-1,-1
1311,82,303,128,24,16,-1,-1,-1
1312,82,300,128,24,16,-1,-1,-1
1355,84,442,156,28,20,-1,-1,-1
1356,84,447,154,27,20,-1,-1,-1
1357,84,451,153,27,19,-1,-1,-1
1358,84,457,151,26,19,-1,-1,-1
1359,84,463,149,25,19,-1,-1,-1
1360,84,470,147,24,18,-1,-1,-1
1361,84,477,145,23,18,-1,-1,-1
1362,84,480,143,23,18,-1,-1,-1
1363,84,482,143,23,18,-1,-1,-1
1383,85,471,148,24,17,-1,-1,-1
1384,85,476,146,23,17,-1,-1,-1
1385,85,480,145,22,17,-1,-1,-1
1386,85,485,143,21,17,-1,-1,-1
1387,85,490,141,21,17,-1,-1,-1
1388,85,495,140,20,17,-1,-1,-1
1389,85,498,139,20,17,-1,-1,-1
1390,85,500,138,20,17,-1,-1,-1
1391,85,453,157,24,19,-1,-1,-1
1392,85,458,155,24,18,-1,-1,-1
1393,85,462,154,23,18,-1,-1,-1
1394,85,468,152,22,18,-1,-1,-1
1395,85,474,150,21,17,-1,-1,-1
1396,85,480,148,20,17,-1,-1,-1
1397,85,487,146,20,17,-1,-1,-1
1398,85,493,144,20,17,-1,-1,-1
1399,85,499,142,19,16,-1,-1,-1
1400,85,504,140,18,16,-1,-1,-1
1401,85,509,139,18,16,-1,-1,-1
1402,85,513,137,18,16,-1,-1,-1
1403,85,517,135,18,15,-1,-1,-1
1404,85,521,134,18,15,-1,-1,-1
1405,85,524,133,18,15,-1,-1,-1
1406,85,527,131,18,14,-1,-1,-1
1407,85,531,130,18,15,-1,-1,-1
1408,85,534,129,19,14,-1,-1,-1
1409,85,537,129,19,14,-1,-1,-1
1410,85,541,128,18,14,-1,-1,-1
1411,85,545,127,18,14,-1,-1,-1
1412,85,548,126,17,13,-1,-1,-1
1413,85,551,125,17,13,-1,-1,-1
1414,85,553,124,16,13,-1,-1,-1
1415,85,556,124,16,13,-1,-1,-1
1416,85,558,123,16,13,-1,-1,-1
1417,85,560,122,15,13,-1,-1,-1
1418,85,563,121,15,13,-1,-1,-1
1419,85,565,120,15,13,-1,-1,-1
1420,85,567,119,15,13,-1,-1,-1
1421,85,569,119,15,13,-1,-1,-1
1422,85,571,118,14,13,-1,-1,-1
1423,85,573,117,14,13,-1,-1,-1
1424,85,575,116,14,13,-1,-1,-1
1425,85,577,115,14,13,-1,-1,-1
1426,85,579,115,14,12,-1,-1,-1
1427,85,581,114,14,12,-1,-1,-1
1428,85,583,114,14,12,-1,-1,-1
1429,85,585,113,14,12,-1,-1,-1
1430,85,586,113,14,11,-1,-1,-1
1431,85,586,112,14,12,-1,-1,-1
1501,87,144,184,166,71,-1,-1,-1
1502,87,170,179,157,72,-1,-1,-1
1503,87,186,174,152,73,-1,-1,-1
1504,87,210,168,143,75,-1,-1,-1
1505,87,231,163,134,75,-1,-1,-1
1506,87,253,158,124,74,-1,-1,-1
1507,87,272,154,116,71,-1,-1,-1
1508,87,290,151,110,69,-1,-1,-1
1509,87,305,149,105,66,-1,-1,-1
1510,87,321,147,100,62,-1,-1,-1
1511,87,335,146,95,58,-1,-1,-1
1512,87,350,144,91,54,-1,-1,-1
1513,87,363,142,86,51,-1,-1,-1
1514,87,375,139,82,49,-1,-1,-1
1515,87,386,137,79,46,-1,-1,-1
1516,87,397,135,75,44,-1,-1,-1
1517,87,408,134,70,43,-1,-1,-1
1518,87,419,132,65,42,-1,-1,-1
1519,87,429,130,61,40,-1,-1,-1
1520,87,436,130,58,38,-1,-1,-1
1521,87,444,128,56,37,-1,-1,-1
1522,87,451,127,54,36,-1,-1,-1
1523,87,457,126,53,35,-1,-1,-1
1524,87,465,124,49,34,-1,-1,-1
1525,87,474,124,45,32,-1,-1,-1
1526,87,481,123,42,31,-1,-1,-1
1527,87,484,123,40,29,-1,-1,-1
1527,88,421,153,29,21,-1,-1,-1
1528,87,486,123,40,29,-1,-1,-1
1528,88,427,152,28,20,-1,-1,-1
1529,88,432,151,27,19,-1,-1,-1
1530,88,438,149,26,18,-1,-1,-1
1530,89,259,230,23,18,-1,-1,-1
1531,88,445,147,25,18,-1,-1,-1
1531,89,259,230,23,18,-1,-1,-1
1532,88,452,145,25,18,-1,-1,-1
1532,89,259,230,23,18,-1,-1,-1
1533,88,458,143,24,18,-1,-1,-1
1534,88,464,141,24,18,-1,-1,-1
1535,88,470,139,23,17,-1,-1,-1
1536,88,476,137,23,17,-1,-1,-1
1537,88,483,135,22,17,-1,-1,-1
1538,88,489,133,21,17,-1,-1,-1
1539,88,493,132,21,16,-1,-1,-1
1540,88,498,131,20,16,-1,-1,-1
1540,91,438,159,24,19,-1,-1,-1
1541,88,502,130,20,15,-1,-1,-1
1541,91,444,157,23,18,-1,-1,-1
1542,88,504,130,20,15,-1,-1,-1
1542,91,448,156,23,18,-1,-1,-1
1543,88,505,129,19,14,-1,-1,-1
1543,91,455,154,23,17,-1,-1,-1
1544,91,461,152,22,17,-1,-1,-1
1545,91,467,150,22,17,-1,-1,-1
1546,91,474,148,21,17,-1,-1,-1
1547,91,480,146,21,16,-1,-1,-1
1548,91,486,144,20,16,-1,-1,-1
1549,90,322,191,49,36,-1,-1,-1
1549,91,492,142,19,16,-1,-1,-1
1550,90,333,188,47,34,-1,-1,-1
1550,91,497,140,19,16,-1,-1,-1
1551,90,336,187,46,34,-1,-1,-1
1551,91,502,139,19,16,-1,-1,-1
1552,90,340,186,46,34,-1,-1,-1
1552,91,507,138,19,16,-1,-1,-1
1553,91,511,137,18,15,-1,-1,-1
1554,91,516,136,18,15,-1,-1,-1
1555,91,520,134,18,14,-1,-1,-1
1556,91,524,133,18,14,-1,-1,-1
1557,91,528,132,18,14,-1,-1,-1
1558,91,531,131,18,13,-1,-1,-1
1559,91,535,130,19,13,-1,-1,-1
1560,91,538,129,18,13,-1,-1,-1
1561,91,541,128,18,13,-1,-1,-1
1562,91,544,128,17,13,-1,-1,-1
1562,92,461,148,28,22,-1,-1,-1
1563,91,547,127,17,12,-1,-1,-1
1563,92,466,147,26,20,-1,-1,-1
1564,91,550,126,17,12,-1,-1,-1
1564,92,470,146,25,20,-1,-1,-1
1565,91,553,125,16,11,-1,-1,-1
1565,92,476,145,24,18,-1,-1,-1
1566,91,554,124,16,11,-1,-1,-1
1566,92,481,144,23,17,-1,-1,-1
1567,91,555,124,16,11,-1,-1,-1
1567,92,484,143,22,17,-1,-1,-1
1568,92,486,143,22,17,-1,-1,-1
1577,91,533,126,19,15,-1,-1,-1
1578,93,504,100,16,11,-1,-1,-1
1578,91,535,125,19,15,-1,-1,-1
1579,93,502,100,16,11,-1,-1,-1
1579,91,536,125,19,15,-1,-1,-1
1580,93,501,100,16,10,-1,-1,-1
1580,91,539,125,19,15,-1,-1,-1
1581,93,499,100,16,10,-1,-1,-1
1581,94,435,113,18,12,-1,-1,-1
1581,91,541,124,19,15,-1,-1,-1
1582,93,497,100,16,10,-1,-1,-1
1582,94,432,113,17,12,-1,-1,-1
1582,91,544,124,19,15,-1,-1,-1
1583,93,496,100,17,10,-1,-1,-1
1583,94,431,113,17,12,-1,-1,-1
1583,91,547,123,19,14,-1,-1,-1
1584,93,496,100,17,10,-1,-1,-1
1584,94,429,113,17,13,-1,-1,-1
1584,91,549,123,18,14,-1,-1,-1
1585,91,552,122,18,14,-1,-1,-1
1586,91,554,122,17,14,-1,-1,-1
1587,91,557,121,17,14,-1,-1,-1
1588,91,560,120,17,14,-1,-1,-1
1589,95,478,104,17,11,-1,-1,-1
1589,91,562,119,17,14,-1,-1,-1
1590,95,476,104,17,11,-1,-1,-1
1590,91,564,118,18,14,-1,-1,-1
1591,95,475,104,17,11,-1,-1,-1
1591,91,566,117,18,15,-1,-1,-1
1592,95,474,104,17,11,-1,-1,-1
1592,91,568,117,18,15,-1,-1,-1
1593,91,570,116,17,14,-1,-1,-1
1594,91,572,116,17,14,-1,-1,-1
1595,91,574,115,16,13,-1,-1,-1
1596,91,577,115,16,13,-1,-1,-1
1596,97,345,126,22,14,-1,-1,-1
1597,91,579,114,15,13,-1,-1,-1
1597,97,338,127,22,15,-1,-1,-1
1598,91,581,113,15,13,-1,-1,-1
1598,97,332,128,23,15,-1,-1,-1
1599,91,582,112,15,13,-1,-1,-1
1599,97,324,129,23,15,-1,-1,-1
1600,91,584,111,16,13,-1,-1,-1
1600,97,316,130,23,15,-1,-1,-1
1600,98,444,108,18,13,-1,-1,-1
1601,91,585,110,16,13,-1,-1,-1
1601,97,307,131,23,15,-1,-1,-1
1601,98,441,109,18,13,-1,-1,-1
1602,91,586,110,16,13,-1,-1,-1
1602,97,304,132,23,15,-1,-1,-1
1602,98,439,109,18,13,-1,-1,-1
1603,91,587,110,16,13,-1,-1,-1
1603,97,300,132,23,15,-1,-1,-1
1603,98,437,109,18,13,-1,-1,-1
1604,98,433,110,18,13,-1,-1,-1
1605,98,429,110,18,13,-1,-1,-1
1606,98,425,110,18,13,-1,-1,-1
1607,98,420,111,18,13,-1,-1,-1
1608,98,416,112,18,13,-1,-1,-1
1609,98,411,113,18,12,-1,-1,-1
1610,98,406,114,19,12,-1,-1,-1
1611,98,401,114,19,12,-1,-1,-1
1612,98,396,115,19,12,-1,-1,-1
1613,98,391,116,19,12,-1,-1,-1
1614,98,386,116,19,12,-1,-1,-1
1615,98,380,117,20,13,-1,-1,-1
1616,98,374,118,20,13,-1,-1,-1
1617,98,368,119,21,13,-1,-1,-1
1618,98,361,120,22,13,-1,-1,-1
1619,98,355,121,22,13,-1,-1,-1
1620,98,348,122,23,14,-1,-1,-1
1621,98,342,122,24,14,-1,-1,-1
1622,98,334,123,24,15,-1,-1,-1
1623,98,326,124,25,16,-1,-1,-1
1624,98,318,125,26,16,-1,-1,-1
1625,98,310,126,26,17,-1,-1,-1
1626,98,301,127,26,17,-1,-1,-1
1627,98,293,127,27,17,-1,-1,-1
1628,98,284,128,27,17,-1,-1,-1
1629,98,274,129,27,18,-1,-1,-1
1630,98,270,129,27,18,-1,-1,-1
1631,98,267,129,27,18,-1,-1,-1
1680,99,46,240,142,92,-1,-1,-1
1681,99,68,231,140,89,-1,-1,-1
1682,99,91,226,135,85,-1,-1,-1
1683,99,123,218,129,81,-1,-1,-1
1684,99,154,210,120,78,-1,-1,-1
1685,99,184,202,112,75,-1,-1,-1
1686,99,208,194,106,73,-1,-1,-1
1687,99,230,187,102,70,-1,-1,-1
1688,99,253,182,96,67,-1,-1,-1
1689,99,276,177,87,62,-1,-1,-1
1690,99,298,172,78,57,-1,-1,-1
1691,99,317,168,71,54,-1,-1,-1
1692,99,332,164,68,52,-1,-1,-1
1693,99,347,160,65,51,-1,-1,-1
1694,99,360,156,63,50,-1,-1,-1
1695,99,372,153,61,48,-1,-1,-1
1696,99,385,150,59,46,-1,-1,-1
1697,99,396,147,57,45,-1,-1,-1
1698,99,408,145,54,43,-1,-1,-1
1699,99,417,142,52,42,-1,-1,-1
1700,99,425,140,50,41,-1,-1,-1
1701,99,434,138,48,39,-1,-1,-1
1702,99,443,136,46,38,-1,-1,-1
1703,99,451,135,43,38,-1,-1,-1
1704,99,458,133,40,37,-1,-1,-1
1705,99,465,131,38,36,-1,-1,-1
1706,99,472,130,36,35,-1,-1,-1
1707,99,479,128,35,34,-1,-1,-1
1708,99,485,127,34,32,-1,-1,-1
1709,99,491,126,33,30,-1,-1,-1
1709,106,150,191,164,83,-1,-1,-1
1710,99,496,125,31,29,-1,-1,-1
1710,100,477,139,20,16,-1,-1,-1
1710,106,170,184,163,82,-1,-1,-1
1711,99,502,124,30,28,-1,-1,-1
1711,100,482,137,19,16,-1,-1,-1
1711,106,188,180,155,82,-1,-1,-1
1712,99,507,123,29,28,-1,-1,-1
1712,100,485,136,18,16,-1,-1,-1
1712,106,210,175,147,82,-1,-1,-1
1713,99,512,122,29,27,-1,-1,-1
1713,100,490,134,18,16,-1,-1,-1
1713,106,231,169,139,83,-1,-1,-1
1714,99,514,121,28,27,-1,-1,-1
1714,100,494,133,18,15,-1,-1,-1
1714,106,252,164,131,80,-1,-1,-1
1715,99,515,121,28,27,-1,-1,-1
1715,100,499,132,18,15,-1,-1,-1
1715,106,274,159,123,77,-1,-1,-1
1716,100,503,131,18,14,-1,-1,-1
1716,106,295,156,115,72,-1,-1,-1
1717,100,507,130,18,14,-1,-1,-1
1717,106,312,153,109,69,-1,-1,-1
1718,100,511,129,18,14,-1,-1,-1
1718,106,328,150,104,66,-1,-1,-1
1719,100,515,128,17,14,-1,-1,-1
1719,106,343,147,99,63,-1,-1,-1
1720,100,519,127,17,13,-1,-1,-1
1720,106,358,145,94,61,-1,-1,-1
1721,100,522,126,17,13,-1,-1,-1
1721,106,371,143,88,58,-1,-1,-1
1722,100,523,125,17,13,-1,-1,-1
1722,106,384,140,83,57,-1,-1,-1
1723,100,524,125,17,13,-1,-1,-1
1723,106,396,137,78,56,-1,-1,-1
1724,106,407,135,74,55,-1,-1,-1
1725,106,416,133,71,54,-1,-1,-1
1726,106,425,132,68,52,-1,-1,-1
1727,106,434,130,65,50,-1,-1,-1
1728,106,442,129,61,48,-1,-1,-1
1729,106,451,128,58,47,-1,-1,-1
1730,106,458,127,55,45,-1,-1,-1
1731,106,466,126,53,43,-1,-1,-1
1732,106,473,125,51,41,-1,-1,-1
1733,106,479,124,49,39,-1,-1,-1
1734,106,484,122,48,38,-1,-1,-1
1735,106,490,121,45,37,-1,-1,-1
1736,106,495,120,42,37,-1,-1,-1
1737,106,501,119,39,36,-1,-1,-1
1738,106,506,118,38,35,-1,-1,-1
1739,106,511,118,36,34,-1,-1,-1
1740,101,578,106,24,16,-1,-1,-1
1740,106,515,117,35,33,-1,-1,-1
1741,101,579,106,23,15,-1,-1,-1
1741,106,519,116,34,31,-1,-1,-1
1742,101,579,106,23,15,-1,-1,-1
1742,106,523,116,34,29,-1,-1,-1
1743,106,526,116,33,27,-1,-1,-1
1744,106,529,116,32,26,-1,-1,-1
1745,106,532,116,31,26,-1,-1,-1
1746,106,536,115,31,26,-1,-1,-1
1747,102,445,159,20,16,-1,-1,-1
1747,106,540,115,30,24,-1,-1,-1
1748,102,446,159,20,15,-1,-1,-1
1748,106,543,114,28,24,-1,-1,-1
1749,102,447,159,20,15,-1,-1,-1
1749,106,546,114,27,23,-1,-1,-1
1750,106,548,114,26,23,-1,-1,-1
1751,106,550,113,25,22,-1,-1,-1
1752,106,553,113,25,22,-1,-1,-1
1753,103,596,104,19,13,-1,-1,-1
1753,106,555,112,25,21,-1,-1,-1
1754,103,597,104,19,13,-1,-1,-1
1754,106,558,112,24,20,-1,-1,-1
1755,103,597,104,18,12,-1,-1,-1
1755,106,561,111,24,19,-1,-1,-1
1756,105,505,130,18,14,-1,-1,-1
1756,106,563,110,24,19,-1,-1,-1
1757,105,508,130,18,14,-1,-1,-1
1757,106,565,109,24,20,-1,-1,-1
1758,105,510,130,18,14,-1,-1,-1
1758,106,566,108,24,21,-1,-1,-1
1759,105,513,130,18,14,-1,-1,-1
1759,106,568,107,24,21,-1,-1,-1
1760,105,515,130,18,14,-1,-1,-1
1760,106,570,106,24,22,-1,-1,-1
1761,105,519,130,18,14,-1,-1,-1
1761,106,572,105,24,22,-1,-1,-1
1762,105,522,130,18,15,-1,-1,-1
1762,106,574,104,24,21,-1,-1,-1
1763,105,525,130,18,15,-1,-1,-1
1763,106,576,104,23,21,-1,-1,-1
1764,105,528,129,18,15,-1,-1,-1
1764,106,577,104,22,20,-1,-1,-1
1765,105,531,129,18,15,-1,-1,-1
1765,106,579,104,22,20,-1,-1,-1
1766,105,534,128,18,15,-1,-1,-1
1766,106,581,104,21,19,-1,-1,-1
1767,105,537,127,18,15,-1,-1,-1
1767,106,583,104,21,19,-1,-1,-1
1768,105,540,126,19,15,-1,-1,-1
1768,106,584,103,21,19,-1,-1,-1
1769,105,543,125,19,15,-1,-1,-1
1769,106,586,103,20,18,-1,-1,-1
1770,105,545,124,19,15,-1,-1,-1
1770,106,587,103,20,18,-1,-1,-1
1771,105,548,123,18,15,-1,-1,-1
1771,106,588,102,20,18,-1,-1,-1
1772,105,550,123,18,15,-1,-1,-1
1772,106,590,102,20,17,-1,-1,-1
1773,105,552,122,18,15,-1,-1,-1
1773,106,591,102,20,17,-1,-1,-1
1774,105,552,122,18,15,-1,-1,-1
1774,106,593,102,19,17,-1,-1,-1
1775,106,595,102,19,16,-1,-1,-1
1776,106,596,102,19,16,-1,-1,-1
1777,106,597,102,18,16,-1,-1,-1
1777,107,564,117,19,15,-1,-1,-1
1778,107,565,117,19,15,-1,-1,-1
1779,107,566,117,19,15,-1,-1,-1
1780,107,567,117,19,15,-1,-1,-1
1781,104,602,100,19,17,-1,-1,-1
1781,107,568,116,19,15,-1,-1,-1
1782,104,602,100,19,17,-1,-1,-1
1782,107,569,116,19,15,-1,-1,-1
1783,104,602,100,19,17,-1,-1,-1
1783,107,570,116,18,15,-1,-1,-1
1785,108,506,98,21,13,-1,-1,-1
1786,108,504,98,22,13,-1,-1,-1
1787,108,503,98,22,13,-1,-1,-1
1788,108,501,98,22,13,-1,-1,-1
1789,108,499,98,21,13,-1,-1,-1
1790,108,497,98,21,13,-1,-1,-1
1791,108,496,98,21,13,-1,-1,-1
1792,108,494,98,21,14,-1,-1,-1
1793,108,493,99,21,14,-1,-1,-1
1794,108,490,99,21,14,-1,-1,-1
1795,108,488,100,21,15,-1,-1,-1
1796,108,485,100,21,15,-1,-1,-1
1797,108,482,100,21,15,-1,-1,-1
1798,108,479,100,21,15,-1,-1,-1
1799,108,476,100,21,15,-1,-1,-1
1800,108,474,100,22,15,-1,-1,-1
1801,108,471,101,21,15,-1,-1,-1
1802,108,468,102,21,15,-1,-1,-1
1803,108,466,102,20,14,-1,-1,-1
1804,108,463,103,20,14,-1,-1,-1
1805,108,460,103,20,15,-1,-1,-1
1806,108,457,104,19,15,-1,-1,-1
1807,108,454,105,19,14,-1,-1,-1
1808,108,450,106,19,14,-1,-1,-1
1809,108,448,106,20,14,-1,-1,-1
1810,108,447,106,20,14,-1,-1,-1
1814,109,423,111,21,15,-1,-1,-1
1815,109,420,111,20,15,-1,-1,-1
1816,109,417,111,20,15,-1,-1,-1
1817,109,412,112,21,15,-1,-1,-1
1818,109,410,112,21,15,-1,-1,-1
1819,109,408,113,21,15,-1,-1,-1
1827,110,258,172,116,84,-1,-1,-1
1828,110,275,167,108,83,-1,-1,-1
1828,111,332,129,24,14,-1,-1,-1
1829,110,286,164,104,80,-1,-1,-1
1829,111,325,130,24,14,-1,-1,-1
1830,110,306,161,95,73,-1,-1,-1
1830,111,319,131,24,14,-1,-1,-1
1830,112,343,112,40,20,-1,-1,-1
1831,110,322,160,90,66,-1,-1,-1
1831,111,311,132,24,14,-1,-1,-1
1831,112,338,111,47,23,-1,-1,-1
1832,110,339,158,83,61,-1,-1,-1
1832,111,303,133,23,14,-1,-1,-1
1832,112,334,111,50,24,-1,-1,-1
1833,110,354,155,80,58,-1,-1,-1
1833,111,294,134,23,14,-1,-1,-1
1833,112,328,111,53,25,-1,-1,-1
1834,110,368,152,78,56,-1,-1,-1
1834,111,283,136,23,14,-1,-1,-1
1834,112,320,111,55,27,-1,-1,-1
1835,110,380,149,76,54,-1,-1,-1
1835,111,278,137,24,14,-1,-1,-1
1835,112,313,110,59,29,-1,-1,-1
1836,110,392,145,73,53,-1,-1,-1
1836,111,274,138,24,14,-1,-1,-1
1836,112,305,110,62,30,-1,-1,-1
1837,110,403,143,69,52,-1,-1,-1
1837,112,297,110,63,31,-1,-1,-1
1838,110,414,140,66,51,-1,-1,-1
1838,112,290,111,65,33,-1,-1,-1
1839,110,423,137,63,50,-1,-1,-1
1839,112,282,112,66,34,-1,-1,-1
1840,110,432,135,60,49,-1,-1,-1
1840,112,274,114,66,34,-1,-1,-1
1841,110,441,133,57,47,-1,-1,-1
1841,112,267,116,65,33,-1,-1,-1
1842,110,449,132,54,45,-1,-1,-1
1842,112,260,117,64,32,-1,-1,-1
1843,110,456,130,52,42,-1,-1,-1
1843,112,257,117,64,32,-1,-1,-1
1844,110,460,130,51,41,-1,-1,-1
1844,112,255,117,65,33,-1,-1,-1
1845,110,462,130,50,40,-1,-1,-1
1849,113,500,124,36,30,-1,-1,-1
1850,113,501,124,35,29,-1,-1,-1
1850,114,149,134,55,33,-1,-1,-1
1851,113,502,125,35,28,-1,-1,-1
1851,114,138,133,66,36,-1,-1,-1
1852,114,135,133,70,37,-1,-1,-1
1853,114,131,133,71,38,-1,-1,-1
1860,121,532,96,16,12,-1,-1,-1
1861,115,382,184,27,18,-1,-1,-1
1861,121,531,96,16,12,-1,-1,-1
1862,115,390,181,26,18,-1,-1,-1
1862,121,531,96,16,12,-1,-1,-1
1863,115,396,179,26,17,-1,-1,-1
1863,116,11,146,56,43,-1,-1,-1
1863,121,530,96,16,12,-1,-1,-1
1864,115,401,177,26,17,-1,-1,-1
1864,116,9,148,52,42,-1,-1,-1
1864,121,528,96,16,12,-1,-1,-1
1865,115,403,176,25,17,-1,-1,-1
1865,116,8,148,51,41,-1,-1,-1
1865,117,526,97,16,12,-1,-1,-1
1865,121,527,96,16,12,-1,-1,-1
1866,117,524,97,16,12,-1,-1,-1
1866,121,525,96,16,12,-1,-1,-1
1867,117,523,97,16,12,-1,-1,-1
1867,118,494,100,16,11,-1,-1,-1
1867,121,523,96,16,12,-1,-1,-1
1868,117,522,97,16,12,-1,-1,-1
1868,118,492,100,16,11,-1,-1,-1
1868,121,521,96,16,12,-1,-1,-1
1869,117,520,97,16,11,-1,-1,-1
1869,118,490,101,16,11,-1,-1,-1
1869,121,519,96,16,12,-1,-1,-1
1870,117,518,97,16,11,-1,-1,-1
1870,118,488,102,16,11,-1,-1,-1
1870,121,518,97,17,12,-1,-1,-1
1871,117,518,97,16,11,-1,-1,-1
1871,118,486,102,16,11,-1,-1,-1
1871,121,516,97,17,12,-1,-1,-1
1872,117,517,97,16,11,-1,-1,-1
1872,118,484,103,16,11,-1,-1,-1
1872,119,472,150,22,14,-1,-1,-1
1872,121,514,97,17,12,-1,-1,-1
1873,118,482,103,16,11,-1,-1,-1
1873,119,477,149,21,13,-1,-1,-1
1873,121,512,97,17,12,-1,-1,-1
1874,118,479,103,16,12,-1,-1,-1
1874,119,481,148,21,13,-1,-1,-1
1874,121,510,97,17,12,-1,-1,-1
1875,118,476,103,16,12,-1,-1,-1
1875,119,486,147,20,13,-1,-1,-1
1875,121,509,97,17,12,-1,-1,-1
1876,118,474,103,16,12,-1,-1,-1
1876,119,491,145,20,13,-1,-1,-1
1876,121,507,97,17,12,-1,-1,-1
1877,118,474,103,16,12,-1,-1,-1
1877,119,495,143,20,13,-1,-1,-1
1877,121,506,97,17,13,-1,-1,-1
1878,119,500,141,19,13,-1,-1,-1
1878,121,504,97,17,13,-1,-1,-1
1879,119,502,141,19,13,-1,-1,-1
1879,121,502,97,17,13,-1,-1,-1
1880,119,504,140,19,13,-1,-1,-1
1880,121,501,98,17,13,-1,-1,-1
1881,121,499,98,17,13,-1,-1,-1
1882,121,497,98,17,13,-1,-1,-1
1883,120,446,107,18,13,-1,-1,-1
1883,121,495,98,17,13,-1,-1,-1
1884,120,444,108,18,13,-1,-1,-1
1884,121,493,99,17,13,-1,-1,-1
1885,120,441,108,18,13,-1,-1,-1
1885,121,491,99,17,13,-1,-1,-1
1886,120,438,109,18,13,-1,-1,-1
1886,121,489,99,16,13,-1,-1,-1
1887,120,435,109,18,13,-1,-1,-1
1887,121,486,100,16,13,-1,-1,-1
1888,120,431,110,18,13,-1,-1,-1
1888,121,483,101,16,13,-1,-1,-1
1889,120,427,111,18,13,-1,-1,-1
1889,121,480,101,17,13,-1,-1,-1
1890,120,422,111,19,13,-1,-1,-1
1890,121,477,101,18,13,-1,-1,-1
1891,120,418,111,19,13,-1,-1,-1
1891,121,475,102,18,13,-1,-1,-1
1892,120,413,112,19,13,-1,-1,-1
1892,121,472,102,18,13,-1,-1,-1
1893,120,408,112,19,13,-1,-1,-1
1893,121,469,102,18,13,-1,-1,-1
1894,120,402,113,20,14,-1,-1,-1
1894,121,466,103,18,13,-1,-1,-1
1895,120,397,114,20,14,-1,-1,-1
1895,121,463,103,18,13,-1,-1,-1
1896,120,391,114,21,14,-1,-1,-1
1896,121,460,103,18,14,-1,-1,-1
1897,120,385,114,22,14,-1,-1,-1
1897,121,457,103,18,14,-1,-1,-1
1898,120,379,115,23,15,-1,-1,-1
1898,121,454,103,19,15,-1,-1,-1
1899,120,374,116,23,15,-1,-1,-1
1899,121,451,103,19,15,-1,-1,-1
1900,120,367,116,23,15,-1,-1,-1
1900,121,448,103,19,15,-1,-1,-1
1901,120,361,117,23,15,-1,-1,-1
1901,121,445,104,19,15,-1,-1,-1
1902,120,355,118,22,15,-1,-1,-1
1902,121,441,105,19,15,-1,-1,-1
1903,120,348,119,23,15,-1,-1,-1
1903,121,438,105,19,15,-1,-1,-1
1904,120,344,120,23,15,-1,-1,-1
1904,121,434,105,19,15,-1,-1,-1
1905,120,342,121,23,15,-1,-1,-1
1905,121,431,106,19,15,-1,-1,-1
1906,121,426,107,20,15,-1,-1,-1
1907,121,422,107,21,15,-1,-1,-1
1908,121,418,108,21,15,-1,-1,-1
1909,121,413,108,21,15,-1,-1,-1
1910,121,409,109,22,15,-1,-1,-1
1911,121,405,109,22,15,-1,-1,-1
1912,121,400,110,22,16,-1,-1,-1
1913,121,395,110,22,16,-1,-1,-1
1914,121,390,110,23,17,-1,-1,-1
1915,121,384,111,24,18,-1,-1,-1
1916,121,379,111,24,18,-1,-1,-1
1917,121,373,112,24,18,-1,-1,-1
1918,121,368,113,24,17,-1,-1,-1
1919,121,363,114,25,17,-1,-1,-1
1920,121,357,114,25,18,-1,-1,-1
1921,121,350,115,25,18,-1,-1,-1
1922,121,344,116,25,18,-1,-1,-1
1923,121,337,117,26,19,-1,-1,-1
1924,121,330,118,27,20,-1,-1,-1
1925,121,322,118,28,20,-1,-1,-1
1926,121,313,119,30,21,-1,-1,-1
1927,121,305,120,30,21,-1,-1,-1
1928,121,297,121,31,22,-1,-1,-1
1929,121,289,122,31,22,-1,-1,-1
1930,121,281,123,32,22,-1,-1,-1
1931,121,272,125,31,22,-1,-1,-1
1932,121,263,126,31,22,-1,-1,-1
1933,121,254,127,32,23,-1,-1,-1
1934,121,243,127,32,24,-1,-1,-1
1935,121,232,128,34,26,-1,-1,-1
1936,121,220,128,35,28,-1,-1,-1
1937,121,208,130,36,30,-1,-1,-1
1938,121,195,131,37,31,-1,-1,-1
1939,121,182,132,38,32,-1,-1,-1
1940,121,167,134,41,32,-1,-1,-1
1941,121,152,136,42,32,-1,-1,-1
1942,121,136,138,45,32,-1,-1,-1
1943,121,118,140,46,32,-1,-1,-1
1944,121,109,142,47,32,-1,-1,-1
1945,121,102,143,48,32,-1,-1,-1
1959,122,446,108,18,13,-1,-1,-1
1960,122,443,108,18,13,-1,-1,-1
1961,122,441,108,18,13,-1,-1,-1
1962,122,437,109,18,13,-1,-1,-1
1963,122,434,109,18,13,-1,-1,-1
1964,122,431,110,19,13,-1,-1,-1
1965,122,426,110,19,13,-1,-1,-1
1966,122,422,110,19,13,-1,-1,-1
1967,122,417,111,19,13,-1,-1,-1
1968,122,412,112,19,13,-1,-1,-1
1969,122,407,112,20,13,-1,-1,-1
1970,122,402,113,20,13,-1,-1,-1
1971,122,397,114,20,13,-1,-1,-1
1972,122,392,114,20,13,-1,-1,-1
1973,122,386,115,21,14,-1,-1,-1
1974,122,381,115,22,14,-1,-1,-1
1975,122,375,116,22,14,-1,-1,-1
1976,122,369,117,22,15,-1,-1,-1
1977,122,364,117,21,15,-1,-1,-1
1978,122,357,118,22,15,-1,-1,-1
1979,122,350,120,22,15,-1,-1,-1
1980,122,343,121,24,15,-1,-1,-1
1981,122,335,123,24,15,-1,-1,-1
1982,122,328,124,25,15,-1,-1,-1
1983,122,319,125,26,15,-1,-1,-1
1984,122,310,126,26,15,-1,-1,-1
1985,122,301,127,27,15,-1,-1,-1
1986,122,292,128,27,15,-1,-1,-1
1987,122,284,129,27,16,-1,-1,-1
1988,122,275,130,27,16,-1,-1,-1
1989,122,270,130,27,17,-1,-1,-1
1990,122,267,131,27,17,-1,-1,-1
1992,123,462,150,25,19,-1,-1,-1
1993,123,466,148,25,19,-1,-1,-1
1994,123,471,147,24,19,-1,-1,-1
1995,123,476,145,23,19,-1,-1,-1
1996,123,482,144,22,19,-1,-1,-1
1997,123,488,142,21,18,-1,-1,-1
1998,123,494,140,21,18,-1,-1,-1
1999,123,499,138,21,18,-1,-1,-1
2000,123,505,136,21,17,-1,-1,-1
2001,123,510,135,21,17,-1,-1,-1
2002,123,514,133,21,17,-1,-1,-1
2003,123,517,132,21,17,-1,-1,-1
2004,123,518,132,21,17,-1,-1,-1
2048,124,533,95,16,12,-1,-1,-1
2049,124,532,95,16,12,-1,-1,-1
2050,124,531,95,16,12,-1,-1,-1
2051,124,529,95,16,12,-1,-1,-1
2052,124,528,95,16,12,-1,-1,-1
2053,124,527,95,17,12,-1,-1,-1
2054,124,525,95,17,12,-1,-1,-1
2055,124,524,95,17,12,-1,-1,-1
2056,124,522,95,17,12,-1,-1,-1
2057,124,521,95,17,13,-1,-1,-1
2058,124,520,95,17,13,-1,-1,-1
2059,124,520,95,17,13,-1,-1,-1
2063,125,507,97,19,13,-1,-1,-1
2064,125,505,97,19,13,-1,-1,-1
2065,125,504,97,19,13,-1,-1,-1
2066,125,503,97,18,13,-1,-1,-1
2067,125,501,97,18,13,-1,-1,-1
2068,125,500,98,18,13,-1,-1,-1
2069,125,498,98,18,13,-1,-1,-1
2070,125,496,98,18,13,-1,-1,-1
2071,125,494,98,18,14,-1,-1,-1
2072,125,492,98,18,14,-1,-1,-1
2073,125,490,99,18,14,-1,-1,-1
2074,125,487,99,18,14,-1,-1,-1
2075,125,484,100,19,15,-1,-1,-1
2076,125,481,100,20,15,-1,-1,-1
2077,125,478,100,21,15,-1,-1,-1
2078,125,475,100,21,15,-1,-1,-1
2079,125,473,101,20,15,-1,-1,-1
2080,125,470,101,20,15,-1,-1,-1
2081,125,468,101,20,15,-1,-1,-1
2082,125,465,102,20,15,-1,-1,-1
2083,125,462,102,20,15,-1,-1,-1
2084,125,459,102,20,15,-1,-1,-1
2085,125,456,102,20,16,-1,-1,-1
2086,125,453,102,20,16,-1,-1,-1
2087,125,450,102,21,15,-1,-1,-1
2088,125,447,102,21,16,-1,-1,-1
2089,125,444,103,21,15,-1,-1,-1
2090,125,440,104,21,15,-1,-1,-1
2091,125,437,105,21,15,-1,-1,-1
2092,125,433,106,21,15,-1,-1,-1
2093,125,429,107,21,16,-1,-1,-1
2094,125,425,107,22,16,-1,-1,-1
2095,125,421,107,23,16,-1,-1,-1
2096,125,419,108,23,16,-1,-1,-1
2097,125,418,108,23,16,-1,-1,-1
