1,1,125,135,75,38,-1,-1,-1
1,2,350,123,23,15,-1,-1,-1
1,6,495,130,33,27,-1,-1,-1
2,1,112,135,79,39,-1,-1,-1
2,2,345,124,24,15,-1,-1,-1
2,6,498,130,32,25,-1,-1,-1
3,1,102,136,79,40,-1,-1,-1
3,2,341,124,24,15,-1,-1,-1
3,6,501,129,32,24,-1,-1,-1
4,1,88,138,80,41,-1,-1,-1
4,2,334,125,24,16,-1,-1,-1
4,3,444,109,18,12,-1,-1,-1
4,4,601,104,16,11,-1,-1,-1
4,6,505,128,32,23,-1,-1,-1
5,1,82,138,79,41,-1,-1,-1
5,2,327,127,24,16,-1,-1,-1
5,3,441,109,18,12,-1,-1,-1
5,4,601,104,16,11,-1,-1,-1
5,6,509,127,32,24,-1,-1,-1
6,1,77,139,79,41,-1,-1,-1
6,2,319,128,24,16,-1,-1,-1
6,3,438,109,19,12,-1,-1,-1
6,4,601,104,16,11,-1,-1,-1
6,6,513,125,31,24,-1,-1,-1
7,2,310,129,24,16,-1,-1,-1
7,3,435,109,19,12,-1,-1,-1
7,4,601,104,16,11,-1,-1,-1
7,6,516,124,30,24,-1,-1,-1
8,2,301,130,24,16,-1,-1,-1
8,3,431,110,20,12,-1,-1,-1
8,6,519,123,30,23,-1,-1,-1
9,2,292,131,25,17,-1,-1,-1
9,3,427,111,20,12,-1,-1,-1
9,6,523,123,29,23,-1,-1,-1
10,2,282,132,26,17,-1,-1,-1
10,3,423,111,19,12,-1,-1,-1
10,6,526,122,29,23,-1,-1,-1
11,2,271,133,27,18,-1,-1,-1
11,3,418,112,19,12,-1,-1,-1
11,6,529,122,28,22,-1,-1,-1
12,2,261,135,28,18,-1,-1,-1
12,3,413,113,19,12,-1,-1,-1
12,6,532,121,28,22,-1,-1,-1
13,2,250,136,28,19,-1,-1,-1
13,3,408,113,19,12,-1,-1,-1
13,6,535,121,27,21,-1,-1,-1
14,2,245,137,29,19,-1,-1,-1
14,3,403,114,19,13,-1,-1,-1
14,6,538,120,26,20,-1,-1,-1
15,2,240,138,29,19,-1,-1,-1
15,3,397,115,20,13,-1,-1,-1
15,6,541,120,26,20,-1,-1,-1
16,3,392,115,21,14,-1,-1,-1
16,6,544,119,25,19,-1,-1,-1
17,3,386,116,21,14,-1,-1,-1
17,6,547,119,25,19,-1,-1,-1
18,3,380,116,22,14,-1,-1,-1
18,6,550,118,24,18,-1,-1,-1
19,3,374,117,22,14,-1,-1,-1
19,6,553,118,24,18,-1,-1,-1
20,3,368,118,21,14,-1,-1,-1
20,5,412,156,27,19,-1,-1,-1
20,6,556,117,23,17,-1,-1,-1
21,3,362,119,21,14,-1,-1,-1
21,5,418,154,26,19,-1,-1,-1
21,6,558,116,24,17,-1,-1,-1
22,3,358,120,21,14,-1,-1,-1
22,5,424,152,26,18,-1,-1,-1
22,6,560,116,24,17,-1,-1,-1
23,3,356,120,21,14,-1,-1,-1
23,5,431,149,25,18,-1,-1,-1
23,6,561,115,25,17,-1,-1,-1
24,5,438,147,24,18,-1,-1,-1
24,6,562,115,25,17,-1,-1,-1
25,5,445,145,24,18,-1,-1,-1
26,5,452,143,23,18,-1,-1,-1
27,5,458,141,22,17,-1,-1,-1
28,5,465,139,22,17,-1,-1,-1
28,7,298,130,24,15,-1,-1,-1
29,5,471,137,21,16,-1,-1,-1
29,7,295,130,24,15,-1,-1,-1
30,5,477,135,21,16,-1,-1,-1
30,7,294,130,24,15,-1,-1,-1
31,5,483,133,21,16,-1,-1,-1
32,5,488,132,20,16,-1,-1,-1
33,5,494,130,20,16,-1,-1,-1
34,5,498,129,19,16,-1,-1,-1
35,5,503,128,19,15,-1,-1,-1
36,5,508,127,18,15,-1,-1,-1
37,5,512,125,18,15,-1,-1,-1
37,9,443,158,26,18,-1,-1,-1
38,5,515,124,19,15,-1,-1,-1
38,9,448,156,26,18,-1,-1,-1
39,5,518,123,20,15,-1,-1,-1
39,9,453,155,25,17,-1,-1,-1
40,5,519,123,20,15,-1,-1,-1
40,9,459,153,25,17,-1,-1,-1
41,5,521,123,20,15,-1,-1,-1
41,9,465,151,24,17,-1,-1,-1
42,9,471,149,23,16,-1,-1,-1
43,9,477,147,22,16,-1,-1,-1
44,9,483,145,22,16,-1,-1,-1
45,9,488,143,21,16,-1,-1,-1
46,8,461,145,21,15,-1,-1,-1
46,9,494,141,21,16,-1,-1,-1
47,8,466,143,21,15,-1,-1,-1
47,9,499,139,21,16,-1,-1,-1
48,8,470,142,21,15,-1,-1,-1
48,9,504,138,21,15,-1,-1,-1
49,8,475,140,20,15,-1,-1,-1
49,9,509,137,20,15,-1,-1,-1
50,8,481,138,19,15,-1,-1,-1
50,9,514,135,20,15,-1,-1,-1
51,8,487,136,19,14,-1,-1,-1
51,9,519,133,20,15,-1,-1,-1
52,8,492,134,19,14,-1,-1,-1
52,9,524,132,19,15,-1,-1,-1
53,8,497,133,19,14,-1,-1,-1
53,9,528,130,19,15,-1,-1,-1
54,8,499,132,19,14,-1,-1,-1
54,9,531,129,19,15,-1,-1,-1
55,8,501,132,19,14,-1,-1,-1
55,9,535,129,19,15,-1,-1,-1
56,9,538,129,19,15,-1,-1,-1
57,9,541,127,19,15,-1,-1,-1
58,9,542,127,19,15,-1,-1,-1
59,9,543,126,19,15,-1,-1,-1
76,10,588,111,14,13,-1,-1,-1
77,10,589,111,14,13,-1,-1,-1
78,10,589,111,14,13,-1,-1,-1
141,11,502,137,21,17,-1,-1,-1
142,11,504,137,21,17,-1,-1,-1
143,11,504,137,21,17,-1,-1,-1
320,12,496,101,16,11,-1,-1,-1
321,12,495,101,16,11,-1,-1,-1
322,12,495,101,16,11,-1,-1,-1
331,13,480,104,15,12,-1,-1,-1
332,13,479,104,15,12,-1,-1,-1
333,13,478,104,16,12,-1,-1,-1
334,13,476,104,16,12,-1,-1,-1
335,13,474,104,16,12,-1,-1,-1
336,13,472,104,16,12,-1,-1,-1
337,13,471,104,16,12,-1,-1,-1
338,13,469,104,16,12,-1,-1,-1
339,13,467,104,16,12,-1,-1,-1
340,13,465,104,16,12,-1,-1,-1
341,13,463,105,16,12,-1,-1,-1
342,13,461,106,16,11,-1,-1,-1
343,13,459,107,16,11,-1,-1,-1
344,13,456,107,16,11,-1,-1,-1
345,13,454,107,16,12,-1,-1,-1
346,13,451,107,17,12,-1,-1,-1
347,13,449,107,17,12,-1,-1,-1
348,13,447,108,18,12,-1,-1,-1
349,13,445,108,18,12,-1,-1,-1
350,13,443,109,18,12,-1,-1,-1
351,13,440,109,18,13,-1,-1,-1
352,13,438,109,18,13,-1,-1,-1
353,13,436,109,18,13,-1,-1,-1
354,13,434,109,18,13,-1,-1,-1
355,13,431,110,19,13,-1,-1,-1
356,13,428,110,19,13,-1,-1,-1
357,13,426,110,19,14,-1,-1,-1
358,13,423,110,19,14,-1,-1,-1
359,13,420,111,19,14,-1,-1,-1
360,13,417,111,19,14,-1,-1,-1
361,13,414,112,19,14,-1,-1,-1
362,13,410,112,19,14,-1,-1,-1
363,13,407,112,19,13,-1,-1,-1
364,13,404,113,20,13,-1,-1,-1
365,13,401,113,20,13,-1,-1,-1
366,13,398,114,20,13,-1,-1,-1
367,13,394,115,21,13,-1,-1,-1
368,13,391,115,21,13,-1,-1,-1
369,13,387,115,22,13,-1,-1,-1
370,13,384,116,22,14,-1,-1,-1
371,13,379,116,22,14,-1,-1,-1
372,13,376,116,22,14,-1,-1,-1
373,13,372,117,22,14,-1,-1,-1
374,13,369,117,23,15,-1,-1,-1
375,13,366,117,23,15,-1,-1,-1
376,13,362,118,23,15,-1,-1,-1
377,13,358,119,22,14,-1,-1,-1
378,13,354,120,22,14,-1,-1,-1
379,13,350,121,22,14,-1,-1,-1
380,13,346,122,23,14,-1,-1,-1
381,13,341,123,23,14,-1,-1,-1
382,13,337,123,23,14,-1,-1,-1
383,13,333,124,23,15,-1,-1,-1
384,13,328,125,23,15,-1,-1,-1
385,13,322,125,24,15,-1,-1,-1
386,13,316,126,24,15,-1,-1,-1
387,13,310,127,24,15,-1,-1,-1
388,13,305,127,25,16,-1,-1,-1
389,13,300,128,25,16,-1,-1,-1
390,13,294,128,25,16,-1,-1,-1
391,13,289,128,26,16,-1,-1,-1
392,13,283,129,26,16,-1,-1,-1
393,13,278,129,27,16,-1,-1,-1
394,13,272,130,27,17,-1,-1,-1
395,13,266,130,27,17,-1,-1,-1
396,13,259,131,27,17,-1,-1,-1
397,13,253,133,27,17,-1,-1,-1
398,13,246,134,27,18,-1,-1,-1
399,13,239,135,28,18,-1,-1,-1
400,13,232,136,29,19,-1,-1,-1
401,13,224,137,29,19,-1,-1,-1
402,13,216,138,30,20,-1,-1,-1
403,13,208,139,31,20,-1,-1,-1
404,13,198,140,32,21,-1,-1,-1
405,13,190,141,33,22,-1,-1,-1
406,13,181,142,33,22,-1,-1,-1
407,13,173,143,33,22,-1,-1,-1
408,13,164,144,33,22,-1,-1,-1
409,13,155,145,33,22,-1,-1,-1
410,13,144,147,34,21,-1,-1,-1
411,13,133,149,35,21,-1,-1,-1
412,13,123,150,36,21,-1,-1,-1
413,13,111,151,36,22,-1,-1,-1
414,13,99,153,37,22,-1,-1,-1
415,13,87,154,38,23,-1,-1,-1
416,13,75,156,39,24,-1,-1,-1
417,13,62,158,40,24,-1,-1,-1
418,13,48,160,40,24,-1,-1,-1
419,13,35,162,41,25,-1,-1,-1
420,13,24,165,39,24,-1,-1,-1
421,13,18,166,39,24,-1,-1,-1
422,13,14,166,37,24,-1,-1,-1
448,14,477,102,18,13,-1,-1,-1
449,14,475,102,18,13,-1,-1,-1
450,14,473,102,19,13,-1,-1,-1
451,14,470,101,19,14,-1,-1,-1
452,14,467,102,19,14,-1,-1,-1
453,14,464,102,19,14,-1,-1,-1
454,14,461,102,20,15,-1,-1,-1
455,14,458,102,20,15,-1,-1,-1
456,14,455,102,20,15,-1,-1,-1
457,14,452,103,20,15,-1,-1,-1
458,14,448,103,21,15,-1,-1,-1
459,14,444,104,21,15,-1,-1,-1
460,14,440,105,21,15,-1,-1,-1
461,14,436,106,22,15,-1,-1,-1
462,14,433,107,22,15,-1,-1,-1
463,14,429,108,22,15,-1,-1,-1
464,14,424,108,22,15,-1,-1,-1
465,14,419,109,23,15,-1,-1,-1
466,14,414,109,24,15,-1,-1,-1
467,14,409,109,24,16,-1,-1,-1
468,14,405,109,25,16,-1,-1,-1
469,14,400,110,25,16,-1,-1,-1
470,14,395,110,25,16,-1,-1,-1
471,14,390,111,26,16,-1,-1,-1
472,14,384,112,27,16,-1,-1,-1
473,14,378,112,28,16,-1,-1,-1
474,14,373,113,28,17,-1,-1,-1
475,14,367,114,27,17,-1,-1,-1
476,14,361,115,27,17,-1,-1,-1
477,14,355,116,28,17,-1,-1,-1
478,14,348,116,29,18,-1,-1,-1
479,14,340,117,30,18,-1,-1,-1
480,14,332,118,33,19,-1,-1,-1
481,14,323,119,34,20,-1,-1,-1
482,14,313,120,36,20,-1,-1,-1
483,14,303,121,37,21,-1,-1,-1
484,14,293,123,37,21,-1,-1,-1
485,14,282,124,38,21,-1,-1,-1
485,15,442,155,28,23,-1,-1,-1
486,14,272,125,39,21,-1,-1,-1
486,15,447,153,27,22,-1,-1,-1
487,14,262,126,40,22,-1,-1,-1
487,15,451,152,26,21,-1,-1,-1
488,14,251,126,42,24,-1,-1,-1
488,15,457,150,25,20,-1,-1,-1
489,14,240,127,44,26,-1,-1,-1
489,15,463,148,25,20,-1,-1,-1
490,14,227,127,47,27,-1,-1,-1
490,15,470,146,25,20,-1,-1,-1
491,14,215,129,48,29,-1,-1,-1
491,15,475,144,24,20,-1,-1,-1
492,14,202,130,49,30,-1,-1,-1
492,15,481,143,23,20,-1,-1,-1
493,14,189,133,47,29,-1,-1,-1
493,15,486,141,23,20,-1,-1,-1
494,14,175,135,47,29,-1,-1,-1
494,15,491,139,23,19,-1,-1,-1
495,14,159,137,49,30,-1,-1,-1
495,15,496,137,23,18,-1,-1,-1
496,14,141,137,56,32,-1,-1,-1
496,15,501,136,22,18,-1,-1,-1
497,14,123,138,61,33,-1,-1,-1
497,15,506,135,22,17,-1,-1,-1
498,14,105,141,62,34,-1,-1,-1
498,15,511,133,21,17,-1,-1,-1
499,14,88,143,62,35,-1,-1,-1
499,15,515,132,21,17,-1,-1,-1
500,14,79,145,61,34,-1,-1,-1
500,15,518,131,21,17,-1,-1,-1
501,14,74,145,61,35,-1,-1,-1
501,15,522,129,22,17,-1,-1,-1
502,15,525,128,22,16,-1,-1,-1
503,15,528,127,22,16,-1,-1,-1
504,15,531,126,21,15,-1,-1,-1
505,15,534,125,21,15,-1,-1,-1
506,15,537,124,21,15,-1,-1,-1
507,15,540,124,20,15,-1,-1,-1
508,15,543,123,20,15,-1,-1,-1
509,15,546,123,19,14,-1,-1,-1
510,15,549,122,19,14,-1,-1,-1
511,15,552,122,19,14,-1,-1,-1
512,15,555,121,18,14,-1,-1,-1
513,15,558,120,18,14,-1,-1,-1
514,15,560,119,18,14,-1,-1,-1
515,15,563,118,18,14,-1,-1,-1
516,15,565,118,19,14,-1,-1,-1
517,15,566,117,19,14,-1,-1,-1
518,15,568,117,19,14,-1,-1,-1
519,15,569,116,19,14,-1,-1,-1
520,15,570,116,19,14,-1,-1,-1
523,16,581,113,17,13,-1,-1,-1
524,16,582,112,17,13,-1,-1,-1
525,16,583,112,17,13,-1,-1,-1
525,18,189,171,161,86,-1,-1,-1
526,16,584,111,17,13,-1,-1,-1
526,18,211,165,149,86,-1,-1,-1
527,16,586,111,17,13,-1,-1,-1
527,18,227,161,143,85,-1,-1,-1
528,16,587,111,17,13,-1,-1,-1
528,18,250,157,133,82,-1,-1,-1
529,16,588,110,17,12,-1,-1,-1
529,18,271,154,125,77,-1,-1,-1
530,16,590,110,17,12,-1,-1,-1
530,18,292,150,118,72,-1,-1,-1
531,16,592,109,17,12,-1,-1,-1
531,18,313,147,110,69,-1,-1,-1
532,16,593,109,16,12,-1,-1,-1
532,18,331,143,105,66,-1,-1,-1
533,16,595,109,16,12,-1,-1,-1
533,18,348,140,99,62,-1,-1,-1
534,16,596,108,16,12,-1,-1,-1
534,18,364,138,94,59,-1,-1,-1
535,16,598,108,16,12,-1,-1,-1
535,18,378,137,89,55,-1,-1,-1
536,16,598,108,16,12,-1,-1,-1
536,18,390,135,84,53,-1,-1,-1
537,16,599,108,16,12,-1,-1,-1
537,18,402,132,80,51,-1,-1,-1
538,16,599,108,16,12,-1,-1,-1
538,18,414,131,76,50,-1,-1,-1
539,18,425,129,72,49,-1,-1,-1
540,18,435,128,68,47,-1,-1,-1
541,18,443,126,64,46,-1,-1,-1
542,18,452,125,60,45,-1,-1,-1
543,18,460,124,57,42,-1,-1,-1
544,18,469,123,54,40,-1,-1,-1
545,18,476,122,49,38,-1,-1,-1
546,18,484,121,45,37,-1,-1,-1
547,18,491,119,41,36,-1,-1,-1
548,18,498,118,40,36,-1,-1,-1
549,18,504,117,38,35,-1,-1,-1
550,18,509,116,37,35,-1,-1,-1
551,18,514,115,36,34,-1,-1,-1
552,18,518,114,35,32,-1,-1,-1
552,20,450,108,18,12,-1,-1,-1
553,18,523,114,33,29,-1,-1,-1
553,20,447,109,19,12,-1,-1,-1
554,18,528,114,31,27,-1,-1,-1
554,20,445,109,19,12,-1,-1,-1
555,17,496,132,19,14,-1,-1,-1
555,18,533,114,30,25,-1,-1,-1
555,20,442,109,20,12,-1,-1,-1
556,17,499,131,19,14,-1,-1,-1
556,18,536,113,31,26,-1,-1,-1
556,20,439,110,20,12,-1,-1,-1
557,17,502,130,18,13,-1,-1,-1
557,18,540,112,31,26,-1,-1,-1
557,20,436,110,20,12,-1,-1,-1
558,17,507,129,18,13,-1,-1,-1
558,18,543,112,31,25,-1,-1,-1
558,20,433,110,20,13,-1,-1,-1
559,17,511,128,18,13,-1,-1,-1
559,18,546,111,31,24,-1,-1,-1
559,20,430,111,19,13,-1,-1,-1
559,21,444,150,23,16,-1,-1,-1
560,17,515,126,19,13,-1,-1,-1
560,18,549,110,31,24,-1,-1,-1
560,20,426,112,19,13,-1,-1,-1
560,21,450,148,22,16,-1,-1,-1
561,17,517,126,19,13,-1,-1,-1
561,18,552,109,30,24,-1,-1,-1
561,20,422,112,19,13,-1,-1,-1
561,21,454,147,21,16,-1,-1,-1
562,17,518,125,19,13,-1,-1,-1
562,18,555,108,29,24,-1,-1,-1
562,20,418,112,19,13,-1,-1,-1
562,21,461,145,20,16,-1,-1,-1
563,18,557,107,29,23,-1,-1,-1
563,20,413,113,19,13,-1,-1,-1
563,21,467,143,20,15,-1,-1,-1
564,18,560,107,28,23,-1,-1,-1
564,20,408,113,19,13,-1,-1,-1
564,21,473,141,20,15,-1,-1,-1
564,41,684,376,92,27,-1,-1,-1
565,18,563,106,28,23,-1,-1,-1
565,20,404,114,19,13,-1,-1,-1
565,21,479,139,19,15,-1,-1,-1
565,41,672,374,93,29,-1,-1,-1
566,18,565,105,27,23,-1,-1,-1
566,20,399,114,18,13,-1,-1,-1
566,21,484,137,19,15,-1,-1,-1
566,41,659,372,94,30,-1,-1,-1
567,18,568,104,27,23,-1,-1,-1
567,20,394,115,18,13,-1,-1,-1
567,21,490,135,19,15,-1,-1,-1
567,41,641,369,97,31,-1,-1,-1
568,18,570,103,26,23,-1,-1,-1
568,20,389,116,19,13,-1,-1,-1
568,21,495,133,19,15,-1,-1,-1
568,41,624,365,99,33,-1,-1,-1
569,18,572,103,26,22,-1,-1,-1
569,20,384,116,19,13,-1,-1,-1
569,21,500,132,19,15,-1,-1,-1
569,41,609,360,102,39,-1,-1,-1
570,18,573,103,26,22,-1,-1,-1
570,20,378,117,19,13,-1,-1,-1
570,21,505,130,19,14,-1,-1,-1
570,41,593,357,102,42,-1,-1,-1
571,18,574,103,26,21,-1,-1,-1
571,20,373,118,20,13,-1,-1,-1
571,21,509,129,19,14,-1,-1,-1
571,41,576,353,104,47,-1,-1,-1
572,18,575,103,25,21,-1,-1,-1
572,20,367,119,20,13,-1,-1,-1
572,21,513,128,18,14,-1,-1,-1
572,41,561,352,101,46,-1,-1,-1
573,20,361,120,21,12,-1,-1,-1
573,21,517,127,18,13,-1,-1,-1
573,41,548,349,101,47,-1,-1,-1
574,19,493,143,19,15,-1,-1,-1
574,20,356,122,21,13,-1,-1,-1
574,21,520,126,18,13,-1,-1,-1
574,41,534,348,99,44,-1,-1,-1
575,19,497,141,19,15,-1,-1,-1
575,20,349,123,21,12,-1,-1,-1
575,21,524,125,18,13,-1,-1,-1
575,41,522,346,97,44,-1,-1,-1
576,19,500,140,19,15,-1,-1,-1
576,20,342,124,21,12,-1,-1,-1
576,21,527,124,18,12,-1,-1,-1
576,41,510,344,95,43,-1,-1,-1
577,19,504,139,18,14,-1,-1,-1
577,20,335,125,21,12,-1,-1,-1
577,21,531,124,17,12,-1,-1,-1
577,41,499,341,93,44,-1,-1,-1
578,19,508,138,18,14,-1,-1,-1
578,20,327,126,22,13,-1,-1,-1
578,21,534,123,17,12,-1,-1,-1
578,41,488,338,93,45,-1,-1,-1
579,19,511,137,18,14,-1,-1,-1
579,20,319,127,22,13,-1,-1,-1
579,21,538,123,17,12,-1,-1,-1
579,41,479,336,94,45,-1,-1,-1
580,19,515,135,18,14,-1,-1,-1
580,20,312,128,22,14,-1,-1,-1
580,21,541,122,17,12,-1,-1,-1
580,41,469,335,93,44,-1,-1,-1
581,19,519,134,17,13,-1,-1,-1
581,20,304,128,23,14,-1,-1,-1
581,21,544,121,16,12,-1,-1,-1
581,41,462,333,91,43,-1,-1,-1
582,19,523,133,17,13,-1,-1,-1
582,20,300,129,23,15,-1,-1,-1
582,21,547,120,16,11,-1,-1,-1
582,41,454,332,89,43,-1,-1,-1
583,19,526,132,17,13,-1,-1,-1
583,20,297,129,23,15,-1,-1,-1
583,21,550,119,15,11,-1,-1,-1
583,22,527,99,15,9,-1,-1,-1
583,23,476,150,21,18,-1,-1,-1
583,41,447,331,88,43,-1,-1,-1
584,19,530,131,17,12,-1,-1,-1
584,21,553,118,15,11,-1,-1,-1
584,22,526,99,15,9,-1,-1,-1
584,23,481,148,20,18,-1,-1,-1
584,41,441,329,86,42,-1,-1,-1
585,19,533,130,17,12,-1,-1,-1
585,21,555,117,14,11,-1,-1,-1
585,22,525,99,15,9,-1,-1,-1
585,23,484,147,19,17,-1,-1,-1
585,41,435,327,86,42,-1,-1,-1
586,19,535,129,17,12,-1,-1,-1
586,21,557,116,14,11,-1,-1,-1
586,22,524,99,15,9,-1,-1,-1
586,23,489,145,19,17,-1,-1,-1
586,41,430,325,85,43,-1,-1,-1
587,19,536,129,17,12,-1,-1,-1
587,21,559,115,14,11,-1,-1,-1
587,22,524,99,15,10,-1,-1,-1
587,23,493,144,19,16,-1,-1,-1
587,41,425,324,84,43,-1,-1,-1
588,21,562,115,14,11,-1,-1,-1
588,23,498,142,19,16,-1,-1,-1
588,41,421,322,84,44,-1,-1,-1
589,21,564,114,14,11,-1,-1,-1
589,23,503,140,18,16,-1,-1,-1
589,24,549,126,17,12,-1,-1,-1
589,41,416,321,85,43,-1,-1,-1
590,21,567,114,13,10,-1,-1,-1
590,23,508,138,17,15,-1,-1,-1
590,24,550,125,17,12,-1,-1,-1
590,41,412,320,86,44,-1,-1,-1
591,21,569,113,13,10,-1,-1,-1
591,23,513,137,16,15,-1,-1,-1
591,24,551,124,17,12,-1,-1,-1
591,41,408,319,86,44,-1,-1,-1
592,21,571,112,13,10,-1,-1,-1
592,23,517,135,16,15,-1,-1,-1
592,24,553,123,17,12,-1,-1,-1
592,41,404,318,87,44,-1,-1,-1
593,21,572,112,13,11,-1,-1,-1
593,23,521,134,16,14,-1,-1,-1
593,24,556,123,17,12,-1,-1,-1
593,25,504,132,15,13,-1,-1,-1
593,41,401,318,87,43,-1,-1,-1
594,21,573,112,13,11,-1,-1,-1
594,23,525,133,16,14,-1,-1,-1
594,24,558,122,16,12,-1,-1,-1
594,25,507,131,15,13,-1,-1,-1
594,41,398,317,88,43,-1,-1,-1
595,23,529,132,16,14,-1,-1,-1
595,24,560,122,16,12,-1,-1,-1
595,25,509,130,15,13,-1,-1,-1
595,41,396,317,87,43,-1,-1,-1
596,23,533,131,16,14,-1,-1,-1
596,24,562,121,15,12,-1,-1,-1
596,25,513,130,16,12,-1,-1,-1
596,41,394,317,87,42,-1,-1,-1
597,23,536,130,16,13,-1,-1,-1
597,24,565,121,15,12,-1,-1,-1
597,25,516,128,15,12,-1,-1,-1
597,41,391,316,87,42,-1,-1,-1
598,23,540,129,16,13,-1,-1,-1
598,24,567,120,14,12,-1,-1,-1
598,25,520,127,15,12,-1,-1,-1
598,41,388,315,86,41,-1,-1,-1
599,23,543,128,16,13,-1,-1,-1
599,24,569,119,14,12,-1,-1,-1
599,25,522,126,15,12,-1,-1,-1
599,33,494,100,17,11,-1,-1,-1
599,41,385,315,86,41,-1,-1,-1
600,23,546,127,16,13,-1,-1,-1
600,24,571,119,14,12,-1,-1,-1
600,25,523,126,15,12,-1,-1,-1
600,33,492,101,17,11,-1,-1,-1
600,41,384,314,86,40,-1,-1,-1
601,23,548,126,16,13,-1,-1,-1
601,24,573,118,13,12,-1,-1,-1
601,33,490,101,17,11,-1,-1,-1
601,41,382,314,86,41,-1,-1,-1
602,23,551,125,16,13,-1,-1,-1
602,24,575,117,13,12,-1,-1,-1
602,33,488,101,17,11,-1,-1,-1
602,41,382,313,86,41,-1,-1,-1
603,23,553,124,16,13,-1,-1,-1
603,24,577,116,13,12,-1,-1,-1
603,33,486,102,17,11,-1,-1,-1
603,41,381,313,84,41,-1,-1,-1
604,23,556,124,16,13,-1,-1,-1
604,24,579,116,13,12,-1,-1,-1
604,33,484,102,17,11,-1,-1,-1
604,41,380,312,83,42,-1,-1,-1
605,23,559,123,15,13,-1,-1,-1
605,24,581,115,12,12,-1,-1,-1
605,33,481,102,17,11,-1,-1,-1
605,41,380,311,81,43,-1,-1,-1
606,23,562,122,15,13,-1,-1,-1
606,24,583,114,12,11,-1,-1,-1
606,33,478,103,17,11,-1,-1,-1
606,41,379,311,80,43,-1,-1,-1
607,23,564,121,14,13,-1,-1,-1
607,24,584,114,12,11,-1,-1,-1
607,33,476,104,17,11,-1,-1,-1
607,41,378,310,79,43,-1,-1,-1
608,23,566,120,14,13,-1,-1,-1
608,24,586,114,12,11,-1,-1,-1
608,33,472,104,17,11,-1,-1,-1
608,41,377,310,77,43,-1,-1,-1
609,23,567,120,13,13,-1,-1,-1
609,24,587,114,12,11,-1,-1,-1
609,33,470,104,16,11,-1,-1,-1
609,41,375,309,76,42,-1,-1,-1
610,23,568,120,13,12,-1,-1,-1
610,24,588,114,12,11,-1,-1,-1
610,33,467,104,17,11,-1,-1,-1
610,41,375,309,76,42,-1,-1,-1
611,33,464,105,17,12,-1,-1,-1
611,41,374,309,75,42,-1,-1,-1
612,33,461,105,17,12,-1,-1,-1
612,41,373,308,76,42,-1,-1,-1
613,33,457,106,18,12,-1,-1,-1
613,41,373,308,76,43,-1,-1,-1
614,33,453,106,18,13,-1,-1,-1
614,41,372,308,77,43,-1,-1,-1
615,26,581,115,13,11,-1,-1,-1
615,33,449,107,19,13,-1,-1,-1
615,41,371,308,78,43,-1,-1,-1
616,26,581,115,12,11,-1,-1,-1
616,33,445,107,20,13,-1,-1,-1
616,41,371,308,78,43,-1,-1,-1
617,26,582,115,12,11,-1,-1,-1
617,27,413,156,28,20,-1,-1,-1
617,33,441,107,20,13,-1,-1,-1
617,41,371,308,78,43,-1,-1,-1
618,27,419,154,27,19,-1,-1,-1
618,28,501,99,20,11,-1,-1,-1
618,33,437,108,21,14,-1,-1,-1
618,41,371,308,78,43,-1,-1,-1
619,27,425,152,26,18,-1,-1,-1
619,28,500,99,20,11,-1,-1,-1
619,33,434,109,21,14,-1,-1,-1
619,41,371,308,78,43,-1,-1,-1
620,27,433,151,24,17,-1,-1,-1
620,28,500,99,20,11,-1,-1,-1
620,33,430,109,21,14,-1,-1,-1
620,41,371,308,78,43,-1,-1,-1
621,27,440,149,23,16,-1,-1,-1
621,33,427,110,20,14,-1,-1,-1
621,41,370,308,78,43,-1,-1,-1
622,27,447,147,22,16,-1,-1,-1
622,29,492,102,18,11,-1,-1,-1
622,33,423,110,20,14,-1,-1,-1
622,41,370,308,79,43,-1,-1,-1
623,27,454,145,22,16,-1,-1,-1
623,29,491,102,18,11,-1,-1,-1
623,33,419,111,20,14,-1,-1,-1
623,41,370,308,79,43,-1,-1,-1
624,27,460,143,22,16,-1,-1,-1
624,29,489,102,18,11,-1,-1,-1
624,33,414,111,20,14,-1,-1,-1
624,41,370,308,79,43,-1,-1,-1
625,27,465,141,21,16,-1,-1,-1
625,29,488,102,18,11,-1,-1,-1
625,33,409,111,20,14,-1,-1,-1
625,41,370,308,79,43,-1,-1,-1
626,27,471,139,21,15,-1,-1,-1
626,29,488,102,18,11,-1,-1,-1
626,33,404,112,20,14,-1,-1,-1
626,41,370,308,79,43,-1,-1,-1
627,27,478,138,20,15,-1,-1,-1
627,33,398,112,21,14,-1,-1,-1
627,41,370,308,79,43,-1,-1,-1
628,27,484,136,20,14,-1,-1,-1
628,30,477,104,17,10,-1,-1,-1
628,33,392,114,21,14,-1,-1,-1
628,41,370,308,79,43,-1,-1,-1
629,27,490,134,19,14,-1,-1,-1
629,30,474,104,17,10,-1,-1,-1
629,33,387,114,22,14,-1,-1,-1
629,41,370,308,79,43,-1,-1,-1
630,27,495,132,19,14,-1,-1,-1
630,30,473,104,17,11,-1,-1,-1
630,33,381,115,23,14,-1,-1,-1
630,41,370,308,79,43,-1,-1,-1
631,27,500,131,19,14,-1,-1,-1
631,30,470,104,17,11,-1,-1,-1
631,33,376,115,24,14,-1,-1,-1
631,41,370,308,79,43,-1,-1,-1
632,27,502,130,19,14,-1,-1,-1
632,30,468,104,17,11,-1,-1,-1
632,33,370,116,24,14,-1,-1,-1
632,41,370,308,79,43,-1,-1,-1
633,27,504,130,19,14,-1,-1,-1
633,30,465,104,17,11,-1,-1,-1
633,33,364,117,24,15,-1,-1,-1
633,41,370,308,79,43,-1,-1,-1
634,30,461,105,17,11,-1,-1,-1
634,33,358,118,24,14,-1,-1,-1
634,41,370,308,79,43,-1,-1,-1
635,30,459,105,17,11,-1,-1,-1
635,33,351,119,24,14,-1,-1,-1
635,41,370,308,79,43,-1,-1,-1
636,30,458,106,17,11,-1,-1,-1
636,33,344,121,25,14,-1,-1,-1
636,41,370,308,79,43,-1,-1,-1
637,33,337,122,25,15,-1,-1,-1
637,41,370,308,79,43,-1,-1,-1
638,31,444,108,19,12,-1,-1,-1
638,33,329,123,27,15,-1,-1,-1
638,41,370,308,79,43,-1,-1,-1
639,31,440,109,19,12,-1,-1,-1
639,33,321,124,27,15,-1,-1,-1
639,41,370,308,79,42,-1,-1,-1
640,31,438,109,20,12,-1,-1,-1
640,33,312,125,28,16,-1,-1,-1
640,41,370,308,78,42,-1,-1,-1
641,31,434,110,20,12,-1,-1,-1
641,33,304,126,27,16,-1,-1,-1
641,41,370,308,78,42,-1,-1,-1
642,31,432,110,20,12,-1,-1,-1
642,33,296,127,28,16,-1,-1,-1
642,41,370,308,78,42,-1,-1,-1
643,31,428,110,20,12,-1,-1,-1
643,33,288,128,28,16,-1,-1,-1
643,41,370,308,77,42,-1,-1,-1
644,31,424,111,19,12,-1,-1,-1
644,33,278,128,29,17,-1,-1,-1
644,41,370,308,77,42,-1,-1,-1
645,31,419,111,19,12,-1,-1,-1
645,33,268,129,29,18,-1,-1,-1
645,41,370,308,77,42,-1,-1,-1
646,31,417,111,19,12,-1,-1,-1
646,33,258,130,30,19,-1,-1,-1
646,41,370,308,78,42,-1,-1,-1
647,31,416,111,19,12,-1,-1,-1
647,33,248,131,30,20,-1,-1,-1
647,41,370,308,78,42,-1,-1,-1
648,33,235,132,32,21,-1,-1,-1
648,41,370,308,78,43,-1,-1,-1
649,32,394,114,20,13,-1,-1,-1
649,33,222,134,34,22,-1,-1,-1
649,41,370,308,78,43,-1,-1,-1
650,32,390,115,20,13,-1,-1,-1
650,33,208,136,36,23,-1,-1,-1
650,41,370,308,78,43,-1,-1,-1
651,32,386,116,21,13,-1,-1,-1
651,33,194,137,38,24,-1,-1,-1
651,41,370,308,78,43,-1,-1,-1
652,32,381,116,21,13,-1,-1,-1
652,33,180,139,41,25,-1,-1,-1
652,41,369,308,78,43,-1,-1,-1
653,32,376,117,22,13,-1,-1,-1
653,33,166,140,43,26,-1,-1,-1
653,41,368,308,78,42,-1,-1,-1
654,32,370,117,22,14,-1,-1,-1
654,33,151,142,45,26,-1,-1,-1
654,41,367,308,78,42,-1,-1,-1
655,32,365,118,21,13,-1,-1,-1
655,33,143,143,46,26,-1,-1,-1
655,41,366,308,78,42,-1,-1,-1
656,32,359,119,21,13,-1,-1,-1
656,33,138,144,46,26,-1,-1,-1
656,41,365,307,79,42,-1,-1,-1
657,32,353,121,21,13,-1,-1,-1
657,41,365,307,79,42,-1,-1,-1
658,32,345,122,22,13,-1,-1,-1
658,41,364,306,79,42,-1,-1,-1
659,32,338,123,23,13,-1,-1,-1
659,34,579,110,16,12,-1,-1,-1
659,41,364,305,78,42,-1,-1,-1
660,32,329,124,23,14,-1,-1,-1
660,34,580,109,16,12,-1,-1,-1
660,41,362,305,79,42,-1,-1,-1
661,32,321,125,24,14,-1,-1,-1
661,34,581,109,16,12,-1,-1,-1
661,41,360,305,78,43,-1,-1,-1
662,32,313,126,25,15,-1,-1,-1
662,34,582,109,16,12,-1,-1,-1
662,41,358,304,77,43,-1,-1,-1
663,32,304,127,25,15,-1,-1,-1
663,34,583,108,16,12,-1,-1,-1
663,41,357,303,76,44,-1,-1,-1
664,32,300,128,25,15,-1,-1,-1
664,34,583,108,15,12,-1,-1,-1
664,41,356,303,75,44,-1,-1,-1
665,32,297,128,25,15,-1,-1,-1
665,34,584,108,15,12,-1,-1,-1
665,41,354,302,73,44,-1,-1,-1
666,41,352,301,71,43,-1,-1,-1
667,41,349,300,69,42,-1,-1,-1
668,35,247,133,29,19,-1,-1,-1
668,41,346,298,67,41,-1,-1,-1
669,35,238,134,30,20,-1,-1,-1
669,36,254,193,73,58,-1,-1,-1
669,41,341,296,67,42,-1,-1,-1
670,35,230,135,31,20,-1,-1,-1
670,36,268,189,71,57,-1,-1,-1
670,41,336,295,67,42,-1,-1,-1
671,35,219,137,32,21,-1,-1,-1
671,36,279,185,70,56,-1,-1,-1
671,41,332,293,67,43,-1,-1,-1
672,35,213,138,32,21,-1,-1,-1
672,36,295,180,67,54,-1,-1,-1
672,41,328,290,67,44,-1,-1,-1
673,35,208,138,34,21,-1,-1,-1
673,36,310,176,65,52,-1,-1,-1
673,41,325,288,66,44,-1,-1,-1
674,36,327,172,61,50,-1,-1,-1
674,41,322,285,64,43,-1,-1,-1
675,36,341,168,58,48,-1,-1,-1
675,41,319,283,61,42,-1,-1,-1
676,36,355,164,56,45,-1,-1,-1
676,41,316,281,58,41,-1,-1,-1
677,36,367,161,53,44,-1,-1,-1
677,41,313,280,55,39,-1,-1,-1
678,36,380,158,51,42,-1,-1,-1
678,41,311,278,51,37,-1,-1,-1
679,36,391,156,49,40,-1,-1,-1
679,41,309,275,49,36,-1,-1,-1
680,36,401,153,48,39,-1,-1,-1
680,41,307,272,48,36,-1,-1,-1
681,36,413,151,45,37,-1,-1,-1
681,41,306,269,45,35,-1,-1,-1
682,36,423,148,42,36,-1,-1,-1
682,41,306,266,42,35,-1,-1,-1
683,36,432,146,39,35,-1,-1,-1
683,41,305,263,38,34,-1,-1,-1
684,36,440,144,37,33,-1,-1,-1
684,41,305,261,35,33,-1,-1,-1
685,36,449,142,35,31,-1,-1,-1
685,41,305,258,32,32,-1,-1,-1
686,36,456,141,33,29,-1,-1,-1
686,41,305,255,31,30,-1,-1,-1
687,36,463,139,32,28,-1,-1,-1
687,41,306,252,30,30,-1,-1,-1
688,36,469,138,31,27,-1,-1,-1
688,41,306,249,29,29,-1,-1,-1
689,36,475,136,29,26,-1,-1,-1
689,41,306,246,30,30,-1,-1,-1
690,36,481,135,28,25,-1,-1,-1
690,41,306,243,30,30,-1,-1,-1
691,36,487,133,27,24,-1,-1,-1
691,41,307,240,31,30,-1,-1,-1
692,36,493,132,26,23,-1,-1,-1
692,41,307,237,31,30,-1,-1,-1
693,36,498,131,25,22,-1,-1,-1
693,41,308,235,32,29,-1,-1,-1
694,36,503,130,24,21,-1,-1,-1
694,41,309,232,31,29,-1,-1,-1
695,36,507,129,24,21,-1,-1,-1
695,41,311,230,30,28,-1,-1,-1
696,36,511,128,24,20,-1,-1,-1
696,41,314,227,29,27,-1,-1,-1
697,36,515,128,24,19,-1,-1,-1
697,37,490,98,21,15,-1,-1,-1
697,41,317,224,28,26,-1,-1,-1
698,36,516,128,24,19,-1,-1,-1
698,37,488,99,22,15,-1,-1,-1
698,41,320,221,28,25,-1,-1,-1
699,36,518,127,24,19,-1,-1,-1
699,37,487,99,22,15,-1,-1,-1
699,41,323,218,28,25,-1,-1,-1
700,37,484,99,23,15,-1,-1,-1
700,41,326,215,29,25,-1,-1,-1
701,37,481,99,24,15,-1,-1,-1
701,41,329,212,29,25,-1,-1,-1
702,37,477,100,24,15,-1,-1,-1
702,41,332,210,29,25,-1,-1,-1
703,37,474,100,25,15,-1,-1,-1
703,41,336,207,28,24,-1,-1,-1
704,37,470,100,26,15,-1,-1,-1
704,41,340,205,27,23,-1,-1,-1
705,37,467,101,26,15,-1,-1,-1
705,41,345,203,27,22,-1,-1,-1
706,37,463,101,27,15,-1,-1,-1
706,41,350,201,27,22,-1,-1,-1
707,37,460,102,27,15,-1,-1,-1
707,41,356,199,28,21,-1,-1,-1
708,37,458,102,27,15,-1,-1,-1
708,41,361,197,29,22,-1,-1,-1
709,37,457,102,27,15,-1,-1,-1
709,41,366,193,28,22,-1,-1,-1
710,41,371,190,28,21,-1,-1,-1
711,41,376,188,27,20,-1,-1,-1
712,41,380,187,27,19,-1,-1,-1
713,41,386,185,27,19,-1,-1,-1
714,41,392,183,27,18,-1,-1,-1
715,41,397,181,27,18,-1,-1,-1
716,41,403,178,27,18,-1,-1,-1
717,41,408,177,27,17,-1,-1,-1
718,41,414,175,27,17,-1,-1,-1
719,38,459,107,17,11,-1,-1,-1
719,41,419,173,27,17,-1,-1,-1
720,38,458,107,17,11,-1,-1,-1
720,41,425,172,27,16,-1,-1,-1
721,38,458,107,17,11,-1,-1,-1
721,41,430,170,26,16,-1,-1,-1
722,41,435,168,26,16,-1,-1,-1
723,41,440,166,25,16,-1,-1,-1
724,41,445,163,25,15,-1,-1,-1
725,41,450,161,24,15,-1,-1,-1
726,39,434,111,20,12,-1,-1,-1
726,41,455,159,23,15,-1,-1,-1
727,39,431,112,20,12,-1,-1,-1
727,41,460,157,23,15,-1,-1,-1
728,39,430,112,21,12,-1,-1,-1
728,41,465,156,22,15,-1,-1,-1
729,39,429,112,20,12,-1,-1,-1
729,41,469,154,21,14,-1,-1,-1
730,40,320,113,61,29,-1,-1,-1
730,41,474,153,21,14,-1,-1,-1
731,40,314,114,61,30,-1,-1,-1
731,41,479,152,20,14,-1,-1,-1
732,40,308,114,64,31,-1,-1,-1
732,41,483,150,20,14,-1,-1,-1
733,40,300,115,66,33,-1,-1,-1
733,41,487,149,20,14,-1,-1,-1
733,42,594,106,18,15,-1,-1,-1
734,40,293,115,67,34,-1,-1,-1
734,41,490,147,20,14,-1,-1,-1
734,42,595,106,18,15,-1,-1,-1
735,40,285,117,68,34,-1,-1,-1
735,41,494,145,20,14,-1,-1,-1
735,42,595,106,18,15,-1,-1,-1
736,40,281,117,68,35,-1,-1,-1
736,41,498,143,20,14,-1,-1,-1
736,42,595,106,18,15,-1,-1,-1
736,44,382,117,21,13,-1,-1,-1
737,40,278,118,68,34,-1,-1,-1
737,41,501,142,20,14,-1,-1,-1
737,44,379,117,21,13,-1,-1,-1
738,41,503,142,20,14,-1,-1,-1
738,44,376,118,21,13,-1,-1,-1
739,41,504,141,20,14,-1,-1,-1
739,44,371,119,21,13,-1,-1,-1
740,43,212,128,56,35,-1,-1,-1
740,44,365,120,21,13,-1,-1,-1
741,43,203,128,62,36,-1,-1,-1
741,44,359,121,22,12,-1,-1,-1
742,43,193,129,71,37,-1,-1,-1
742,44,351,123,22,12,-1,-1,-1
743,43,187,130,74,38,-1,-1,-1
743,44,344,124,23,13,-1,-1,-1
744,43,181,131,80,37,-1,-1,-1
744,44,336,125,24,13,-1,-1,-1
745,44,333,125,24,14,-1,-1,-1
746,44,330,126,24,14,-1,-1,-1
751,45,13,159,46,39,-1,-1,-1
752,45,11,159,49,40,-1,-1,-1
753,45,11,159,49,40,-1,-1,-1
784,46,509,100,15,12,-1,-1,-1
785,46,507,100,15,12,-1,-1,-1
786,46,506,100,15,12,-1,-1,-1
787,46,504,100,16,12,-1,-1,-1
788,46,501,100,16,13,-1,-1,-1
789,46,499,100,17,13,-1,-1,-1
790,46,496,100,17,13,-1,-1,-1
791,46,493,100,18,13,-1,-1,-1
792,46,490,101,17,13,-1,-1,-1
793,46,487,101,17,14,-1,-1,-1
794,46,484,101,18,14,-1,-1,-1
795,46,481,102,18,14,-1,-1,-1
796,46,478,102,18,13,-1,-1,-1
796,47,446,157,22,16,-1,-1,-1
797,46,475,103,18,13,-1,-1,-1
797,47,450,156,22,15,-1,-1,-1
798,46,472,103,17,13,-1,-1,-1
798,47,452,155,22,15,-1,-1,-1
799,46,469,103,17,13,-1,-1,-1
799,47,453,155,23,15,-1,-1,-1
800,46,466,104,17,13,-1,-1,-1
801,46,462,104,17,13,-1,-1,-1
802,46,458,104,17,13,-1,-1,-1
803,46,454,104,18,14,-1,-1,-1
804,46,450,105,18,14,-1,-1,-1
805,46,445,106,18,14,-1,-1,-1
805,48,487,105,15,10,-1,-1,-1
806,46,441,107,19,14,-1,-1,-1
806,48,485,105,15,11,-1,-1,-1
807,46,436,108,19,14,-1,-1,-1
807,48,484,105,15,10,-1,-1,-1
808,46,432,108,19,15,-1,-1,-1
808,48,482,105,15,11,-1,-1,-1
809,46,428,109,20,15,-1,-1,-1
809,48,479,106,15,10,-1,-1,-1
810,46,423,109,20,15,-1,-1,-1
810,48,476,106,15,10,-1,-1,-1
811,46,418,109,20,15,-1,-1,-1
811,48,473,106,15,10,-1,-1,-1
812,46,413,109,21,16,-1,-1,-1
812,48,470,107,16,10,-1,-1,-1
813,46,407,110,22,16,-1,-1,-1
813,48,467,108,16,10,-1,-1,-1
814,46,402,110,22,16,-1,-1,-1
814,48,464,108,16,10,-1,-1,-1
815,46,396,111,24,16,-1,-1,-1
815,48,460,109,16,11,-1,-1,-1
816,46,390,112,25,16,-1,-1,-1
816,48,457,109,16,11,-1,-1,-1
817,46,384,112,26,16,-1,-1,-1
817,48,453,109,17,11,-1,-1,-1
818,46,378,112,27,17,-1,-1,-1
818,48,449,110,18,11,-1,-1,-1
819,46,372,113,27,17,-1,-1,-1
819,48,447,110,19,11,-1,-1,-1
820,46,366,114,27,17,-1,-1,-1
820,48,445,110,19,11,-1,-1,-1
820,49,510,140,19,14,-1,-1,-1
821,46,359,114,27,17,-1,-1,-1
821,49,513,139,19,13,-1,-1,-1
822,46,352,115,27,18,-1,-1,-1
822,49,515,138,19,13,-1,-1,-1
822,50,429,112,20,13,-1,-1,-1
823,46,345,116,27,18,-1,-1,-1
823,49,518,137,19,13,-1,-1,-1
823,50,426,112,20,13,-1,-1,-1
824,46,337,117,28,19,-1,-1,-1
824,49,521,136,19,13,-1,-1,-1
824,50,423,113,20,12,-1,-1,-1
825,46,329,118,29,19,-1,-1,-1
825,49,525,135,19,13,-1,-1,-1
825,50,419,113,20,12,-1,-1,-1
826,46,320,118,32,20,-1,-1,-1
826,49,529,134,19,13,-1,-1,-1
826,50,415,114,20,13,-1,-1,-1
827,46,310,119,34,21,-1,-1,-1
827,49,533,132,18,12,-1,-1,-1
827,50,409,115,20,13,-1,-1,-1
828,46,301,120,35,22,-1,-1,-1
828,49,536,131,18,12,-1,-1,-1
828,50,404,116,20,13,-1,-1,-1
828,51,538,93,16,14,-1,-1,-1
829,46,293,122,36,21,-1,-1,-1
829,49,538,131,17,12,-1,-1,-1
829,50,398,117,20,13,-1,-1,-1
829,51,537,93,16,13,-1,-1,-1
830,46,284,123,36,22,-1,-1,-1
830,49,539,131,17,12,-1,-1,-1
830,50,392,117,20,13,-1,-1,-1
830,51,536,93,16,13,-1,-1,-1
831,46,274,125,36,22,-1,-1,-1
831,50,389,118,19,13,-1,-1,-1
831,51,534,93,17,13,-1,-1,-1
832,46,263,125,36,23,-1,-1,-1
832,50,387,118,19,13,-1,-1,-1
832,51,533,93,17,13,-1,-1,-1
833,46,250,126,35,23,-1,-1,-1
833,50,387,118,18,12,-1,-1,-1
833,51,532,94,17,13,-1,-1,-1
834,46,244,126,34,24,-1,-1,-1
834,51,531,94,17,13,-1,-1,-1
834,54,583,112,16,12,-1,-1,-1
835,46,240,126,33,24,-1,-1,-1
835,51,529,94,17,13,-1,-1,-1
835,54,583,112,16,12,-1,-1,-1
836,51,528,94,17,14,-1,-1,-1
836,54,581,111,16,12,-1,-1,-1
837,51,526,94,17,14,-1,-1,-1
837,54,579,111,16,11,-1,-1,-1
838,51,524,94,17,14,-1,-1,-1
838,52,329,130,24,13,-1,-1,-1
838,54,576,110,16,11,-1,-1,-1
839,51,523,94,17,14,-1,-1,-1
839,52,326,130,24,13,-1,-1,-1
839,53,568,119,17,12,-1,-1,-1
839,54,573,109,16,11,-1,-1,-1
840,51,521,94,17,14,-1,-1,-1
840,52,325,131,23,13,-1,-1,-1
840,53,569,119,17,12,-1,-1,-1
840,54,570,109,16,11,-1,-1,-1
841,51,520,94,17,14,-1,-1,-1
841,53,569,118,17,12,-1,-1,-1
841,54,567,108,16,11,-1,-1,-1
842,51,518,94,18,15,-1,-1,-1
842,53,570,118,17,12,-1,-1,-1
842,54,564,107,16,11,-1,-1,-1
843,51,516,94,18,15,-1,-1,-1
843,54,560,107,16,11,-1,-1,-1
844,51,514,94,19,16,-1,-1,-1
844,54,557,106,16,11,-1,-1,-1
845,51,511,94,20,16,-1,-1,-1
845,54,554,105,16,11,-1,-1,-1
846,51,509,93,21,16,-1,-1,-1
846,54,551,104,16,11,-1,-1,-1
847,51,508,93,22,16,-1,-1,-1
847,54,547,104,16,11,-1,-1,-1
848,51,506,93,22,16,-1,-1,-1
848,54,544,103,16,11,-1,-1,-1
849,51,503,94,22,16,-1,-1,-1
849,54,541,102,16,11,-1,-1,-1
850,51,501,94,23,16,-1,-1,-1
850,54,537,102,16,11,-1,-1,-1
851,51,499,94,24,17,-1,-1,-1
851,54,534,101,16,11,-1,-1,-1
852,51,497,94,24,17,-1,-1,-1
852,54,531,100,16,10,-1,-1,-1
853,51,495,94,24,17,-1,-1,-1
853,54,528,100,16,10,-1,-1,-1
854,51,493,94,25,17,-1,-1,-1
854,54,527,100,16,10,-1,-1,-1
855,51,490,94,25,17,-1,-1,-1
855,54,526,100,15,10,-1,-1,-1
856,51,488,94,26,18,-1,-1,-1
857,51,485,94,26,18,-1,-1,-1
858,51,483,94,27,19,-1,-1,-1
859,51,480,95,27,19,-1,-1,-1
860,51,478,95,27,19,-1,-1,-1
861,51,474,95,28,19,-1,-1,-1
861,55,508,102,16,10,-1,-1,-1
862,51,472,95,28,19,-1,-1,-1
862,55,507,102,16,10,-1,-1,-1
863,51,469,95,28,19,-1,-1,-1
863,55,505,102,16,10,-1,-1,-1
864,51,467,95,28,20,-1,-1,-1
864,55,504,102,16,11,-1,-1,-1
865,51,464,96,28,20,-1,-1,-1
865,55,502,102,16,11,-1,-1,-1
866,51,460,97,28,19,-1,-1,-1
866,55,500,103,16,11,-1,-1,-1
867,51,456,97,29,19,-1,-1,-1
867,55,497,103,16,11,-1,-1,-1
868,51,452,98,30,19,-1,-1,-1
868,55,495,104,17,11,-1,-1,-1
869,51,448,98,33,20,-1,-1,-1
869,55,492,104,17,11,-1,-1,-1
870,51,444,98,35,21,-1,-1,-1
870,55,489,104,17,11,-1,-1,-1
871,51,440,98,36,21,-1,-1,-1
871,55,487,105,17,11,-1,-1,-1
872,51,437,98,37,22,-1,-1,-1
872,55,484,106,17,11,-1,-1,-1
873,51,434,98,38,22,-1,-1,-1
873,55,481,106,17,10,-1,-1,-1
874,51,430,98,39,23,-1,-1,-1
874,55,478,107,17,10,-1,-1,-1
875,51,426,98,39,23,-1,-1,-1
875,55,475,108,17,10,-1,-1,-1
876,51,422,98,39,22,-1,-1,-1
876,55,472,108,16,10,-1,-1,-1
877,51,419,99,38,22,-1,-1,-1
877,55,469,108,16,10,-1,-1,-1
878,51,414,99,38,21,-1,-1,-1
878,55,465,109,16,10,-1,-1,-1
879,51,410,100,39,22,-1,-1,-1
879,55,462,109,16,10,-1,-1,-1
880,51,406,100,39,23,-1,-1,-1
880,55,458,110,17,10,-1,-1,-1
881,51,400,101,41,24,-1,-1,-1
881,55,454,111,17,10,-1,-1,-1
882,51,396,100,43,26,-1,-1,-1
882,55,451,111,18,10,-1,-1,-1
882,58,509,137,17,14,-1,-1,-1
883,51,391,100,45,26,-1,-1,-1
883,55,447,111,19,10,-1,-1,-1
883,58,512,136,18,14,-1,-1,-1
884,51,386,101,46,27,-1,-1,-1
884,55,444,111,19,10,-1,-1,-1
884,58,514,135,18,14,-1,-1,-1
885,51,382,101,47,27,-1,-1,-1
885,55,441,112,19,10,-1,-1,-1
885,58,517,134,19,14,-1,-1,-1
886,51,376,101,48,27,-1,-1,-1
886,55,438,113,19,11,-1,-1,-1
886,58,520,133,19,13,-1,-1,-1
887,51,371,102,50,27,-1,-1,-1
887,55,434,113,20,11,-1,-1,-1
887,58,523,131,19,13,-1,-1,-1
888,51,364,103,52,28,-1,-1,-1
888,55,430,114,20,11,-1,-1,-1
888,58,526,130,19,13,-1,-1,-1
889,51,357,103,54,28,-1,-1,-1
889,55,425,114,20,11,-1,-1,-1
889,58,530,128,19,13,-1,-1,-1
890,51,349,104,57,29,-1,-1,-1
890,55,421,114,20,12,-1,-1,-1
890,58,533,127,19,13,-1,-1,-1
891,51,342,104,59,30,-1,-1,-1
891,55,415,115,21,12,-1,-1,-1
891,58,536,127,19,13,-1,-1,-1
892,51,336,104,61,31,-1,-1,-1
892,55,411,116,21,12,-1,-1,-1
892,58,539,126,19,13,-1,-1,-1
893,51,329,105,62,32,-1,-1,-1
893,55,406,117,21,12,-1,-1,-1
893,58,542,125,18,13,-1,-1,-1
894,51,322,105,64,33,-1,-1,-1
894,55,401,117,21,12,-1,-1,-1
894,56,551,124,17,14,-1,-1,-1
894,58,545,124,18,13,-1,-1,-1
895,51,314,106,66,34,-1,-1,-1
895,55,396,118,20,12,-1,-1,-1
895,56,553,123,17,13,-1,-1,-1
895,58,547,123,18,13,-1,-1,-1
896,51,307,106,67,35,-1,-1,-1
896,55,390,119,21,12,-1,-1,-1
896,56,553,123,17,13,-1,-1,-1
896,58,550,123,17,13,-1,-1,-1
897,51,299,106,69,35,-1,-1,-1
897,55,384,120,21,12,-1,-1,-1
897,56,554,123,17,13,-1,-1,-1
897,58,552,122,17,13,-1,-1,-1
898,51,290,106,70,36,-1,-1,-1
898,55,377,121,21,12,-1,-1,-1
898,58,555,121,17,13,-1,-1,-1
899,51,282,107,71,36,-1,-1,-1
899,55,371,122,22,12,-1,-1,-1
899,58,558,120,17,13,-1,-1,-1
900,51,274,108,72,37,-1,-1,-1
900,55,365,123,22,13,-1,-1,-1
900,57,565,120,18,13,-1,-1,-1
900,58,560,120,16,13,-1,-1,-1
901,51,265,110,71,36,-1,-1,-1
901,55,358,124,22,13,-1,-1,-1
901,57,567,119,18,13,-1,-1,-1
901,58,563,119,16,13,-1,-1,-1
902,51,256,111,72,37,-1,-1,-1
902,55,351,125,23,13,-1,-1,-1
902,57,568,119,18,13,-1,-1,-1
902,58,565,118,16,13,-1,-1,-1
903,51,245,112,73,37,-1,-1,-1
903,55,343,126,24,14,-1,-1,-1
903,57,571,118,17,13,-1,-1,-1
903,58,568,117,16,13,-1,-1,-1
904,51,235,113,75,38,-1,-1,-1
904,55,335,127,24,14,-1,-1,-1
904,57,571,118,16,13,-1,-1,-1
904,58,571,117,15,13,-1,-1,-1
905,51,223,114,78,39,-1,-1,-1
905,55,328,128,24,14,-1,-1,-1
905,57,572,117,16,13,-1,-1,-1
905,58,573,116,15,13,-1,-1,-1
906,51,210,115,79,41,-1,-1,-1
906,55,320,129,24,14,-1,-1,-1
906,58,576,115,15,13,-1,-1,-1
907,51,197,116,81,42,-1,-1,-1
907,55,311,130,24,15,-1,-1,-1
907,58,577,114,15,13,-1,-1,-1
908,51,184,118,80,42,-1,-1,-1
908,55,302,131,24,15,-1,-1,-1
908,58,579,114,15,12,-1,-1,-1
909,51,171,120,79,42,-1,-1,-1
909,55,293,133,25,15,-1,-1,-1
909,58,581,113,15,12,-1,-1,-1
910,51,157,122,78,42,-1,-1,-1
910,55,288,134,25,15,-1,-1,-1
910,58,583,112,15,12,-1,-1,-1
911,51,144,123,81,42,-1,-1,-1
911,55,284,134,25,15,-1,-1,-1
911,58,585,111,15,12,-1,-1,-1
912,51,137,123,83,43,-1,-1,-1
912,58,585,111,15,12,-1,-1,-1
913,51,133,123,85,43,-1,-1,-1
913,58,586,111,15,12,-1,-1,-1
921,59,20,136,63,50,-1,-1,-1
922,59,12,137,59,51,-1,-1,-1
923,59,11,137,57,52,-1,-1,-1
924,59,8,137,55,52,-1,-1,-1
978,60,447,158,23,17,-1,-1,-1
979,60,452,156,22,17,-1,-1,-1
980,60,457,154,22,16,-1,-1,-1
981,60,463,152,22,16,-1,-1,-1
982,60,469,150,21,16,-1,-1,-1
983,60,475,148,20,15,-1,-1,-1
984,60,480,146,20,15,-1,-1,-1
985,60,486,144,19,15,-1,-1,-1
986,60,492,143,19,15,-1,-1,-1
987,60,497,141,19,15,-1,-1,-1
988,60,502,140,19,15,-1,-1,-1
989,60,507,139,18,14,-1,-1,-1
990,60,511,138,18,14,-1,-1,-1
991,60,515,136,18,14,-1,-1,-1
992,60,517,136,18,14,-1,-1,-1
993,60,518,135,18,14,-1,-1,-1
995,61,231,180,129,79,-1,-1,-1
996,61,248,176,125,78,-1,-1,-1
997,61,260,173,121,77,-1,-1,-1
998,61,279,168,114,75,-1,-1,-1
998,62,504,133,18,14,-1,-1,-1
999,61,296,163,107,73,-1,-1,-1
999,62,507,132,18,14,-1,-1,-1
1000,61,314,161,101,67,-1,-1,-1
1000,62,510,131,18,13,-1,-1,-1
1001,61,331,160,95,61,-1,-1,-1
1001,62,513,130,17,13,-1,-1,-1
1002,61,348,159,90,55,-1,-1,-1
1002,62,517,129,16,12,-1,-1,-1
1003,61,355,157,88,53,-1,-1,-1
1003,62,519,129,16,12,-1,-1,-1
1004,61,360,156,87,53,-1,-1,-1
1004,62,520,128,16,12,-1,-1,-1
1006,63,412,145,67,45,-1,-1,-1
1007,63,417,143,65,45,-1,-1,-1
1007,64,500,133,17,14,-1,-1,-1
1008,63,422,142,63,44,-1,-1,-1
1008,64,503,132,17,14,-1,-1,-1
1009,63,430,140,61,43,-1,-1,-1
1009,64,504,131,17,14,-1,-1,-1
1009,66,536,130,16,13,-1,-1,-1
1010,63,437,138,58,42,-1,-1,-1
1010,64,505,131,18,14,-1,-1,-1
1010,66,538,130,16,12,-1,-1,-1
1011,63,445,136,56,41,-1,-1,-1
1011,66,540,129,15,12,-1,-1,-1
1012,63,453,135,53,39,-1,-1,-1
1012,66,542,128,16,13,-1,-1,-1
1013,63,460,134,51,37,-1,-1,-1
1013,65,524,126,16,12,-1,-1,-1
1013,66,545,126,16,13,-1,-1,-1
1014,63,467,133,49,35,-1,-1,-1
1014,65,525,126,16,12,-1,-1,-1
1014,66,548,126,15,13,-1,-1,-1
1015,63,474,132,45,34,-1,-1,-1
1015,65,526,125,16,13,-1,-1,-1
1015,66,551,125,14,13,-1,-1,-1
1016,63,481,130,42,33,-1,-1,-1
1016,66,553,124,14,14,-1,-1,-1
1017,63,488,129,38,31,-1,-1,-1
1017,66,556,123,14,14,-1,-1,-1
1018,63,494,128,35,30,-1,-1,-1
1018,66,559,122,15,14,-1,-1,-1
1019,63,497,128,34,28,-1,-1,-1
1019,66,561,120,15,15,-1,-1,-1
1020,63,500,127,33,29,-1,-1,-1
1020,66,564,119,15,15,-1,-1,-1
1021,66,566,118,14,15,-1,-1,-1
1022,66,568,118,14,15,-1,-1,-1
1023,66,570,117,14,14,-1,-1,-1
1024,66,572,117,14,14,-1,-1,-1
1025,66,574,117,14,13,-1,-1,-1
1026,66,576,116,14,13,-1,-1,-1
1027,66,577,116,13,12,-1,-1,-1
1028,66,579,115,13,12,-1,-1,-1
1029,66,580,115,13,12,-1,-1,-1
1030,66,581,114,13,12,-1,-1,-1
1031,66,583,114,13,12,-1,-1,-1
1032,66,584,112,13,12,-1,-1,-1
1033,66,585,112,13,12,-1,-1,-1
1034,66,586,111,13,12,-1,-1,-1
1035,66,587,111,13,12,-1,-1,-1
1064,67,504,132,18,14,-1,-1,-1
1065,67,505,131,18,14,-1,-1,-1
1065,68,475,143,18,15,-1,-1,-1
1066,67,506,131,18,14,-1,-1,-1
1066,68,479,142,18,14,-1,-1,-1
1067,68,484,141,17,14,-1,-1,-1
1068,68,486,140,17,14,-1,-1,-1
1069,68,488,139,16,14,-1,-1,-1
1074,69,522,128,15,12,-1,-1,-1
1075,69,523,127,15,12,-1,-1,-1
1076,69,524,127,16,12,-1,-1,-1
1093,70,449,156,22,17,-1,-1,-1
1094,70,451,155,22,17,-1,-1,-1
1094,71,581,111,16,12,-1,-1,-1
1095,70,452,154,21,17,-1,-1,-1
1095,71,583,110,16,12,-1,-1,-1
1096,71,583,110,16,12,-1,-1,-1
1097,71,584,110,16,12,-1,-1,-1
1126,72,579,113,16,12,-1,-1,-1
1127,72,580,113,16,12,-1,-1,-1
1128,72,581,113,16,12,-1,-1,-1
1129,72,582,112,16,12,-1,-1,-1
1130,72,583,112,16,12,-1,-1,-1
1138,73,478,147,23,16,-1,-1,-1
1139,73,483,146,22,16,-1,-1,-1
1140,73,484,145,22,16,-1,-1,-1
1141,73,486,144,22,16,-1,-1,-1
1141,76,553,92,19,14,-1,-1,-1
1142,76,552,92,19,14,-1,-1,-1
1143,76,551,92,19,14,-1,-1,-1
1144,76,550,92,18,14,-1,-1,-1
1145,76,549,92,18,14,-1,-1,-1
1146,76,548,92,18,14,-1,-1,-1
1147,76,547,92,18,14,-1,-1,-1
1148,76,545,92,18,14,-1,-1,-1
1149,76,544,92,18,14,-1,-1,-1
1150,76,543,92,18,14,-1,-1,-1
1151,76,542,92,18,14,-1,-1,-1
1152,76,540,92,18,14,-1,-1,-1
1153,76,539,92,18,14,-1,-1,-1
1154,76,538,92,18,14,-1,-1,-1
1155,76,537,92,19,14,-1,-1,-1
1156,76,536,92,19,14,-1,-1,-1
1157,76,534,92,19,15,-1,-1,-1
1158,76,533,92,19,15,-1,-1,-1
1159,76,531,92,19,15,-1,-1,-1
1160,76,530,92,19,15,-1,-1,-1
1161,76,529,93,19,15,-1,-1,-1
1162,76,527,93,19,15,-1,-1,-1
1163,76,526,93,18,15,-1,-1,-1
1164,76,524,93,18,15,-1,-1,-1
1165,76,522,93,18,14,-1,-1,-1
1166,76,521,93,19,14,-1,-1,-1
1167,76,519,93,19,15,-1,-1,-1
1168,76,517,94,20,15,-1,-1,-1
1169,76,515,94,20,15,-1,-1,-1
1170,76,513,94,20,16,-1,-1,-1
1171,76,510,94,20,16,-1,-1,-1
1172,76,508,94,21,16,-1,-1,-1
1173,76,506,94,21,16,-1,-1,-1
1174,76,504,94,22,16,-1,-1,-1
1175,74,429,110,19,13,-1,-1,-1
1175,76,501,94,23,16,-1,-1,-1
1176,74,425,111,19,13,-1,-1,-1
1176,76,498,94,24,17,-1,-1,-1
1177,74,422,111,19,13,-1,-1,-1
1177,76,496,94,24,17,-1,-1,-1
1178,74,418,112,19,13,-1,-1,-1
1178,76,494,94,24,17,-1,-1,-1
1179,74,413,113,19,13,-1,-1,-1
1179,76,492,94,24,17,-1,-1,-1
1180,74,408,113,18,13,-1,-1,-1
1180,76,489,94,24,17,-1,-1,-1
1181,74,403,114,18,13,-1,-1,-1
1181,76,486,94,25,17,-1,-1,-1
1182,74,398,115,18,13,-1,-1,-1
1182,76,483,95,26,17,-1,-1,-1
1183,74,392,116,18,13,-1,-1,-1
1183,76,480,95,26,18,-1,-1,-1
1184,74,385,116,19,13,-1,-1,-1
1184,76,478,95,26,18,-1,-1,-1
1185,74,379,117,19,13,-1,-1,-1
1185,76,475,95,26,18,-1,-1,-1
1186,74,376,117,19,13,-1,-1,-1
1186,76,472,95,26,19,-1,-1,-1
1187,74,373,118,19,13,-1,-1,-1
1187,76,469,95,27,19,-1,-1,-1
1188,76,466,95,28,19,-1,-1,-1
1189,76,463,95,28,19,-1,-1,-1
1190,76,460,96,28,19,-1,-1,-1
1191,76,457,96,28,19,-1,-1,-1
1192,76,453,96,29,20,-1,-1,-1
1193,76,449,96,31,21,-1,-1,-1
1194,76,445,96,33,22,-1,-1,-1
1195,76,441,96,33,22,-1,-1,-1
1196,76,437,96,34,22,-1,-1,-1
1197,76,434,97,35,23,-1,-1,-1
1198,76,430,97,36,23,-1,-1,-1
1199,76,426,97,37,24,-1,-1,-1
1200,76,421,97,38,24,-1,-1,-1
1201,76,416,97,39,25,-1,-1,-1
1202,76,411,98,39,25,-1,-1,-1
1203,76,407,99,39,26,-1,-1,-1
1204,76,402,100,40,26,-1,-1,-1
1205,76,396,100,41,27,-1,-1,-1
1206,76,390,100,44,27,-1,-1,-1
1207,76,384,101,45,28,-1,-1,-1
1208,76,378,102,47,28,-1,-1,-1
1209,76,371,102,48,28,-1,-1,-1
1210,76,364,103,49,28,-1,-1,-1
1211,76,358,103,51,29,-1,-1,-1
1212,76,351,104,52,29,-1,-1,-1
1213,76,344,104,54,30,-1,-1,-1
1214,76,337,104,56,31,-1,-1,-1
1215,76,329,105,59,32,-1,-1,-1
1216,76,322,105,61,34,-1,-1,-1
1217,76,313,105,63,35,-1,-1,-1
1218,76,305,105,64,36,-1,-1,-1
1219,76,295,106,66,36,-1,-1,-1
1220,76,286,107,66,37,-1,-1,-1
1221,76,278,107,67,38,-1,-1,-1
1222,76,269,109,67,38,-1,-1,-1
1223,76,259,110,67,39,-1,-1,-1
1224,76,249,111,67,39,-1,-1,-1
1225,76,239,112,67,39,-1,-1,-1
1226,75,257,188,111,69,-1,-1,-1
1226,76,227,113,66,39,-1,-1,-1
1227,75,272,185,109,66,-1,-1,-1
1227,76,212,115,68,40,-1,-1,-1
1228,75,285,183,103,63,-1,-1,-1
1228,76,197,117,73,41,-1,-1,-1
1229,75,301,177,100,61,-1,-1,-1
1229,76,183,119,76,41,-1,-1,-1
1230,75,319,171,94,58,-1,-1,-1
1230,76,168,121,76,41,-1,-1,-1
1231,75,334,166,90,56,-1,-1,-1
1231,76,153,123,76,41,-1,-1,-1
1232,75,351,164,84,50,-1,-1,-1
1232,76,137,125,79,41,-1,-1,-1
1233,75,365,161,79,47,-1,-1,-1
1233,76,119,125,89,44,-1,-1,-1
1234,75,378,157,76,45,-1,-1,-1
1234,76,109,125,94,45,-1,-1,-1
1235,75,390,154,73,45,-1,-1,-1
1235,76,102,124,100,47,-1,-1,-1
1236,75,402,149,70,45,-1,-1,-1
1237,75,412,146,68,45,-1,-1,-1
1238,75,421,143,65,44,-1,-1,-1
1239,75,431,141,62,43,-1,-1,-1
1240,75,441,140,59,40,-1,-1,-1
1241,75,449,138,55,38,-1,-1,-1
1242,75,458,136,52,37,-1,-1,-1
1243,75,466,134,49,36,-1,-1,-1
1244,75,474,132,45,35,-1,-1,-1
1245,75,478,131,42,35,-1,-1,-1
1246,75,481,130,41,35,-1,-1,-1
1300,77,404,115,18,13,-1,-1,-1
1301,77,400,116,18,12,-1,-1,-1
1302,77,396,116,18,12,-1,-1,-1
1303,77,392,117,18,12,-1,-1,-1
1304,77,387,118,18,12,-1,-1,-1
1305,77,382,118,19,12,-1,-1,-1
1306,77,376,118,19,12,-1,-1,-1
1307,77,373,119,19,12,-1,-1,-1
1308,77,371,119,19,12,-1,-1,-1
1308,78,441,151,23,16,-1,-1,-1
1309,78,447,149,22,16,-1,-1,-1
1310,78,451,147,22,16,-1,-1,-1
1311,78,457,145,21,16,-1,-1,-1
1312,78,463,143,21,16,-1,-1,-1
1313,78,466,142,21,16,-1,-1,-1
1314,78,469,141,21,16,-1,-1,-1
1315,79,299,131,25,14,-1,-1,-1
1316,79,293,132,25,14,-1,-1,-1
1317,79,288,132,25,14,-1,-1,-1
1318,79,284,132,25,14,-1,-1,-1
1319,79,282,132,25,15,-1,-1,-1
1335,80,482,103,15,11,-1,-1,-1
1336,80,480,103,15,11,-1,-1,-1
1337,80,479,104,15,11,-1,-1,-1
1338,80,477,104,15,11,-1,-1,-1
1339,80,475,104,15,11,-1,-1,-1
1340,80,472,104,15,11,-1,-1,-1
1341,80,469,104,15,12,-1,-1,-1
1341,81,492,103,17,12,-1,-1,-1
1342,80,468,104,15,12,-1,-1,-1
1342,81,490,103,16,12,-1,-1,-1
1343,80,467,104,15,12,-1,-1,-1
1343,81,489,103,16,12,-1,-1,-1
1344,81,487,104,16,12,-1,-1,-1
1345,81,485,104,16,12,-1,-1,-1
1346,81,483,104,16,12,-1,-1,-1
1346,82,451,108,16,12,-1,-1,-1
1347,81,481,104,16,12,-1,-1,-1
1347,82,449,108,16,12,-1,-1,-1
1348,81,480,104,16,12,-1,-1,-1
1348,82,447,108,16,12,-1,-1,-1
1349,81,479,104,16,12,-1,-1,-1
1349,82,444,109,16,12,-1,-1,-1
1350,82,441,109,16,12,-1,-1,-1
1351,82,438,110,16,12,-1,-1,-1
1352,82,434,111,16,12,-1,-1,-1
1352,83,461,108,17,12,-1,-1,-1
1353,82,432,111,16,12,-1,-1,-1
1353,83,458,108,17,12,-1,-1,-1
1354,82,431,111,16,12,-1,-1,-1
1354,83,456,108,17,13,-1,-1,-1
1355,83,453,108,17,13,-1,-1,-1
1356,83,450,109,18,13,-1,-1,-1
1357,83,446,110,18,13,-1,-1,-1
1357,86,410,113,17,13,-1,-1,-1
1358,83,442,111,18,12,-1,-1,-1
1358,86,406,113,17,13,-1,-1,-1
1359,83,437,112,18,12,-1,-1,-1
1359,86,403,114,17,13,-1,-1,-1
1360,83,435,112,18,12,-1,-1,-1
1360,86,398,114,18,13,-1,-1,-1
1361,83,434,113,18,12,-1,-1,-1
1361,86,394,115,18,13,-1,-1,-1
1362,86,390,116,19,13,-1,-1,-1
1363,86,386,117,19,13,-1,-1,-1
1364,86,382,118,19,13,-1,-1,-1
1365,86,378,118,19,13,-1,-1,-1
1366,84,362,118,21,13,-1,-1,-1
1366,86,374,119,19,13,-1,-1,-1
1367,84,357,119,21,13,-1,-1,-1
1367,86,370,120,20,13,-1,-1,-1
1368,84,353,120,21,14,-1,-1,-1
1368,86,366,121,20,13,-1,-1,-1
1369,84,347,121,22,14,-1,-1,-1
1369,85,404,114,18,12,-1,-1,-1
1369,86,362,121,20,14,-1,-1,-1
1370,84,342,122,22,14,-1,-1,-1
1370,85,400,115,18,12,-1,-1,-1
1370,86,358,122,20,14,-1,-1,-1
1371,84,335,123,22,14,-1,-1,-1
1371,85,396,115,18,12,-1,-1,-1
1371,86,354,123,20,14,-1,-1,-1
1372,84,328,124,23,14,-1,-1,-1
1372,85,392,116,19,12,-1,-1,-1
1372,86,350,124,21,14,-1,-1,-1
1373,84,320,125,23,14,-1,-1,-1
1373,85,387,116,19,13,-1,-1,-1
1373,86,346,124,21,14,-1,-1,-1
1374,84,312,126,23,15,-1,-1,-1
1374,85,382,117,19,13,-1,-1,-1
1374,86,342,125,21,14,-1,-1,-1
1375,84,304,127,23,15,-1,-1,-1
1375,85,377,118,20,13,-1,-1,-1
1375,86,338,126,21,14,-1,-1,-1
1376,84,296,128,24,15,-1,-1,-1
1376,85,371,119,20,13,-1,-1,-1
1376,86,333,127,21,14,-1,-1,-1
1377,84,288,129,24,15,-1,-1,-1
1377,85,365,120,21,13,-1,-1,-1
1377,86,327,128,22,14,-1,-1,-1
1378,84,279,130,25,15,-1,-1,-1
1378,85,358,121,22,13,-1,-1,-1
1378,86,320,129,22,14,-1,-1,-1
1379,84,269,132,25,15,-1,-1,-1
1379,85,351,122,22,14,-1,-1,-1
1379,86,316,130,23,14,-1,-1,-1
1380,84,259,134,26,15,-1,-1,-1
1380,85,344,123,23,14,-1,-1,-1
1380,86,313,131,23,14,-1,-1,-1
1381,84,249,135,26,15,-1,-1,-1
1381,85,337,123,23,15,-1,-1,-1
1382,84,239,137,26,16,-1,-1,-1
1382,85,330,124,24,15,-1,-1,-1
1383,84,228,138,27,16,-1,-1,-1
1383,85,321,125,24,15,-1,-1,-1
1384,84,223,139,27,16,-1,-1,-1
1384,85,317,126,24,15,-1,-1,-1
1385,84,218,140,27,16,-1,-1,-1
1385,85,315,127,24,15,-1,-1,-1
1388,87,267,133,27,17,-1,-1,-1
1389,87,258,134,28,18,-1,-1,-1
1390,87,251,135,29,18,-1,-1,-1
1391,87,242,136,30,19,-1,-1,-1
1392,87,231,137,33,20,-1,-1,-1
1393,87,225,138,33,21,-1,-1,-1
1394,87,220,139,34,21,-1,-1,-1
1447,88,158,205,148,85,-1,-1,-1
1448,88,181,199,141,82,-1,-1,-1
1449,88,197,195,137,81,-1,-1,-1
1450,88,220,189,128,78,-1,-1,-1
1451,88,240,184,122,77,-1,-1,-1
1452,88,259,178,115,74,-1,-1,-1
1453,88,279,174,107,69,-1,-1,-1
1454,88,301,171,96,64,-1,-1,-1
1455,88,321,168,87,58,-1,-1,-1
1456,88,338,165,81,55,-1,-1,-1
1456,89,472,140,20,16,-1,-1,-1
1457,88,355,161,77,52,-1,-1,-1
1457,89,476,139,20,16,-1,-1,-1
1457,91,525,98,18,11,-1,-1,-1
1458,88,370,158,73,50,-1,-1,-1
1458,89,480,138,19,15,-1,-1,-1
1458,91,524,98,18,11,-1,-1,-1
1459,88,382,155,70,48,-1,-1,-1
1459,89,484,137,19,15,-1,-1,-1
1459,91,523,98,18,11,-1,-1,-1
1460,88,392,153,68,45,-1,-1,-1
1460,89,489,135,19,15,-1,-1,-1
1460,91,522,98,18,11,-1,-1,-1
1461,88,402,150,65,44,-1,-1,-1
1461,89,494,134,20,15,-1,-1,-1
1461,91,520,98,18,11,-1,-1,-1
1462,88,410,147,63,44,-1,-1,-1
1462,89,499,132,19,15,-1,-1,-1
1462,91,518,98,18,11,-1,-1,-1
1463,88,420,144,60,44,-1,-1,-1
1463,89,502,131,19,14,-1,-1,-1
1463,91,517,98,18,11,-1,-1,-1
1464,88,429,142,57,42,-1,-1,-1
1464,89,506,130,19,14,-1,-1,-1
1464,91,515,98,18,11,-1,-1,-1
1465,88,438,140,55,40,-1,-1,-1
1465,89,511,129,19,13,-1,-1,-1
1465,91,513,98,17,11,-1,-1,-1
1466,88,446,139,53,38,-1,-1,-1
1466,89,515,128,19,13,-1,-1,-1
1466,91,511,98,17,11,-1,-1,-1
1467,88,454,137,51,36,-1,-1,-1
1467,89,518,127,19,13,-1,-1,-1
1467,91,509,99,17,11,-1,-1,-1
1468,88,462,136,47,35,-1,-1,-1
1468,89,522,125,19,13,-1,-1,-1
1468,91,507,99,17,11,-1,-1,-1
1469,88,471,136,43,32,-1,-1,-1
1469,89,526,124,19,13,-1,-1,-1
1469,91,505,99,16,11,-1,-1,-1
1470,88,479,135,38,29,-1,-1,-1
1470,89,529,123,19,13,-1,-1,-1
1470,91,503,99,16,11,-1,-1,-1
1471,88,486,135,36,26,-1,-1,-1
1471,89,532,122,18,12,-1,-1,-1
1471,91,501,99,16,11,-1,-1,-1
1472,88,489,134,34,25,-1,-1,-1
1472,89,535,121,17,12,-1,-1,-1
1472,91,500,99,16,11,-1,-1,-1
1473,88,491,134,34,25,-1,-1,-1
1473,89,538,120,17,12,-1,-1,-1
1473,91,498,100,16,11,-1,-1,-1
1474,89,541,120,17,12,-1,-1,-1
1474,91,496,100,16,11,-1,-1,-1
1475,89,544,119,17,12,-1,-1,-1
1475,91,493,100,16,11,-1,-1,-1
1476,89,546,118,17,13,-1,-1,-1
1476,91,491,101,15,11,-1,-1,-1
1477,89,549,117,17,13,-1,-1,-1
1477,91,489,102,15,11,-1,-1,-1
1478,89,550,117,17,13,-1,-1,-1
1478,91,486,102,15,11,-1,-1,-1
1479,89,551,117,17,12,-1,-1,-1
1479,91,483,102,16,11,-1,-1,-1
1480,91,480,103,16,11,-1,-1,-1
1481,91,477,103,17,12,-1,-1,-1
1482,90,565,113,16,11,-1,-1,-1
1482,91,474,103,17,12,-1,-1,-1
1483,90,566,113,16,11,-1,-1,-1
1483,91,472,104,17,12,-1,-1,-1
1484,90,567,113,16,11,-1,-1,-1
1484,91,469,104,17,12,-1,-1,-1
1485,90,568,113,16,11,-1,-1,-1
1485,91,465,104,18,13,-1,-1,-1
1486,90,569,113,16,11,-1,-1,-1
1486,91,462,104,18,13,-1,-1,-1
1487,91,459,105,18,13,-1,-1,-1
1488,91,455,106,18,13,-1,-1,-1
1489,91,452,106,18,13,-1,-1,-1
1490,91,449,107,19,13,-1,-1,-1
1491,91,445,107,19,13,-1,-1,-1
1492,91,442,108,19,13,-1,-1,-1
1493,91,438,109,19,13,-1,-1,-1
1494,91,435,109,19,13,-1,-1,-1
1495,91,431,109,19,13,-1,-1,-1
1496,91,427,110,19,13,-1,-1,-1
1497,91,423,111,19,13,-1,-1,-1
1498,91,418,111,20,14,-1,-1,-1
1499,91,414,111,20,14,-1,-1,-1
1500,91,409,112,21,14,-1,-1,-1
1501,91,404,112,21,14,-1,-1,-1
1502,91,399,113,21,14,-1,-1,-1
1503,91,394,113,22,15,-1,-1,-1
1503,93,496,100,17,12,-1,-1,-1
1504,91,389,114,22,15,-1,-1,-1
1504,93,495,100,17,12,-1,-1,-1
1504,95,136,198,173,84,-1,-1,-1
1505,91,383,114,23,15,-1,-1,-1
1505,93,493,100,17,12,-1,-1,-1
1505,95,157,191,169,84,-1,-1,-1
1506,91,378,114,24,16,-1,-1,-1
1506,93,491,100,17,12,-1,-1,-1
1506,95,173,185,164,85,-1,-1,-1
1507,91,372,115,24,16,-1,-1,-1
1507,93,489,100,18,12,-1,-1,-1
1507,95,197,178,153,86,-1,-1,-1
1508,91,367,116,24,16,-1,-1,-1
1508,93,487,101,18,12,-1,-1,-1
1508,95,219,172,145,85,-1,-1,-1
1509,91,360,117,23,15,-1,-1,-1
1509,92,597,104,20,14,-1,-1,-1
1509,93,484,101,18,12,-1,-1,-1
1509,95,241,166,136,83,-1,-1,-1
1510,91,358,117,23,15,-1,-1,-1
1510,92,598,104,19,13,-1,-1,-1
1510,93,482,101,18,12,-1,-1,-1
1510,95,261,162,128,79,-1,-1,-1
1511,91,355,117,23,15,-1,-1,-1
1511,92,599,104,19,13,-1,-1,-1
1511,93,479,102,19,12,-1,-1,-1
1511,95,282,159,119,74,-1,-1,-1
1512,92,599,104,19,13,-1,-1,-1
1512,93,476,103,19,12,-1,-1,-1
1512,95,303,157,108,68,-1,-1,-1
1513,92,599,104,19,13,-1,-1,-1
1513,93,473,103,19,12,-1,-1,-1
1513,95,324,155,98,62,-1,-1,-1
1514,93,470,103,19,12,-1,-1,-1
1514,94,320,124,26,16,-1,-1,-1
1514,95,342,152,89,58,-1,-1,-1
1515,93,468,103,19,13,-1,-1,-1
1515,94,313,125,26,16,-1,-1,-1
1515,95,356,149,85,56,-1,-1,-1
1516,93,465,103,20,13,-1,-1,-1
1516,94,307,126,26,16,-1,-1,-1
1516,95,368,146,84,55,-1,-1,-1
1517,93,462,104,21,13,-1,-1,-1
1517,94,299,127,26,17,-1,-1,-1
1517,95,379,143,82,55,-1,-1,-1
1518,93,458,104,21,13,-1,-1,-1
1518,94,291,128,26,17,-1,-1,-1
1518,95,390,140,79,55,-1,-1,-1
1519,93,455,105,21,13,-1,-1,-1
1519,94,283,128,27,17,-1,-1,-1
1519,95,401,138,75,53,-1,-1,-1
1520,93,452,105,21,13,-1,-1,-1
1520,94,274,129,27,18,-1,-1,-1
1520,95,411,135,72,52,-1,-1,-1
1521,93,449,105,21,14,-1,-1,-1
1521,94,270,129,28,18,-1,-1,-1
1521,95,419,133,70,51,-1,-1,-1
1522,93,446,106,21,14,-1,-1,-1
1522,94,267,129,28,18,-1,-1,-1
1522,95,427,131,68,49,-1,-1,-1
1523,93,442,106,21,14,-1,-1,-1
1523,95,435,130,65,49,-1,-1,-1
1524,93,439,107,21,14,-1,-1,-1
1524,95,443,128,62,47,-1,-1,-1
1525,93,435,107,21,14,-1,-1,-1
1525,95,451,126,60,47,-1,-1,-1
1526,93,432,107,21,14,-1,-1,-1
1526,95,458,125,57,45,-1,-1,-1
1527,93,427,108,21,15,-1,-1,-1
1527,95,466,124,56,43,-1,-1,-1
1528,93,423,108,21,15,-1,-1,-1
1528,95,472,123,54,42,-1,-1,-1
1529,93,418,108,21,15,-1,-1,-1
1529,95,479,122,51,40,-1,-1,-1
1530,93,413,109,21,15,-1,-1,-1
1530,95,485,121,48,38,-1,-1,-1
1531,93,409,110,21,15,-1,-1,-1
1531,95,492,120,45,38,-1,-1,-1
1532,93,404,110,21,16,-1,-1,-1
1532,95,497,118,41,37,-1,-1,-1
1533,93,400,111,21,16,-1,-1,-1
1533,95,503,117,39,37,-1,-1,-1
1534,93,394,112,22,16,-1,-1,-1
1534,95,507,116,38,37,-1,-1,-1
1535,93,389,112,23,16,-1,-1,-1
1535,95,511,115,38,37,-1,-1,-1
1536,93,383,113,24,17,-1,-1,-1
1536,95,515,114,37,36,-1,-1,-1
1537,93,377,113,24,17,-1,-1,-1
1537,95,519,114,36,33,-1,-1,-1
1538,93,371,114,24,17,-1,-1,-1
1538,95,524,114,34,31,-1,-1,-1
1539,93,365,115,24,17,-1,-1,-1
1539,95,528,115,32,28,-1,-1,-1
1540,93,359,116,24,16,-1,-1,-1
1540,95,532,115,31,27,-1,-1,-1
1541,93,353,117,24,16,-1,-1,-1
1541,95,535,115,30,25,-1,-1,-1
1542,93,346,118,24,16,-1,-1,-1
1542,95,538,114,30,24,-1,-1,-1
1543,93,343,119,24,16,-1,-1,-1
1543,95,541,114,29,23,-1,-1,-1
1544,93,340,119,25,16,-1,-1,-1
1544,95,544,114,29,23,-1,-1,-1
1545,95,546,113,28,23,-1,-1,-1
1546,95,547,113,28,23,-1,-1,-1
1547,96,299,125,26,17,-1,-1,-1
1548,96,293,125,27,18,-1,-1,-1
1549,96,287,126,28,18,-1,-1,-1
1550,96,280,127,28,19,-1,-1,-1
1551,96,271,127,28,19,-1,-1,-1
1552,96,262,128,28,21,-1,-1,-1
1553,96,250,129,29,21,-1,-1,-1
1554,96,239,131,30,22,-1,-1,-1
1555,96,226,132,31,23,-1,-1,-1
1556,96,213,134,33,23,-1,-1,-1
1557,96,200,136,34,24,-1,-1,-1
1558,96,187,137,35,24,-1,-1,-1
1559,96,172,139,37,24,-1,-1,-1
1560,96,156,142,38,24,-1,-1,-1
1561,96,140,144,41,25,-1,-1,-1
1562,96,131,145,41,25,-1,-1,-1
1563,96,126,146,42,25,-1,-1,-1
1564,97,494,136,18,14,-1,-1,-1
1565,97,497,134,18,14,-1,-1,-1
1566,97,500,133,18,14,-1,-1,-1
1567,97,503,132,18,13,-1,-1,-1
1568,97,507,131,18,13,-1,-1,-1
1569,97,511,130,18,13,-1,-1,-1
1570,97,514,129,18,12,-1,-1,-1
1571,97,518,128,18,12,-1,-1,-1
1572,97,520,127,18,12,-1,-1,-1
1573,97,521,127,18,12,-1,-1,-1
1590,98,572,114,14,10,-1,-1,-1
1591,98,573,114,14,10,-1,-1,-1
1592,98,573,114,14,10,-1,-1,-1
1623,99,522,96,19,13,-1,-1,-1
1624,99,521,96,18,13,-1,-1,-1
1625,99,520,96,18,13,-1,-1,-1
1626,99,519,96,18,13,-1,-1,-1
1627,99,517,96,18,13,-1,-1,-1
1628,99,515,96,18,13,-1,-1,-1
1629,99,513,96,18,13,-1,-1,-1
1630,99,511,96,18,13,-1,-1,-1
1631,99,509,96,18,13,-1,-1,-1
1632,99,507,96,18,13,-1,-1,-1
1633,99,504,97,18,14,-1,-1,-1
1634,99,502,97,18,14,-1,-1,-1
1635,99,501,98,17,14,-1,-1,-1
1636,99,499,98,17,14,-1,-1,-1
1637,99,496,98,17,14,-1,-1,-1
1638,99,494,99,17,14,-1,-1,-1
1639,99,491,99,17,14,-1,-1,-1
1640,99,489,100,17,13,-1,-1,-1
1641,99,485,100,17,13,-1,-1,-1
1642,99,482,101,18,14,-1,-1,-1
1643,99,479,101,18,14,-1,-1,-1
1644,99,476,101,18,15,-1,-1,-1
1645,99,474,102,18,14,-1,-1,-1
1646,99,470,102,17,14,-1,-1,-1
1647,99,467,102,18,14,-1,-1,-1
1648,99,464,102,18,15,-1,-1,-1
1649,99,460,102,19,16,-1,-1,-1
1650,99,457,102,19,16,-1,-1,-1
1651,99,453,102,19,16,-1,-1,-1
1652,99,450,102,20,16,-1,-1,-1
1653,99,446,103,20,16,-1,-1,-1
1654,99,443,104,20,16,-1,-1,-1
1655,99,438,105,19,16,-1,-1,-1
1656,99,434,106,20,16,-1,-1,-1
1657,99,430,106,20,16,-1,-1,-1
1658,99,425,107,20,16,-1,-1,-1
1659,99,420,108,21,17,-1,-1,-1
1660,99,415,108,22,17,-1,-1,-1
1661,99,410,109,22,17,-1,-1,-1
1662,99,404,109,23,17,-1,-1,-1
1663,99,398,110,23,18,-1,-1,-1
1664,99,392,110,24,18,-1,-1,-1
1665,99,386,111,25,18,-1,-1,-1
1666,99,379,112,25,18,-1,-1,-1
1667,99,373,112,26,18,-1,-1,-1
1668,99,367,113,26,18,-1,-1,-1
1669,99,361,114,26,18,-1,-1,-1
1670,99,353,115,26,18,-1,-1,-1
1671,99,345,116,27,18,-1,-1,-1
1672,99,337,117,27,18,-1,-1,-1
1673,99,329,118,28,19,-1,-1,-1
1674,99,321,119,28,20,-1,-1,-1
1675,99,312,119,29,21,-1,-1,-1
1676,99,303,121,29,21,-1,-1,-1
1677,99,293,122,30,21,-1,-1,-1
1678,99,284,123,31,22,-1,-1,-1
1679,99,274,124,32,22,-1,-1,-1
1680,99,263,125,32,23,-1,-1,-1
1681,99,252,126,33,25,-1,-1,-1
1682,99,241,127,34,25,-1,-1,-1
1683,99,229,129,34,26,-1,-1,-1
1684,99,217,130,37,27,-1,-1,-1
1685,99,204,131,37,29,-1,-1,-1
1686,99,198,132,39,30,-1,-1,-1
1687,99,192,132,38,30,-1,-1,-1
1690,100,439,112,18,14,-1,-1,-1
1691,100,435,113,18,13,-1,-1,-1
1692,100,433,113,18,13,-1,-1,-1
1693,100,429,113,19,13,-1,-1,-1
1694,100,424,114,19,13,-1,-1,-1
1695,100,419,115,19,13,-1,-1,-1
1696,100,413,116,19,13,-1,-1,-1
1697,100,407,117,19,13,-1,-1,-1
1698,100,402,118,19,13,-1,-1,-1
1699,100,397,119,19,13,-1,-1,-1
1699,101,493,99,21,12,-1,-1,-1
1700,100,390,119,19,13,-1,-1,-1
1700,101,491,99,21,12,-1,-1,-1
1701,100,384,120,19,13,-1,-1,-1
1701,101,491,99,21,12,-1,-1,-1
1702,100,377,122,19,13,-1,-1,-1
1702,101,490,99,20,12,-1,-1,-1
1703,100,369,123,20,13,-1,-1,-1
1703,101,488,99,19,12,-1,-1,-1
1704,100,361,124,21,13,-1,-1,-1
1704,101,485,100,20,13,-1,-1,-1
1705,100,353,125,22,14,-1,-1,-1
1705,101,482,100,20,13,-1,-1,-1
1706,100,345,126,23,14,-1,-1,-1
1706,101,479,101,20,13,-1,-1,-1
1707,100,336,127,24,14,-1,-1,-1
1707,101,476,101,20,13,-1,-1,-1
1708,100,331,128,24,15,-1,-1,-1
1708,101,474,101,21,14,-1,-1,-1
1709,100,327,128,25,15,-1,-1,-1
1709,101,470,101,21,14,-1,-1,-1
1710,101,467,102,21,14,-1,-1,-1
1711,101,464,102,21,14,-1,-1,-1
1712,101,461,102,20,14,-1,-1,-1
1713,101,459,103,20,14,-1,-1,-1
1714,101,458,103,20,14,-1,-1,-1
1718,102,440,104,24,16,-1,-1,-1
1719,102,439,104,24,16,-1,-1,-1
1720,102,439,104,24,16,-1,-1,-1
