29,1,352,384,45,20,-1,-1,-1
30,1,351,384,47,20,-1,-1,-1
30,2,208,343,39,47,-1,-1,-1
31,1,351,384,47,20,-1,-1,-1
31,2,208,343,39,47,-1,-1,-1
32,1,351,384,47,20,-1,-1,-1
32,2,208,343,39,47,-1,-1,-1
34,3,544,343,35,44,-1,-1,-1
35,3,543,343,35,44,-1,-1,-1
36,3,543,343,34,44,-1,-1,-1
37,3,543,343,34,44,-1,-1,-1
37,4,494,326,19,18,-1,-1,-1
38,3,543,343,34,44,-1,-1,-1
38,4,494,326,20,18,-1,-1,-1
39,3,543,343,34,43,-1,-1,-1
39,4,494,327,20,18,-1,-1,-1
40,3,543,344,33,43,-1,-1,-1
41,3,543,344,33,42,-1,-1,-1
42,3,543,344,33,41,-1,-1,-1
43,3,542,345,33,41,-1,-1,-1
78,5,358,94,24,25,-1,-1,-1
79,5,358,94,23,25,-1,-1,-1
79,6,608,104,26,30,-1,-1,-1
80,5,358,95,23,25,-1,-1,-1
80,6,610,101,26,30,-1,-1,-1
81,6,611,99,25,30,-1,-1,-1
82,6,612,96,26,30,-1,-1,-1
83,6,612,95,26,30,-1,-1,-1
84,6,612,95,26,30,-1,-1,-1
105,7,504,214,32,34,-1,-1,-1
106,7,503,212,32,36,-1,-1,-1
107,7,503,212,32,35,-1,-1,-1
107,8,357,88,28,26,-1,-1,-1
108,8,356,88,29,26,-1,-1,-1
109,8,356,88,29,26,-1,-1,-1
110,8,356,88,29,25,-1,-1,-1
111,8,356,89,28,25,-1,-1,-1
112,8,356,90,28,25,-1,-1,-1
113,8,356,90,28,25,-1,-1,-1
114,8,356,90,29,25,-1,-1,-1
116,8,358,92,29,26,-1,-1,-1
117,8,357,91,29,26,-1,-1,-1
118,8,357,91,28,26,-1,-1,-1
119,8,357,90,28,26,-1,-1,-1
121,10,558,160,33,31,-1,-1,-1
122,10,562,155,33,30,-1,-1,-1
123,10,566,151,33,29,-1,-1,-1
124,10,571,147,32,28,-1,-1,-1
125,10,575,142,32,27,-1,-1,-1
126,10,580,137,31,27,-1,-1,-1
127,10,584,132,31,26,-1,-1,-1
128,10,587,127,30,25,-1,-1,-1
129,10,591,122,29,24,-1,-1,-1
130,10,594,117,28,23,-1,-1,-1
131,10,596,113,27,22,-1,-1,-1
131,11,391,76,64,46,-1,-1,-1
132,10,597,111,28,22,-1,-1,-1
132,11,388,77,63,46,-1,-1,-1
133,10,598,110,27,22,-1,-1,-1
133,11,384,78,63,46,-1,-1,-1
134,11,378,79,64,47,-1,-1,-1
135,11,376,79,65,48,-1,-1,-1
136,11,374,78,67,50,-1,-1,-1
161,12,422,91,34,21,-1,-1,-1
162,12,420,92,35,21,-1,-1,-1
163,12,419,92,35,20,-1,-1,-1
167,13,568,150,31,29,-1,-1,-1
168,13,572,145,30,28,-1,-1,-1
169,13,575,142,29,27,-1,-1,-1
170,13,580,137,27,26,-1,-1,-1
171,13,585,132,27,25,-1,-1,-1
172,13,590,127,26,25,-1,-1,-1
173,13,593,122,26,24,-1,-1,-1
174,13,597,117,26,25,-1,-1,-1
175,13,600,113,26,25,-1,-1,-1
176,13,603,109,26,26,-1,-1,-1
177,13,604,108,27,26,-1,-1,-1
178,13,604,107,27,26,-1,-1,-1
216,14,366,108,39,23,-1,-1,-1
217,14,363,109,38,23,-1,-1,-1
217,15,615,98,22,21,-1,-1,-1
218,14,362,109,38,23,-1,-1,-1
218,15,617,96,20,20,-1,-1,-1
219,15,619,95,19,19,-1,-1,-1
220,15,621,93,19,18,-1,-1,-1
221,15,623,91,19,17,-1,-1,-1
222,15,624,88,20,18,-1,-1,-1
222,16,434,94,29,22,-1,-1,-1
222,17,581,100,22,18,-1,-1,-1
223,15,626,85,20,18,-1,-1,-1
223,16,428,95,30,23,-1,-1,-1
223,17,582,98,23,18,-1,-1,-1
224,15,627,83,21,18,-1,-1,-1
224,16,423,97,30,22,-1,-1,-1
224,17,583,97,24,19,-1,-1,-1
225,15,629,81,21,18,-1,-1,-1
225,16,415,100,31,22,-1,-1,-1
225,17,584,95,25,19,-1,-1,-1
226,15,630,80,21,18,-1,-1,-1
226,16,407,103,31,22,-1,-1,-1
226,17,586,93,25,20,-1,-1,-1
227,15,631,79,21,18,-1,-1,-1
227,16,397,106,32,23,-1,-1,-1
227,17,588,91,26,20,-1,-1,-1
227,19,532,137,34,33,-1,-1,-1
228,15,631,79,21,18,-1,-1,-1
228,16,386,109,33,23,-1,-1,-1
228,17,589,90,28,21,-1,-1,-1
228,19,537,132,33,33,-1,-1,-1
229,16,380,111,34,23,-1,-1,-1
229,17,589,88,30,22,-1,-1,-1
229,19,541,129,33,32,-1,-1,-1
230,16,375,113,34,23,-1,-1,-1
230,17,590,86,31,22,-1,-1,-1
230,19,546,126,33,30,-1,-1,-1
231,17,591,85,31,23,-1,-1,-1
231,19,550,123,33,28,-1,-1,-1
232,17,592,84,31,23,-1,-1,-1
232,18,8,154,33,24,-1,-1,-1
232,19,555,120,33,27,-1,-1,-1
233,17,593,83,31,23,-1,-1,-1
233,18,6,153,33,25,-1,-1,-1
233,19,559,117,33,26,-1,-1,-1
234,18,6,152,32,25,-1,-1,-1
234,19,563,113,31,26,-1,-1,-1
235,19,567,110,29,25,-1,-1,-1
236,19,571,107,28,24,-1,-1,-1
237,19,575,104,27,23,-1,-1,-1
238,19,578,102,26,22,-1,-1,-1
239,19,582,99,25,21,-1,-1,-1
240,19,585,97,24,20,-1,-1,-1
241,19,588,94,23,19,-1,-1,-1
242,19,589,93,22,19,-1,-1,-1
242,20,400,97,30,19,-1,-1,-1
243,19,590,93,22,19,-1,-1,-1
243,20,394,100,30,19,-1,-1,-1
244,20,387,102,31,19,-1,-1,-1
245,20,379,105,32,18,-1,-1,-1
245,21,602,85,19,16,-1,-1,-1
246,20,370,107,32,19,-1,-1,-1
246,21,604,84,18,16,-1,-1,-1
246,22,540,108,26,18,-1,-1,-1
247,20,365,109,32,19,-1,-1,-1
247,21,604,84,18,16,-1,-1,-1
247,22,543,107,25,17,-1,-1,-1
248,20,362,110,32,19,-1,-1,-1
248,21,605,83,18,16,-1,-1,-1
248,22,543,107,25,17,-1,-1,-1
248,25,499,136,32,27,-1,-1,-1
249,22,544,106,24,17,-1,-1,-1
249,25,504,132,32,26,-1,-1,-1
250,25,508,129,31,26,-1,-1,-1
251,25,513,125,32,25,-1,-1,-1
252,25,518,121,32,25,-1,-1,-1
253,25,524,118,31,24,-1,-1,-1
254,25,528,114,31,24,-1,-1,-1
255,25,533,111,30,23,-1,-1,-1
256,25,538,109,29,23,-1,-1,-1
257,25,543,106,28,22,-1,-1,-1
258,25,547,103,27,21,-1,-1,-1
259,25,551,100,26,21,-1,-1,-1
260,25,556,97,26,20,-1,-1,-1
261,25,559,95,25,19,-1,-1,-1
262,25,563,93,25,19,-1,-1,-1
263,23,505,126,32,25,-1,-1,-1
263,24,396,79,43,33,-1,-1,-1
263,25,565,91,24,19,-1,-1,-1
264,23,509,124,32,24,-1,-1,-1
264,24,390,81,45,33,-1,-1,-1
264,25,567,89,25,19,-1,-1,-1
265,23,513,121,31,23,-1,-1,-1
265,24,385,83,43,32,-1,-1,-1
265,25,569,87,25,18,-1,-1,-1
266,23,519,118,31,23,-1,-1,-1
266,24,377,85,41,32,-1,-1,-1
266,25,572,84,25,17,-1,-1,-1
267,23,524,115,30,23,-1,-1,-1
267,24,370,88,39,32,-1,-1,-1
267,25,575,81,25,17,-1,-1,-1
268,23,528,112,30,22,-1,-1,-1
268,24,361,91,37,33,-1,-1,-1
268,25,579,79,25,16,-1,-1,-1
269,23,533,110,29,21,-1,-1,-1
269,24,351,93,37,33,-1,-1,-1
269,25,580,78,25,16,-1,-1,-1
270,23,538,106,28,20,-1,-1,-1
270,24,346,95,37,33,-1,-1,-1
270,25,581,78,24,16,-1,-1,-1
271,23,542,104,28,20,-1,-1,-1
271,24,343,96,38,33,-1,-1,-1
272,23,546,101,28,19,-1,-1,-1
273,23,550,99,28,19,-1,-1,-1
274,23,553,97,28,18,-1,-1,-1
275,23,557,95,27,18,-1,-1,-1
275,26,552,126,29,18,-1,-1,-1
276,23,560,93,27,18,-1,-1,-1
276,26,554,125,28,18,-1,-1,-1
277,23,563,91,27,18,-1,-1,-1
277,26,554,124,28,18,-1,-1,-1
278,23,566,89,27,19,-1,-1,-1
279,23,569,86,27,19,-1,-1,-1
280,23,572,84,26,19,-1,-1,-1
280,27,500,132,35,26,-1,-1,-1
281,23,574,82,26,18,-1,-1,-1
281,27,504,129,35,25,-1,-1,-1
282,23,575,81,25,17,-1,-1,-1
282,27,507,126,35,25,-1,-1,-1
282,28,355,95,27,20,-1,-1,-1
283,23,575,81,26,17,-1,-1,-1
283,27,512,123,35,25,-1,-1,-1
283,28,355,95,26,20,-1,-1,-1
284,27,516,119,35,25,-1,-1,-1
284,28,355,95,26,21,-1,-1,-1
285,27,522,116,34,25,-1,-1,-1
285,28,356,95,26,21,-1,-1,-1
286,27,526,112,34,25,-1,-1,-1
287,27,530,109,33,25,-1,-1,-1
288,27,534,107,33,24,-1,-1,-1
289,27,538,104,32,24,-1,-1,-1
290,27,540,102,32,24,-1,-1,-1
291,27,540,101,31,24,-1,-1,-1
320,29,754,250,42,27,-1,-1,-1
321,29,746,247,46,28,-1,-1,-1
322,29,738,246,51,28,-1,-1,-1
323,29,731,245,54,28,-1,-1,-1
324,29,727,244,56,29,-1,-1,-1
329,30,509,126,51,54,-1,-1,-1
330,30,515,121,52,53,-1,-1,-1
331,30,520,118,51,52,-1,-1,-1
332,30,526,114,51,51,-1,-1,-1
332,39,344,190,95,71,-1,-1,-1
333,30,531,111,49,49,-1,-1,-1
333,39,363,182,86,66,-1,-1,-1
334,30,537,108,47,47,-1,-1,-1
334,39,381,178,78,62,-1,-1,-1
335,30,543,104,45,46,-1,-1,-1
335,39,403,171,67,55,-1,-1,-1
336,30,549,101,43,44,-1,-1,-1
336,39,418,165,61,51,-1,-1,-1
337,30,554,98,41,42,-1,-1,-1
337,39,430,160,56,49,-1,-1,-1
338,30,560,95,39,41,-1,-1,-1
338,39,438,157,54,47,-1,-1,-1
339,30,565,92,37,39,-1,-1,-1
339,39,444,154,52,46,-1,-1,-1
340,30,570,90,36,37,-1,-1,-1
340,39,449,151,51,46,-1,-1,-1
341,30,573,88,35,36,-1,-1,-1
341,39,453,149,50,45,-1,-1,-1
342,30,576,86,34,36,-1,-1,-1
342,39,457,147,49,45,-1,-1,-1
343,30,579,84,32,37,-1,-1,-1
343,39,460,145,49,45,-1,-1,-1
344,30,582,84,30,36,-1,-1,-1
344,39,464,143,48,45,-1,-1,-1
345,30,585,83,28,34,-1,-1,-1
345,39,467,141,48,45,-1,-1,-1
346,30,587,82,27,32,-1,-1,-1
346,31,357,90,28,26,-1,-1,-1
346,39,471,139,47,44,-1,-1,-1
347,30,590,81,27,31,-1,-1,-1
347,31,357,89,28,26,-1,-1,-1
347,39,474,137,47,44,-1,-1,-1
348,30,592,80,27,30,-1,-1,-1
348,31,357,89,28,25,-1,-1,-1
348,39,477,136,47,44,-1,-1,-1
349,30,594,78,27,29,-1,-1,-1
349,31,357,89,29,24,-1,-1,-1
349,32,546,100,25,23,-1,-1,-1
349,39,481,134,46,44,-1,-1,-1
350,30,596,77,27,28,-1,-1,-1
350,31,357,89,29,24,-1,-1,-1
350,32,548,98,25,23,-1,-1,-1
350,39,484,132,46,44,-1,-1,-1
351,30,599,75,25,27,-1,-1,-1
351,31,357,89,29,24,-1,-1,-1
351,32,550,96,26,23,-1,-1,-1
351,39,488,130,45,44,-1,-1,-1
352,30,601,74,24,26,-1,-1,-1
352,32,552,93,26,23,-1,-1,-1
352,39,491,128,45,44,-1,-1,-1
353,30,604,73,23,24,-1,-1,-1
353,32,555,91,26,23,-1,-1,-1
353,34,523,118,24,22,-1,-1,-1
353,39,494,126,44,44,-1,-1,-1
354,30,605,73,23,24,-1,-1,-1
354,32,558,90,27,22,-1,-1,-1
354,34,527,116,23,21,-1,-1,-1
354,35,576,151,29,26,-1,-1,-1
354,39,498,124,44,43,-1,-1,-1
355,30,605,73,23,23,-1,-1,-1
355,32,561,87,27,22,-1,-1,-1
355,34,530,114,23,21,-1,-1,-1
355,35,579,147,28,25,-1,-1,-1
355,39,501,122,43,43,-1,-1,-1
356,32,564,85,26,22,-1,-1,-1
356,34,534,111,23,20,-1,-1,-1
356,35,582,144,27,24,-1,-1,-1
356,39,504,120,43,43,-1,-1,-1
357,32,565,82,27,22,-1,-1,-1
357,34,537,108,24,21,-1,-1,-1
357,35,586,139,25,24,-1,-1,-1
357,39,508,118,42,43,-1,-1,-1
358,32,566,80,27,21,-1,-1,-1
358,34,541,104,24,21,-1,-1,-1
358,35,591,135,24,23,-1,-1,-1
358,39,511,116,42,43,-1,-1,-1
359,32,566,79,27,21,-1,-1,-1
359,34,545,100,25,21,-1,-1,-1
359,35,595,131,23,23,-1,-1,-1
359,39,514,115,42,43,-1,-1,-1
360,32,566,79,27,21,-1,-1,-1
360,34,549,97,26,21,-1,-1,-1
360,35,598,128,22,22,-1,-1,-1
360,36,564,165,25,27,-1,-1,-1
360,39,518,113,41,43,-1,-1,-1
361,33,483,114,70,81,-1,-1,-1
361,34,553,93,26,21,-1,-1,-1
361,35,601,124,22,22,-1,-1,-1
361,36,568,160,25,27,-1,-1,-1
361,39,521,111,41,43,-1,-1,-1
362,33,492,114,62,74,-1,-1,-1
362,34,557,92,26,21,-1,-1,-1
362,35,603,121,21,22,-1,-1,-1
362,36,571,157,25,26,-1,-1,-1
362,39,525,109,40,42,-1,-1,-1
363,33,498,114,59,67,-1,-1,-1
363,34,560,91,26,21,-1,-1,-1
363,35,606,118,21,22,-1,-1,-1
363,36,575,152,25,26,-1,-1,-1
363,38,501,224,49,47,-1,-1,-1
363,39,528,107,40,42,-1,-1,-1
364,33,505,113,55,59,-1,-1,-1
364,34,561,91,26,20,-1,-1,-1
364,35,609,114,21,22,-1,-1,-1
364,36,578,147,25,26,-1,-1,-1
364,38,509,217,46,45,-1,-1,-1
364,39,531,105,39,42,-1,-1,-1
365,33,509,111,55,57,-1,-1,-1
365,35,610,111,22,22,-1,-1,-1
365,36,582,143,25,26,-1,-1,-1
365,38,515,211,43,43,-1,-1,-1
365,39,535,103,39,42,-1,-1,-1
366,33,511,111,54,56,-1,-1,-1
366,35,612,108,23,22,-1,-1,-1
366,36,586,139,25,25,-1,-1,-1
366,38,520,206,41,42,-1,-1,-1
366,39,538,101,38,42,-1,-1,-1
367,35,613,106,23,21,-1,-1,-1
367,36,590,135,24,24,-1,-1,-1
367,38,522,204,41,41,-1,-1,-1
367,39,541,99,38,42,-1,-1,-1
368,35,615,104,23,21,-1,-1,-1
368,36,593,130,25,24,-1,-1,-1
368,39,545,97,37,42,-1,-1,-1
369,35,617,101,23,21,-1,-1,-1
369,36,594,127,24,24,-1,-1,-1
369,39,548,96,37,42,-1,-1,-1
370,35,619,98,24,21,-1,-1,-1
370,36,595,126,25,23,-1,-1,-1
370,37,413,75,41,29,-1,-1,-1
370,39,551,94,36,40,-1,-1,-1
370,41,559,166,33,31,-1,-1,-1
371,35,619,96,24,21,-1,-1,-1
371,37,408,75,45,31,-1,-1,-1
371,39,555,93,35,39,-1,-1,-1
371,41,563,162,32,31,-1,-1,-1
372,35,620,95,24,21,-1,-1,-1
372,37,403,76,48,32,-1,-1,-1
372,39,557,92,34,38,-1,-1,-1
372,41,566,158,32,31,-1,-1,-1
373,35,620,94,25,22,-1,-1,-1
373,37,396,76,51,33,-1,-1,-1
373,39,558,91,34,38,-1,-1,-1
373,40,11,148,38,24,-1,-1,-1
373,41,570,154,31,31,-1,-1,-1
374,37,389,77,52,34,-1,-1,-1
374,40,9,148,38,24,-1,-1,-1
374,41,573,149,31,30,-1,-1,-1
375,37,386,78,52,34,-1,-1,-1
375,40,9,148,37,23,-1,-1,-1
375,41,578,145,30,29,-1,-1,-1
376,37,384,79,52,34,-1,-1,-1
376,41,582,141,28,28,-1,-1,-1
377,41,586,137,27,27,-1,-1,-1
378,41,590,132,26,26,-1,-1,-1
379,41,593,128,26,25,-1,-1,-1
380,41,595,126,26,24,-1,-1,-1
381,41,596,125,26,24,-1,-1,-1
400,42,528,189,42,37,-1,-1,-1
401,42,533,184,40,36,-1,-1,-1
402,42,538,178,37,35,-1,-1,-1
403,42,545,170,35,34,-1,-1,-1
404,42,552,164,33,32,-1,-1,-1
405,42,559,158,30,31,-1,-1,-1
406,42,565,153,29,30,-1,-1,-1
407,42,570,148,27,29,-1,-1,-1
408,42,575,143,26,28,-1,-1,-1
409,42,579,139,26,27,-1,-1,-1
410,42,583,134,25,26,-1,-1,-1
411,42,587,130,25,26,-1,-1,-1
412,42,591,126,25,26,-1,-1,-1
413,42,594,122,24,25,-1,-1,-1
414,42,598,118,24,25,-1,-1,-1
414,43,548,46,28,27,-1,-1,-1
415,42,601,114,24,24,-1,-1,-1
415,43,547,47,28,27,-1,-1,-1
415,44,549,166,32,31,-1,-1,-1
416,42,602,112,24,24,-1,-1,-1
416,43,547,47,28,27,-1,-1,-1
416,44,554,162,31,30,-1,-1,-1
417,42,603,111,23,23,-1,-1,-1
417,43,546,47,28,27,-1,-1,-1
417,44,558,158,30,29,-1,-1,-1
418,44,563,152,29,28,-1,-1,-1
419,44,569,146,28,27,-1,-1,-1
420,44,574,140,27,26,-1,-1,-1
421,44,579,135,26,25,-1,-1,-1
422,44,583,130,25,24,-1,-1,-1
423,44,585,128,25,23,-1,-1,-1
424,44,585,127,25,23,-1,-1,-1
440,45,577,97,27,19,-1,-1,-1
441,45,578,96,27,19,-1,-1,-1
442,45,578,96,27,19,-1,-1,-1
449,46,595,121,25,21,-1,-1,-1
450,46,598,118,24,20,-1,-1,-1
451,46,600,116,23,19,-1,-1,-1
452,46,604,112,23,19,-1,-1,-1
453,46,607,109,22,18,-1,-1,-1
453,47,585,136,25,23,-1,-1,-1
454,46,609,107,21,18,-1,-1,-1
454,47,588,132,25,23,-1,-1,-1
455,46,612,104,21,17,-1,-1,-1
455,47,590,129,25,23,-1,-1,-1
456,46,614,101,20,17,-1,-1,-1
456,47,594,123,25,23,-1,-1,-1
457,46,615,100,20,17,-1,-1,-1
457,47,597,118,25,24,-1,-1,-1
458,46,615,99,20,17,-1,-1,-1
458,47,601,114,25,24,-1,-1,-1
459,47,604,111,23,23,-1,-1,-1
460,47,607,109,21,21,-1,-1,-1
461,47,610,106,21,19,-1,-1,-1
462,47,612,104,20,18,-1,-1,-1
462,48,356,92,32,24,-1,-1,-1
463,47,614,101,20,17,-1,-1,-1
463,48,357,92,31,24,-1,-1,-1
464,47,615,100,20,17,-1,-1,-1
464,48,358,92,31,23,-1,-1,-1
465,47,616,99,20,17,-1,-1,-1
465,48,358,92,30,23,-1,-1,-1
466,48,358,92,30,23,-1,-1,-1
511,49,554,120,32,26,-1,-1,-1
512,49,555,119,32,26,-1,-1,-1
513,49,555,119,31,25,-1,-1,-1
517,50,581,97,27,25,-1,-1,-1
518,50,582,96,26,23,-1,-1,-1
519,50,582,96,26,22,-1,-1,-1
520,50,583,96,25,22,-1,-1,-1
541,51,596,118,26,20,-1,-1,-1
542,51,598,114,27,20,-1,-1,-1
543,51,599,111,27,21,-1,-1,-1
544,51,602,108,27,21,-1,-1,-1
544,52,391,82,55,38,-1,-1,-1
545,51,605,105,26,21,-1,-1,-1
545,52,388,82,55,39,-1,-1,-1
546,51,608,102,25,20,-1,-1,-1
546,52,387,82,55,39,-1,-1,-1
547,51,610,99,26,20,-1,-1,-1
548,51,612,96,27,21,-1,-1,-1
549,51,613,94,28,21,-1,-1,-1
550,51,614,93,29,21,-1,-1,-1
556,53,479,309,34,38,-1,-1,-1
557,53,479,312,33,36,-1,-1,-1
558,53,478,312,33,36,-1,-1,-1
559,53,478,313,32,36,-1,-1,-1
560,54,469,394,27,12,-1,-1,-1
560,55,472,326,29,28,-1,-1,-1
561,54,469,394,27,12,-1,-1,-1
561,55,471,326,30,28,-1,-1,-1
562,54,468,394,27,12,-1,-1,-1
562,55,471,326,30,28,-1,-1,-1
574,56,358,96,24,20,-1,-1,-1
575,56,358,95,24,20,-1,-1,-1
576,56,358,95,24,20,-1,-1,-1
577,56,358,95,24,21,-1,-1,-1
578,56,358,95,24,21,-1,-1,-1
592,57,500,59,29,26,-1,-1,-1
593,57,498,59,31,27,-1,-1,-1
593,58,503,162,32,30,-1,-1,-1
594,57,497,59,31,27,-1,-1,-1
594,58,506,160,31,29,-1,-1,-1
594,59,352,274,70,58,-1,-1,-1
594,66,401,87,35,23,-1,-1,-1
595,57,496,59,32,28,-1,-1,-1
595,58,507,159,31,29,-1,-1,-1
595,59,355,273,67,56,-1,-1,-1
595,66,401,87,35,23,-1,-1,-1
596,57,496,59,32,28,-1,-1,-1
596,58,508,158,31,29,-1,-1,-1
596,59,355,273,67,56,-1,-1,-1
596,66,401,87,35,23,-1,-1,-1
597,57,496,59,32,28,-1,-1,-1
597,58,508,158,31,29,-1,-1,-1
597,59,355,273,67,56,-1,-1,-1
597,66,401,87,35,23,-1,-1,-1
598,57,496,59,32,28,-1,-1,-1
598,58,508,158,31,29,-1,-1,-1
598,59,355,273,67,56,-1,-1,-1
598,66,401,87,35,23,-1,-1,-1
599,57,496,59,32,28,-1,-1,-1
599,58,508,158,31,29,-1,-1,-1
599,59,355,273,67,56,-1,-1,-1
599,66,401,87,35,23,-1,-1,-1
600,57,496,59,32,28,-1,-1,-1
600,58,508,158,31,29,-1,-1,-1
600,59,355,273,67,56,-1,-1,-1
600,66,401,87,35,23,-1,-1,-1
601,57,496,59,32,28,-1,-1,-1
601,58,508,158,31,29,-1,-1,-1
601,59,355,273,67,56,-1,-1,-1
601,66,401,87,35,23,-1,-1,-1
602,57,496,59,32,28,-1,-1,-1
602,58,508,158,31,29,-1,-1,-1
602,59,355,273,67,56,-1,-1,-1
602,66,401,87,35,23,-1,-1,-1
603,57,496,59,32,28,-1,-1,-1
603,58,508,158,31,29,-1,-1,-1
603,59,355,273,67,56,-1,-1,-1
603,66,401,87,35,23,-1,-1,-1
604,57,496,59,32,28,-1,-1,-1
604,58,508,158,31,29,-1,-1,-1
604,59,355,273,67,56,-1,-1,-1
604,66,401,87,35,23,-1,-1,-1
605,57,496,59,32,28,-1,-1,-1
605,58,508,158,31,29,-1,-1,-1
605,59,355,273,67,56,-1,-1,-1
605,66,401,86,36,23,-1,-1,-1
606,57,496,59,32,28,-1,-1,-1
606,58,508,158,31,29,-1,-1,-1
606,59,355,273,67,56,-1,-1,-1
606,66,401,86,36,23,-1,-1,-1
607,66,401,86,36,23,-1,-1,-1
608,63,561,159,32,34,-1,-1,-1
608,66,401,86,36,23,-1,-1,-1
609,63,565,155,30,32,-1,-1,-1
609,66,401,86,37,23,-1,-1,-1
610,60,408,71,46,40,-1,-1,-1
610,62,593,88,25,23,-1,-1,-1
610,63,569,151,28,30,-1,-1,-1
610,64,522,144,32,33,-1,-1,-1
610,66,401,85,37,23,-1,-1,-1
611,60,402,73,46,40,-1,-1,-1
611,62,594,87,24,22,-1,-1,-1
611,63,574,147,27,30,-1,-1,-1
611,64,527,141,31,32,-1,-1,-1
611,66,401,85,37,24,-1,-1,-1
612,60,397,75,47,40,-1,-1,-1
612,62,595,86,24,22,-1,-1,-1
612,63,579,142,27,29,-1,-1,-1
612,64,532,138,30,31,-1,-1,-1
612,66,401,85,38,24,-1,-1,-1
613,60,390,76,48,41,-1,-1,-1
613,62,597,85,23,21,-1,-1,-1
613,63,583,137,27,29,-1,-1,-1
613,64,538,133,30,30,-1,-1,-1
613,66,401,84,38,24,-1,-1,-1
614,60,383,78,49,41,-1,-1,-1
614,62,598,84,23,20,-1,-1,-1
614,63,587,132,26,28,-1,-1,-1
614,64,544,129,29,30,-1,-1,-1
614,66,401,84,38,24,-1,-1,-1
615,60,374,80,49,41,-1,-1,-1
615,62,601,82,23,20,-1,-1,-1
615,63,591,127,26,28,-1,-1,-1
615,64,550,123,28,29,-1,-1,-1
615,66,401,84,39,25,-1,-1,-1
616,60,364,84,49,42,-1,-1,-1
616,62,604,79,24,19,-1,-1,-1
616,63,596,123,25,27,-1,-1,-1
616,64,555,119,27,29,-1,-1,-1
616,66,401,84,39,25,-1,-1,-1
617,60,353,88,49,43,-1,-1,-1
617,61,551,163,32,34,-1,-1,-1
617,62,608,77,24,19,-1,-1,-1
617,63,600,119,24,26,-1,-1,-1
617,64,561,114,26,29,-1,-1,-1
617,66,401,83,39,25,-1,-1,-1
618,60,342,91,49,43,-1,-1,-1
618,61,555,159,31,33,-1,-1,-1
618,62,609,76,24,19,-1,-1,-1
618,63,603,116,24,25,-1,-1,-1
618,64,565,111,25,27,-1,-1,-1
618,66,401,83,40,25,-1,-1,-1
619,60,331,94,50,45,-1,-1,-1
619,61,557,158,31,33,-1,-1,-1
619,62,610,76,24,18,-1,-1,-1
619,63,606,113,24,25,-1,-1,-1
619,64,569,109,24,25,-1,-1,-1
619,66,401,83,40,26,-1,-1,-1
620,60,325,95,50,45,-1,-1,-1
620,61,558,156,31,31,-1,-1,-1
620,63,608,109,25,24,-1,-1,-1
620,64,573,106,23,24,-1,-1,-1
620,66,401,82,40,26,-1,-1,-1
621,60,321,96,50,45,-1,-1,-1
621,63,611,106,24,23,-1,-1,-1
621,64,577,103,22,23,-1,-1,-1
621,66,401,82,41,26,-1,-1,-1
622,63,614,104,23,23,-1,-1,-1
622,64,580,100,20,21,-1,-1,-1
622,66,401,82,41,26,-1,-1,-1
623,63,617,102,23,22,-1,-1,-1
623,64,582,99,20,20,-1,-1,-1
623,66,401,82,41,27,-1,-1,-1
624,63,619,99,22,22,-1,-1,-1
624,64,583,98,19,20,-1,-1,-1
624,66,401,81,42,27,-1,-1,-1
625,63,621,97,22,22,-1,-1,-1
625,65,596,122,22,21,-1,-1,-1
625,66,401,81,42,27,-1,-1,-1
626,63,622,95,22,21,-1,-1,-1
626,65,599,119,21,20,-1,-1,-1
626,66,401,81,42,27,-1,-1,-1
627,63,624,93,21,21,-1,-1,-1
627,65,601,116,20,20,-1,-1,-1
627,66,401,80,43,28,-1,-1,-1
628,63,626,92,20,20,-1,-1,-1
628,65,602,114,19,20,-1,-1,-1
628,66,401,80,43,28,-1,-1,-1
629,63,627,90,19,19,-1,-1,-1
629,65,603,112,19,20,-1,-1,-1
629,66,401,80,43,28,-1,-1,-1
630,63,629,88,19,19,-1,-1,-1
630,66,401,79,44,28,-1,-1,-1
631,63,630,86,19,18,-1,-1,-1
631,66,401,79,44,29,-1,-1,-1
632,63,632,84,19,18,-1,-1,-1
632,66,401,79,44,29,-1,-1,-1
633,63,632,83,19,18,-1,-1,-1
633,66,401,79,45,29,-1,-1,-1
634,63,633,83,19,18,-1,-1,-1
634,66,401,78,45,29,-1,-1,-1
635,66,401,78,45,30,-1,-1,-1
636,66,401,78,46,30,-1,-1,-1
637,66,401,77,46,30,-1,-1,-1
638,66,401,77,46,30,-1,-1,-1
639,66,401,77,47,31,-1,-1,-1
640,66,401,77,47,31,-1,-1,-1
641,66,401,76,47,31,-1,-1,-1
642,66,401,76,48,31,-1,-1,-1
643,66,401,76,48,32,-1,-1,-1
644,66,401,75,48,32,-1,-1,-1
645,66,401,75,49,32,-1,-1,-1
646,66,399,75,50,32,-1,-1,-1
647,66,396,76,52,32,-1,-1,-1
648,66,394,77,53,32,-1,-1,-1
649,66,393,77,54,32,-1,-1,-1
655,67,558,95,32,22,-1,-1,-1
656,67,561,94,31,22,-1,-1,-1
657,67,562,94,31,22,-1,-1,-1
658,67,563,93,30,22,-1,-1,-1
658,68,589,124,29,26,-1,-1,-1
659,68,590,121,29,26,-1,-1,-1
660,68,591,118,28,26,-1,-1,-1
661,68,592,116,28,27,-1,-1,-1
662,68,593,115,28,27,-1,-1,-1
686,71,358,94,25,21,-1,-1,-1
687,71,358,94,25,21,-1,-1,-1
688,71,358,94,25,21,-1,-1,-1
689,71,358,94,25,21,-1,-1,-1
690,71,358,94,25,22,-1,-1,-1
691,71,358,94,25,22,-1,-1,-1
692,71,358,94,25,22,-1,-1,-1
693,71,358,94,25,22,-1,-1,-1
694,71,358,93,25,22,-1,-1,-1
695,71,358,93,25,22,-1,-1,-1
696,71,358,93,25,22,-1,-1,-1
697,71,358,93,25,22,-1,-1,-1
698,71,358,93,25,22,-1,-1,-1
699,71,358,93,25,22,-1,-1,-1
700,71,357,92,26,22,-1,-1,-1
701,69,385,76,58,44,-1,-1,-1
701,71,357,92,26,23,-1,-1,-1
702,69,380,75,60,45,-1,-1,-1
702,71,357,92,26,23,-1,-1,-1
703,69,378,75,60,45,-1,-1,-1
703,71,357,92,26,23,-1,-1,-1
704,69,376,75,61,46,-1,-1,-1
704,71,357,92,26,23,-1,-1,-1
705,70,563,156,35,35,-1,-1,-1
705,71,357,92,26,23,-1,-1,-1
706,70,568,150,34,35,-1,-1,-1
706,71,357,91,26,23,-1,-1,-1
707,70,572,145,34,34,-1,-1,-1
707,71,357,91,26,23,-1,-1,-1
708,70,577,141,33,32,-1,-1,-1
708,71,357,91,26,23,-1,-1,-1
709,70,582,137,31,30,-1,-1,-1
709,71,357,91,26,23,-1,-1,-1
710,70,586,133,30,28,-1,-1,-1
710,71,357,91,26,23,-1,-1,-1
711,70,590,130,29,27,-1,-1,-1
711,71,357,91,26,24,-1,-1,-1
712,70,593,126,29,26,-1,-1,-1
712,71,356,91,26,23,-1,-1,-1
713,70,594,124,29,25,-1,-1,-1
713,71,356,91,26,24,-1,-1,-1
714,70,595,123,28,25,-1,-1,-1
714,71,355,91,26,23,-1,-1,-1
715,71,356,92,26,23,-1,-1,-1
716,71,357,92,25,22,-1,-1,-1
717,71,357,92,25,22,-1,-1,-1
717,72,323,353,64,49,-1,-1,-1
718,71,357,92,25,22,-1,-1,-1
718,72,322,350,65,51,-1,-1,-1
719,71,357,92,25,23,-1,-1,-1
719,72,323,348,64,52,-1,-1,-1
720,71,357,92,25,23,-1,-1,-1
724,73,626,87,24,21,-1,-1,-1
725,73,627,85,24,22,-1,-1,-1
726,73,627,84,24,22,-1,-1,-1
727,73,628,82,25,23,-1,-1,-1
728,73,629,81,25,23,-1,-1,-1
729,73,630,80,25,23,-1,-1,-1
730,73,631,79,25,22,-1,-1,-1
730,74,41,185,53,40,-1,-1,-1
731,73,632,77,25,22,-1,-1,-1
731,74,41,184,54,40,-1,-1,-1
732,73,632,77,25,22,-1,-1,-1
732,74,40,185,55,40,-1,-1,-1
733,73,632,77,25,23,-1,-1,-1
733,74,40,186,54,39,-1,-1,-1
734,74,40,186,54,39,-1,-1,-1
751,75,148,171,50,31,-1,-1,-1
752,75,148,171,50,31,-1,-1,-1
753,75,148,171,50,31,-1,-1,-1
754,75,148,171,50,31,-1,-1,-1
755,75,148,171,50,31,-1,-1,-1
756,75,148,171,50,31,-1,-1,-1
757,75,148,171,50,31,-1,-1,-1
758,75,148,171,50,31,-1,-1,-1
759,75,148,171,50,31,-1,-1,-1
760,75,148,171,50,31,-1,-1,-1
761,75,148,171,50,31,-1,-1,-1
762,75,148,171,50,31,-1,-1,-1
763,75,148,171,50,31,-1,-1,-1
767,76,577,141,27,22,-1,-1,-1
768,76,581,138,27,22,-1,-1,-1
769,76,584,135,26,21,-1,-1,-1
770,76,587,132,26,21,-1,-1,-1
771,76,590,128,27,21,-1,-1,-1
772,76,593,124,27,22,-1,-1,-1
773,76,594,123,26,21,-1,-1,-1
774,76,595,122,26,21,-1,-1,-1
780,77,107,109,51,49,-1,-1,-1
781,77,107,109,50,49,-1,-1,-1
782,77,107,109,50,49,-1,-1,-1
783,77,107,108,50,50,-1,-1,-1
784,77,106,108,50,51,-1,-1,-1
785,77,106,108,50,51,-1,-1,-1
786,77,106,108,50,51,-1,-1,-1
787,77,106,109,50,51,-1,-1,-1
787,78,607,106,22,19,-1,-1,-1
787,79,4,157,35,24,-1,-1,-1
788,77,106,109,50,50,-1,-1,-1
788,78,608,105,22,19,-1,-1,-1
788,79,4,156,34,24,-1,-1,-1
789,77,106,110,50,50,-1,-1,-1
789,78,609,103,22,19,-1,-1,-1
789,79,4,156,34,24,-1,-1,-1
790,77,107,109,50,50,-1,-1,-1
790,78,611,101,22,19,-1,-1,-1
791,77,107,109,50,50,-1,-1,-1
791,78,613,99,23,19,-1,-1,-1
792,77,108,109,48,51,-1,-1,-1
792,78,615,97,24,20,-1,-1,-1
793,77,108,109,47,51,-1,-1,-1
793,78,615,96,25,20,-1,-1,-1
794,77,109,108,46,51,-1,-1,-1
794,78,616,95,26,21,-1,-1,-1
800,80,631,79,22,18,-1,-1,-1
801,80,631,78,21,17,-1,-1,-1
802,80,632,78,21,16,-1,-1,-1
803,80,632,78,21,16,-1,-1,-1
804,80,633,77,20,16,-1,-1,-1
804,81,586,134,23,20,-1,-1,-1
805,81,589,130,23,19,-1,-1,-1
806,81,591,128,23,19,-1,-1,-1
807,81,593,127,23,18,-1,-1,-1
808,81,594,126,23,18,-1,-1,-1
812,86,460,276,55,54,-1,-1,-1
812,89,505,135,26,19,-1,-1,-1
813,86,468,268,53,51,-1,-1,-1
813,89,510,131,25,19,-1,-1,-1
814,82,410,71,42,34,-1,-1,-1
814,86,475,260,51,49,-1,-1,-1
814,89,513,128,25,19,-1,-1,-1
815,82,405,72,46,35,-1,-1,-1
815,86,485,250,49,46,-1,-1,-1
815,89,519,125,25,19,-1,-1,-1
816,82,401,72,48,36,-1,-1,-1
816,86,494,240,47,44,-1,-1,-1
816,89,525,122,25,19,-1,-1,-1
817,82,395,73,51,37,-1,-1,-1
817,86,504,230,44,42,-1,-1,-1
817,89,530,118,24,18,-1,-1,-1
818,82,388,75,51,37,-1,-1,-1
818,86,514,219,41,39,-1,-1,-1
818,89,536,115,23,17,-1,-1,-1
819,82,380,78,49,36,-1,-1,-1
819,86,524,208,38,37,-1,-1,-1
819,89,541,112,23,17,-1,-1,-1
820,82,371,83,46,34,-1,-1,-1
820,86,534,197,36,35,-1,-1,-1
820,89,546,108,22,17,-1,-1,-1
821,82,362,86,44,34,-1,-1,-1
821,86,545,186,33,32,-1,-1,-1
821,89,550,105,22,18,-1,-1,-1
822,82,352,90,43,33,-1,-1,-1
822,86,555,175,30,30,-1,-1,-1
822,89,554,101,23,18,-1,-1,-1
823,82,342,93,45,33,-1,-1,-1
823,86,564,166,28,27,-1,-1,-1
823,89,558,98,23,18,-1,-1,-1
824,82,332,96,46,33,-1,-1,-1
824,83,515,209,44,44,-1,-1,-1
824,85,443,183,51,42,-1,-1,-1
824,86,571,158,26,26,-1,-1,-1
824,89,562,95,23,18,-1,-1,-1
825,82,327,98,46,32,-1,-1,-1
825,83,522,203,41,42,-1,-1,-1
825,85,453,177,50,40,-1,-1,-1
825,86,576,151,25,24,-1,-1,-1
825,89,566,92,24,19,-1,-1,-1
826,82,323,99,46,32,-1,-1,-1
826,83,530,197,39,40,-1,-1,-1
826,84,554,122,24,20,-1,-1,-1
826,85,463,171,47,38,-1,-1,-1
826,86,581,145,25,24,-1,-1,-1
826,89,569,89,24,19,-1,-1,-1
827,83,534,193,38,38,-1,-1,-1
827,84,557,119,24,20,-1,-1,-1
827,85,474,164,43,36,-1,-1,-1
827,86,586,140,24,23,-1,-1,-1
827,89,572,86,25,19,-1,-1,-1
828,83,537,190,38,37,-1,-1,-1
828,84,560,117,24,20,-1,-1,-1
828,85,485,157,39,35,-1,-1,-1
828,86,590,135,23,23,-1,-1,-1
828,89,575,84,25,19,-1,-1,-1
829,84,563,114,24,20,-1,-1,-1
829,85,494,151,37,33,-1,-1,-1
829,86,593,130,23,23,-1,-1,-1
829,89,576,82,25,19,-1,-1,-1
830,84,567,111,24,20,-1,-1,-1
830,85,503,145,35,31,-1,-1,-1
830,86,596,126,23,23,-1,-1,-1
830,89,579,81,25,18,-1,-1,-1
831,84,570,108,24,19,-1,-1,-1
831,85,511,140,34,28,-1,-1,-1
831,86,599,123,22,22,-1,-1,-1
831,89,580,80,26,17,-1,-1,-1
832,84,574,105,24,19,-1,-1,-1
832,85,518,135,32,27,-1,-1,-1
832,86,603,119,22,21,-1,-1,-1
832,89,583,80,25,16,-1,-1,-1
833,84,578,103,23,18,-1,-1,-1
833,85,525,131,31,26,-1,-1,-1
833,86,606,116,22,20,-1,-1,-1
833,89,584,81,25,16,-1,-1,-1
834,84,580,102,23,18,-1,-1,-1
834,85,531,127,30,24,-1,-1,-1
834,86,607,114,22,19,-1,-1,-1
834,89,586,81,25,15,-1,-1,-1
835,84,580,102,23,17,-1,-1,-1
835,85,538,123,29,23,-1,-1,-1
835,86,608,113,22,19,-1,-1,-1
835,89,588,82,24,15,-1,-1,-1
836,85,544,119,27,22,-1,-1,-1
836,89,590,83,24,14,-1,-1,-1
837,85,551,115,26,21,-1,-1,-1
837,89,592,84,23,14,-1,-1,-1
838,85,556,111,25,19,-1,-1,-1
838,89,594,85,23,14,-1,-1,-1
839,85,559,109,25,18,-1,-1,-1
839,87,441,94,29,20,-1,-1,-1
839,86,606,116,21,18,-1,-1,-1
839,89,596,85,22,14,-1,-1,-1
840,85,562,107,25,18,-1,-1,-1
840,87,440,94,30,20,-1,-1,-1
840,86,606,115,22,17,-1,-1,-1
840,89,597,85,22,15,-1,-1,-1
841,85,566,104,24,18,-1,-1,-1
841,87,440,94,30,20,-1,-1,-1
841,86,607,114,21,17,-1,-1,-1
841,89,598,84,22,15,-1,-1,-1
842,85,571,102,24,17,-1,-1,-1
842,86,608,113,22,17,-1,-1,-1
842,89,599,84,21,15,-1,-1,-1
843,85,574,99,24,17,-1,-1,-1
843,86,609,113,21,16,-1,-1,-1
844,85,577,97,23,17,-1,-1,-1
845,85,578,95,23,16,-1,-1,-1
846,85,579,95,22,16,-1,-1,-1
848,90,623,93,21,14,-1,-1,-1
849,90,623,93,20,14,-1,-1,-1
850,90,623,93,20,13,-1,-1,-1
873,91,543,130,31,27,-1,-1,-1
874,91,545,126,31,27,-1,-1,-1
875,91,546,125,31,27,-1,-1,-1
876,91,546,123,31,27,-1,-1,-1
950,92,342,101,55,29,-1,-1,-1
951,92,334,102,57,30,-1,-1,-1
952,92,328,103,57,31,-1,-1,-1
953,92,319,106,57,30,-1,-1,-1
954,92,310,110,56,29,-1,-1,-1
955,92,301,116,55,27,-1,-1,-1
956,92,291,121,54,27,-1,-1,-1
957,92,281,126,53,27,-1,-1,-1
958,92,275,128,53,27,-1,-1,-1
959,92,270,130,53,27,-1,-1,-1
999,93,175,351,65,47,-1,-1,-1
1000,93,175,348,66,49,-1,-1,-1
1001,93,174,349,66,49,-1,-1,-1
1002,93,173,351,65,47,-1,-1,-1
1003,93,173,354,65,45,-1,-1,-1
1004,93,173,355,65,45,-1,-1,-1
1005,93,173,354,65,45,-1,-1,-1
1006,93,173,353,65,46,-1,-1,-1
1007,93,173,353,65,46,-1,-1,-1
1008,93,174,353,65,46,-1,-1,-1
1061,94,601,83,28,16,-1,-1,-1
1062,94,602,82,27,16,-1,-1,-1
1063,94,602,82,27,16,-1,-1,-1
1151,95,509,141,47,43,-1,-1,-1
1152,95,514,139,44,41,-1,-1,-1
1153,95,519,137,41,39,-1,-1,-1
1154,95,526,133,38,38,-1,-1,-1
1155,95,531,130,36,36,-1,-1,-1
1156,95,537,126,35,35,-1,-1,-1
1157,95,541,122,35,34,-1,-1,-1
1158,95,546,118,34,33,-1,-1,-1
1159,95,550,114,33,32,-1,-1,-1
1160,95,554,111,33,30,-1,-1,-1
1161,95,558,109,32,29,-1,-1,-1
1162,95,563,105,32,30,-1,-1,-1
1163,95,566,102,32,30,-1,-1,-1
1164,95,570,98,31,31,-1,-1,-1
1165,95,573,95,31,30,-1,-1,-1
1166,95,577,93,31,29,-1,-1,-1
1167,95,579,91,30,29,-1,-1,-1
1168,95,582,89,29,29,-1,-1,-1
1169,95,583,89,29,29,-1,-1,-1
1170,95,584,88,28,29,-1,-1,-1
1181,96,569,153,29,29,-1,-1,-1
1182,96,573,149,28,29,-1,-1,-1
1183,96,576,146,29,29,-1,-1,-1
1184,96,581,141,29,28,-1,-1,-1
1185,96,584,137,29,28,-1,-1,-1
1186,96,587,133,28,27,-1,-1,-1
1187,96,591,128,28,26,-1,-1,-1
1188,96,593,125,28,26,-1,-1,-1
1189,96,596,120,28,26,-1,-1,-1
1190,96,599,116,28,25,-1,-1,-1
1191,96,601,114,28,25,-1,-1,-1
1192,96,602,113,27,24,-1,-1,-1
1215,97,564,113,27,17,-1,-1,-1
1216,97,564,112,28,17,-1,-1,-1
1217,97,565,111,28,18,-1,-1,-1
1266,101,354,93,24,23,-1,-1,-1
1267,101,354,93,24,23,-1,-1,-1
1268,101,355,93,23,22,-1,-1,-1
1269,101,355,93,23,21,-1,-1,-1
1270,101,355,93,23,21,-1,-1,-1
1271,101,355,93,23,21,-1,-1,-1
1272,101,356,94,23,21,-1,-1,-1
1273,101,356,94,23,21,-1,-1,-1
1274,101,356,94,23,21,-1,-1,-1
1275,98,521,124,30,24,-1,-1,-1
1275,99,456,186,62,52,-1,-1,-1
1275,101,356,94,23,21,-1,-1,-1
1276,98,522,123,30,24,-1,-1,-1
1276,99,464,178,61,50,-1,-1,-1
1276,101,356,94,23,21,-1,-1,-1
1277,98,523,122,29,24,-1,-1,-1
1277,99,472,172,59,48,-1,-1,-1
1277,101,356,94,23,21,-1,-1,-1
1278,99,481,165,56,47,-1,-1,-1
1278,101,356,94,23,21,-1,-1,-1
1279,99,490,159,54,44,-1,-1,-1
1279,101,356,94,23,21,-1,-1,-1
1280,99,499,153,51,42,-1,-1,-1
1280,101,356,94,23,21,-1,-1,-1
1281,99,508,147,47,39,-1,-1,-1
1281,101,356,94,23,21,-1,-1,-1
1282,99,517,141,44,37,-1,-1,-1
1282,101,356,94,23,21,-1,-1,-1
1283,99,526,135,40,35,-1,-1,-1
1283,101,356,94,23,21,-1,-1,-1
1284,99,532,130,38,34,-1,-1,-1
1284,101,356,94,23,21,-1,-1,-1
1285,99,540,125,36,34,-1,-1,-1
1285,101,356,94,23,21,-1,-1,-1
1286,99,546,121,35,32,-1,-1,-1
1286,101,356,94,23,21,-1,-1,-1
1287,99,552,116,33,30,-1,-1,-1
1287,101,356,94,23,21,-1,-1,-1
1288,99,557,113,32,28,-1,-1,-1
1288,101,356,94,23,21,-1,-1,-1
1289,99,561,109,31,27,-1,-1,-1
1289,101,356,94,23,22,-1,-1,-1
1290,99,565,106,30,25,-1,-1,-1
1290,101,357,94,23,22,-1,-1,-1
1291,99,569,103,28,24,-1,-1,-1
1291,101,357,94,23,22,-1,-1,-1
1292,99,572,100,27,23,-1,-1,-1
1292,101,357,94,23,22,-1,-1,-1
1293,99,575,97,27,23,-1,-1,-1
1293,101,357,94,23,22,-1,-1,-1
1294,99,578,95,27,23,-1,-1,-1
1294,101,357,94,23,22,-1,-1,-1
1295,99,579,93,27,24,-1,-1,-1
1295,101,357,94,23,22,-1,-1,-1
1296,99,580,92,27,24,-1,-1,-1
1296,101,357,94,23,22,-1,-1,-1
1297,101,357,94,23,22,-1,-1,-1
1298,101,357,94,23,22,-1,-1,-1
1299,101,357,94,23,22,-1,-1,-1
1300,101,357,94,23,22,-1,-1,-1
1301,101,357,94,23,22,-1,-1,-1
1302,101,357,94,23,22,-1,-1,-1
1303,101,357,94,23,22,-1,-1,-1
1304,101,357,94,23,22,-1,-1,-1
1305,101,357,94,23,22,-1,-1,-1
1306,101,357,94,23,22,-1,-1,-1
1307,101,357,94,23,22,-1,-1,-1
1308,100,615,67,23,19,-1,-1,-1
1308,101,357,94,23,22,-1,-1,-1
1309,100,615,67,23,19,-1,-1,-1
1309,101,357,94,23,22,-1,-1,-1
1310,100,615,67,23,19,-1,-1,-1
1310,101,357,94,23,22,-1,-1,-1
1311,101,357,94,23,22,-1,-1,-1
1327,102,485,63,29,26,-1,-1,-1
1328,102,484,63,29,26,-1,-1,-1
1329,102,484,63,29,26,-1,-1,-1
1330,102,484,63,29,26,-1,-1,-1
1331,102,484,63,29,26,-1,-1,-1
1332,102,484,63,29,26,-1,-1,-1
1333,102,484,63,29,26,-1,-1,-1
1334,102,484,63,29,26,-1,-1,-1
1335,102,484,63,29,26,-1,-1,-1
1336,102,484,63,29,26,-1,-1,-1
1337,102,484,63,29,26,-1,-1,-1
1338,102,484,63,29,26,-1,-1,-1
1339,102,484,63,29,26,-1,-1,-1
1340,102,484,63,29,26,-1,-1,-1
1341,102,484,63,29,26,-1,-1,-1
1342,102,484,63,29,26,-1,-1,-1
1343,102,484,63,29,26,-1,-1,-1
1346,103,379,90,37,25,-1,-1,-1
1347,103,371,92,38,25,-1,-1,-1
1348,103,369,93,38,25,-1,-1,-1
1349,103,366,94,38,24,-1,-1,-1
1353,104,288,311,26,24,-1,-1,-1
1354,104,289,311,25,24,-1,-1,-1
1355,104,289,310,25,24,-1,-1,-1
1356,104,290,309,24,24,-1,-1,-1
1356,105,581,136,25,28,-1,-1,-1
1357,104,289,308,25,24,-1,-1,-1
1357,105,585,131,24,28,-1,-1,-1
1357,107,558,113,26,29,-1,-1,-1
1358,105,585,130,24,28,-1,-1,-1
1358,107,561,110,27,29,-1,-1,-1
1359,105,587,128,24,27,-1,-1,-1
1359,107,564,108,26,29,-1,-1,-1
1360,107,566,105,26,28,-1,-1,-1
1361,107,569,102,25,28,-1,-1,-1
1362,107,573,100,25,27,-1,-1,-1
1363,106,397,93,34,26,-1,-1,-1
1363,107,576,97,24,27,-1,-1,-1
1363,108,610,105,22,23,-1,-1,-1
1363,109,495,138,30,24,-1,-1,-1
1363,112,585,144,26,24,-1,-1,-1
1364,106,392,95,34,26,-1,-1,-1
1364,107,580,95,23,26,-1,-1,-1
1364,108,612,104,21,22,-1,-1,-1
1364,109,501,134,28,23,-1,-1,-1
1364,112,588,140,25,23,-1,-1,-1
1365,106,386,97,34,26,-1,-1,-1
1365,107,582,93,22,24,-1,-1,-1
1365,108,613,103,20,21,-1,-1,-1
1365,109,505,131,27,22,-1,-1,-1
1365,112,590,137,24,23,-1,-1,-1
1366,106,378,99,34,26,-1,-1,-1
1366,107,585,91,22,23,-1,-1,-1
1366,108,614,101,21,21,-1,-1,-1
1366,109,511,127,26,22,-1,-1,-1
1366,112,593,133,24,23,-1,-1,-1
1367,106,370,100,34,27,-1,-1,-1
1367,107,588,88,21,23,-1,-1,-1
1367,108,617,97,22,21,-1,-1,-1
1367,109,516,123,27,22,-1,-1,-1
1367,112,595,130,24,23,-1,-1,-1
1368,106,361,102,34,29,-1,-1,-1
1368,107,590,86,21,22,-1,-1,-1
1368,108,619,95,23,21,-1,-1,-1
1368,109,521,119,27,22,-1,-1,-1
1368,112,596,129,25,23,-1,-1,-1
1369,106,352,104,34,31,-1,-1,-1
1369,107,592,85,22,22,-1,-1,-1
1369,108,621,92,23,20,-1,-1,-1
1369,109,527,116,27,22,-1,-1,-1
1370,106,347,105,35,31,-1,-1,-1
1370,107,593,84,22,22,-1,-1,-1
1370,108,623,91,23,20,-1,-1,-1
1370,109,532,112,26,22,-1,-1,-1
1371,106,343,105,35,32,-1,-1,-1
1371,107,593,83,22,22,-1,-1,-1
1371,108,623,90,23,20,-1,-1,-1
1371,109,538,109,24,22,-1,-1,-1
1372,108,623,89,24,21,-1,-1,-1
1372,109,543,106,23,21,-1,-1,-1
1373,108,622,89,24,22,-1,-1,-1
1373,109,548,104,22,20,-1,-1,-1
1374,108,623,89,24,23,-1,-1,-1
1374,109,552,101,21,19,-1,-1,-1
1375,108,624,89,24,23,-1,-1,-1
1375,109,556,99,21,18,-1,-1,-1
1376,108,625,90,23,23,-1,-1,-1
1376,109,560,96,21,18,-1,-1,-1
1377,109,563,95,21,17,-1,-1,-1
1378,109,566,93,21,16,-1,-1,-1
1379,109,569,92,21,16,-1,-1,-1
1379,112,587,136,24,25,-1,-1,-1
1380,109,571,90,21,16,-1,-1,-1
1380,112,589,131,25,25,-1,-1,-1
1381,109,574,87,21,16,-1,-1,-1
1381,112,591,128,26,25,-1,-1,-1
1382,109,577,85,21,16,-1,-1,-1
1382,112,593,125,26,25,-1,-1,-1
1382,111,544,131,24,24,-1,-1,-1
1383,109,580,82,21,16,-1,-1,-1
1383,112,596,121,26,24,-1,-1,-1
1383,111,546,129,23,24,-1,-1,-1
1384,109,582,80,21,16,-1,-1,-1
1384,112,600,118,26,23,-1,-1,-1
1384,111,547,128,23,24,-1,-1,-1
1385,109,584,79,20,16,-1,-1,-1
1385,112,603,115,25,22,-1,-1,-1
1386,109,584,79,20,16,-1,-1,-1
1386,112,606,112,24,22,-1,-1,-1
1387,112,608,110,24,22,-1,-1,-1
1387,113,569,111,20,20,-1,-1,-1
1387,114,623,67,21,18,-1,-1,-1
1388,112,609,108,24,22,-1,-1,-1
1388,113,569,110,20,20,-1,-1,-1
1388,114,623,67,21,18,-1,-1,-1
1389,112,610,107,24,22,-1,-1,-1
1389,113,570,110,20,20,-1,-1,-1
1389,114,623,67,21,19,-1,-1,-1
1390,112,612,105,24,21,-1,-1,-1
1390,114,624,66,22,19,-1,-1,-1
1390,115,581,141,23,22,-1,-1,-1
1391,112,613,103,23,21,-1,-1,-1
1391,114,625,65,22,19,-1,-1,-1
1391,115,584,139,22,21,-1,-1,-1
1392,112,616,101,22,20,-1,-1,-1
1392,114,626,65,22,19,-1,-1,-1
1392,115,587,135,21,21,-1,-1,-1
1393,112,617,99,22,20,-1,-1,-1
1393,114,626,65,21,19,-1,-1,-1
1393,115,591,131,21,20,-1,-1,-1
1394,112,620,97,22,19,-1,-1,-1
1394,115,594,127,20,19,-1,-1,-1
1395,112,622,95,21,18,-1,-1,-1
1395,115,598,124,19,18,-1,-1,-1
1396,112,623,93,20,17,-1,-1,-1
1396,115,602,120,19,19,-1,-1,-1
1397,112,624,93,20,17,-1,-1,-1
1397,115,605,117,19,18,-1,-1,-1
1398,112,625,92,20,16,-1,-1,-1
1398,115,606,115,19,19,-1,-1,-1
1399,115,607,114,19,19,-1,-1,-1
1411,116,548,108,23,20,-1,-1,-1
1412,116,552,105,23,19,-1,-1,-1
1413,116,554,103,22,18,-1,-1,-1
1414,116,557,101,22,18,-1,-1,-1
1414,117,587,137,24,26,-1,-1,-1
1415,116,560,99,22,17,-1,-1,-1
1415,117,590,134,22,25,-1,-1,-1
1416,116,562,97,23,17,-1,-1,-1
1416,117,592,131,22,24,-1,-1,-1
1417,116,563,96,23,17,-1,-1,-1
1417,117,594,128,21,23,-1,-1,-1
1418,116,564,95,23,17,-1,-1,-1
1418,117,597,124,21,23,-1,-1,-1
1418,119,510,126,33,26,-1,-1,-1
1419,117,601,121,21,22,-1,-1,-1
1419,119,513,123,33,26,-1,-1,-1
1420,117,604,117,20,21,-1,-1,-1
1420,119,516,121,33,26,-1,-1,-1
1421,117,607,113,19,20,-1,-1,-1
1421,119,521,118,32,25,-1,-1,-1
1422,117,608,111,19,20,-1,-1,-1
1422,119,527,115,31,25,-1,-1,-1
1423,117,609,110,18,19,-1,-1,-1
1423,119,532,111,30,25,-1,-1,-1
1424,118,545,104,25,19,-1,-1,-1
1424,119,538,107,29,25,-1,-1,-1
1425,118,547,102,26,18,-1,-1,-1
1425,119,544,104,28,24,-1,-1,-1
1426,118,547,101,26,18,-1,-1,-1
1426,119,550,100,27,24,-1,-1,-1
1427,118,548,100,26,18,-1,-1,-1
1427,119,556,97,25,23,-1,-1,-1
1428,119,560,96,24,22,-1,-1,-1
1429,119,564,94,23,20,-1,-1,-1
1430,119,568,92,22,19,-1,-1,-1
1431,119,571,90,22,19,-1,-1,-1
1432,119,574,87,21,18,-1,-1,-1
1433,119,577,84,21,18,-1,-1,-1
1433,120,578,147,28,29,-1,-1,-1
1434,119,579,83,22,17,-1,-1,-1
1434,120,581,142,27,28,-1,-1,-1
1435,119,580,82,22,17,-1,-1,-1
1435,120,584,138,26,27,-1,-1,-1
1436,119,581,82,22,17,-1,-1,-1
1436,120,587,134,26,26,-1,-1,-1
1437,120,590,129,26,24,-1,-1,-1
1438,120,593,125,25,23,-1,-1,-1
1439,120,594,122,24,23,-1,-1,-1
1440,120,595,120,24,22,-1,-1,-1
1446,121,568,111,26,22,-1,-1,-1
1447,121,571,109,25,20,-1,-1,-1
1447,122,525,113,31,26,-1,-1,-1
1448,121,574,108,25,19,-1,-1,-1
1448,122,528,110,31,26,-1,-1,-1
1449,121,575,107,25,18,-1,-1,-1
1449,122,531,108,30,25,-1,-1,-1
1450,121,576,107,25,17,-1,-1,-1
1450,122,536,105,28,24,-1,-1,-1
1451,122,541,103,27,23,-1,-1,-1
1452,122,545,100,27,23,-1,-1,-1
1452,123,325,100,42,30,-1,-1,-1
1453,122,550,98,26,21,-1,-1,-1
1453,123,315,102,44,29,-1,-1,-1
1454,122,554,96,25,20,-1,-1,-1
1454,123,307,104,45,29,-1,-1,-1
1455,122,558,95,24,19,-1,-1,-1
1455,123,296,108,45,30,-1,-1,-1
1456,122,562,92,24,18,-1,-1,-1
1456,123,284,112,46,30,-1,-1,-1
1457,122,566,90,24,18,-1,-1,-1
1457,123,271,116,46,30,-1,-1,-1
1458,122,569,88,24,18,-1,-1,-1
1458,123,264,118,47,30,-1,-1,-1
1458,124,553,125,28,20,-1,-1,-1
1459,122,572,86,24,18,-1,-1,-1
1459,123,259,120,48,30,-1,-1,-1
1459,124,556,123,27,20,-1,-1,-1
1459,125,606,118,25,21,-1,-1,-1
1460,122,573,85,25,18,-1,-1,-1
1460,124,558,121,27,20,-1,-1,-1
1460,125,608,115,25,20,-1,-1,-1
1461,122,574,85,25,18,-1,-1,-1
1461,124,560,119,27,20,-1,-1,-1
1461,125,610,111,26,21,-1,-1,-1
1462,124,561,118,28,20,-1,-1,-1
1462,125,614,107,26,21,-1,-1,-1
1463,125,616,105,26,21,-1,-1,-1
1464,125,617,104,26,21,-1,-1,-1
1494,126,604,106,29,25,-1,-1,-1
1495,126,606,103,29,25,-1,-1,-1
1496,126,608,101,28,25,-1,-1,-1
1497,126,610,98,28,25,-1,-1,-1
1498,126,613,95,28,24,-1,-1,-1
1499,126,615,92,28,24,-1,-1,-1
1500,126,617,90,29,24,-1,-1,-1
1501,126,619,88,29,23,-1,-1,-1
1502,126,620,87,28,22,-1,-1,-1
1503,126,621,87,28,22,-1,-1,-1
1506,127,628,78,29,22,-1,-1,-1
1507,127,629,78,29,21,-1,-1,-1
1508,127,628,77,29,21,-1,-1,-1
1509,127,628,77,29,21,-1,-1,-1
1510,127,628,77,30,22,-1,-1,-1
1510,128,563,151,29,25,-1,-1,-1
1511,128,568,147,28,24,-1,-1,-1
1512,128,569,147,27,24,-1,-1,-1
1513,128,570,145,27,24,-1,-1,-1
1529,130,562,107,31,26,-1,-1,-1
1530,130,566,105,30,26,-1,-1,-1
1531,130,568,104,29,26,-1,-1,-1
1532,130,573,102,28,25,-1,-1,-1
1533,130,576,101,28,24,-1,-1,-1
1534,130,580,98,28,24,-1,-1,-1
1535,130,583,96,28,24,-1,-1,-1
1536,130,585,94,28,23,-1,-1,-1
1536,132,357,93,24,23,-1,-1,-1
1537,129,595,89,29,22,-1,-1,-1
1537,130,588,92,28,23,-1,-1,-1
1537,132,357,93,25,23,-1,-1,-1
1538,129,597,87,28,22,-1,-1,-1
1538,130,591,90,28,23,-1,-1,-1
1538,132,357,93,25,23,-1,-1,-1
1539,129,598,86,28,22,-1,-1,-1
1539,130,594,88,28,23,-1,-1,-1
1539,131,593,123,23,19,-1,-1,-1
1539,132,357,93,25,23,-1,-1,-1
1540,129,599,85,28,22,-1,-1,-1
1540,130,596,86,28,23,-1,-1,-1
1540,131,595,121,22,19,-1,-1,-1
1540,132,357,93,25,23,-1,-1,-1
1541,129,600,84,27,21,-1,-1,-1
1541,130,598,84,29,23,-1,-1,-1
1541,131,596,119,21,19,-1,-1,-1
1541,132,357,93,25,23,-1,-1,-1
1542,130,600,82,29,23,-1,-1,-1
1542,131,598,116,21,19,-1,-1,-1
1542,132,357,93,25,23,-1,-1,-1
1543,130,603,80,29,23,-1,-1,-1
1543,131,600,112,21,19,-1,-1,-1
1543,132,357,93,25,23,-1,-1,-1
1544,130,605,78,29,22,-1,-1,-1
1544,131,603,109,21,19,-1,-1,-1
1544,132,357,93,25,22,-1,-1,-1
1545,130,607,77,29,22,-1,-1,-1
1545,131,605,105,21,19,-1,-1,-1
1545,132,357,93,24,22,-1,-1,-1
1546,130,608,77,29,22,-1,-1,-1
1546,131,607,101,21,19,-1,-1,-1
1546,132,357,93,24,22,-1,-1,-1
1547,131,610,98,21,19,-1,-1,-1
1547,132,357,93,24,22,-1,-1,-1
1548,131,612,94,21,19,-1,-1,-1
1548,132,357,93,24,22,-1,-1,-1
1549,131,614,90,21,19,-1,-1,-1
1549,132,357,93,24,21,-1,-1,-1
1550,131,617,86,21,19,-1,-1,-1
1550,132,357,93,24,21,-1,-1,-1
1551,131,619,83,20,19,-1,-1,-1
1551,132,357,93,23,21,-1,-1,-1
1552,131,621,81,20,19,-1,-1,-1
1552,132,357,93,23,21,-1,-1,-1
1553,131,624,79,20,19,-1,-1,-1
1553,132,357,93,23,21,-1,-1,-1
1554,131,626,78,19,19,-1,-1,-1
1554,132,357,93,23,20,-1,-1,-1
1555,131,628,77,19,19,-1,-1,-1
1555,132,357,93,23,20,-1,-1,-1
1556,131,628,77,19,18,-1,-1,-1
1556,132,357,93,23,20,-1,-1,-1
1557,132,357,93,23,20,-1,-1,-1
1558,132,357,93,22,20,-1,-1,-1
1559,132,357,93,22,19,-1,-1,-1
1560,132,357,93,22,19,-1,-1,-1
1561,132,357,93,22,19,-1,-1,-1
1562,132,357,93,22,19,-1,-1,-1
1563,132,357,93,22,19,-1,-1,-1
1564,132,357,93,24,19,-1,-1,-1
1564,133,565,150,32,30,-1,-1,-1
1565,132,357,93,25,19,-1,-1,-1
1565,133,568,146,31,30,-1,-1,-1
1566,132,357,93,27,19,-1,-1,-1
1566,133,571,142,31,30,-1,-1,-1
1567,132,357,92,28,20,-1,-1,-1
1567,133,576,137,30,29,-1,-1,-1
1568,132,357,92,28,20,-1,-1,-1
1568,133,581,132,29,28,-1,-1,-1
1569,132,357,92,28,20,-1,-1,-1
1569,133,585,127,29,28,-1,-1,-1
1570,132,357,92,28,20,-1,-1,-1
1570,133,589,120,29,29,-1,-1,-1
1571,133,592,114,30,30,-1,-1,-1
1572,133,595,108,30,31,-1,-1,-1
1573,133,599,105,29,30,-1,-1,-1
1574,133,603,103,28,28,-1,-1,-1
1575,133,606,101,26,27,-1,-1,-1
1576,133,608,100,26,25,-1,-1,-1
1577,133,610,98,26,23,-1,-1,-1
1578,133,613,96,26,23,-1,-1,-1
1579,133,615,94,27,22,-1,-1,-1
1580,133,617,92,27,22,-1,-1,-1
1581,133,620,90,27,21,-1,-1,-1
1582,133,621,89,27,21,-1,-1,-1
1583,133,621,88,27,20,-1,-1,-1
1587,134,361,96,37,25,-1,-1,-1
1588,134,355,99,36,25,-1,-1,-1
1589,134,348,100,36,26,-1,-1,-1
1589,135,499,134,29,23,-1,-1,-1
1590,134,344,101,36,26,-1,-1,-1
1590,135,503,131,29,23,-1,-1,-1
1590,136,557,121,27,23,-1,-1,-1
1591,134,341,101,36,27,-1,-1,-1
1591,135,507,128,28,23,-1,-1,-1
1591,136,560,118,27,23,-1,-1,-1
1592,135,510,126,28,22,-1,-1,-1
1592,136,563,116,26,23,-1,-1,-1
1593,135,512,125,28,22,-1,-1,-1
1593,136,566,113,26,22,-1,-1,-1
1594,136,570,109,26,21,-1,-1,-1
1595,136,572,106,25,21,-1,-1,-1
1596,136,573,105,25,21,-1,-1,-1
1600,137,594,91,18,16,-1,-1,-1
1601,137,595,91,18,16,-1,-1,-1
1602,137,595,91,18,16,-1,-1,-1
1605,138,553,100,21,15,-1,-1,-1
1606,138,555,99,21,15,-1,-1,-1
1607,138,556,99,21,15,-1,-1,-1
1611,139,581,140,26,24,-1,-1,-1
1612,139,583,137,27,24,-1,-1,-1
1613,139,585,135,27,24,-1,-1,-1
1614,139,588,130,27,25,-1,-1,-1
1615,139,590,126,29,25,-1,-1,-1
1616,139,592,122,29,24,-1,-1,-1
1617,139,593,120,30,24,-1,-1,-1
1618,139,594,120,30,24,-1,-1,-1
1643,140,558,92,35,46,-1,-1,-1
1644,140,561,91,33,44,-1,-1,-1
1645,140,563,89,32,43,-1,-1,-1
1646,140,566,87,31,42,-1,-1,-1
1647,140,569,85,30,41,-1,-1,-1
1648,140,572,84,31,40,-1,-1,-1
1649,140,575,83,30,40,-1,-1,-1
1649,141,504,157,35,29,-1,-1,-1
1650,140,578,82,30,39,-1,-1,-1
1650,141,509,153,34,27,-1,-1,-1
1651,140,581,80,29,38,-1,-1,-1
1651,141,514,151,33,26,-1,-1,-1
1652,140,584,80,29,36,-1,-1,-1
1652,141,521,146,31,25,-1,-1,-1
1653,140,588,79,29,33,-1,-1,-1
1653,141,528,141,29,24,-1,-1,-1
1654,140,591,78,27,31,-1,-1,-1
1654,141,536,136,27,23,-1,-1,-1
1655,140,594,77,26,30,-1,-1,-1
1655,141,542,132,25,22,-1,-1,-1
1656,140,596,77,25,29,-1,-1,-1
1656,141,549,127,25,21,-1,-1,-1
1657,140,599,77,24,27,-1,-1,-1
1657,141,554,124,25,21,-1,-1,-1
1658,140,601,76,24,26,-1,-1,-1
1658,141,558,121,25,22,-1,-1,-1
1658,143,533,139,29,24,-1,-1,-1
1659,140,604,74,24,25,-1,-1,-1
1659,141,562,118,25,22,-1,-1,-1
1659,143,536,135,29,24,-1,-1,-1
1660,140,606,72,25,25,-1,-1,-1
1660,141,567,114,24,22,-1,-1,-1
1660,143,540,132,28,24,-1,-1,-1
1661,140,607,71,25,25,-1,-1,-1
1661,141,571,111,24,22,-1,-1,-1
1661,143,544,128,27,23,-1,-1,-1
1662,140,608,70,26,25,-1,-1,-1
1662,141,573,108,24,22,-1,-1,-1
1662,143,550,124,27,22,-1,-1,-1
1663,141,575,107,24,21,-1,-1,-1
1663,143,556,119,26,22,-1,-1,-1
1664,141,577,106,24,21,-1,-1,-1
1664,143,561,115,26,22,-1,-1,-1
1665,141,579,106,24,21,-1,-1,-1
1665,143,565,112,26,22,-1,-1,-1
1666,141,581,107,24,21,-1,-1,-1
1666,143,568,109,26,21,-1,-1,-1
1667,141,582,107,24,21,-1,-1,-1
1667,142,583,98,27,20,-1,-1,-1
1667,143,572,106,26,21,-1,-1,-1
1668,141,584,108,24,21,-1,-1,-1
1668,142,583,97,28,21,-1,-1,-1
1668,143,575,103,27,20,-1,-1,-1
1669,141,585,108,24,21,-1,-1,-1
1669,142,583,97,28,21,-1,-1,-1
1669,143,578,101,27,20,-1,-1,-1
1670,141,587,109,24,22,-1,-1,-1
1670,142,583,97,28,21,-1,-1,-1
1670,143,581,98,27,19,-1,-1,-1
1671,141,589,110,24,22,-1,-1,-1
1671,143,583,95,27,19,-1,-1,-1
1672,141,590,111,24,22,-1,-1,-1
1672,143,586,93,27,19,-1,-1,-1
1673,141,592,111,24,22,-1,-1,-1
1673,143,589,90,26,19,-1,-1,-1
1673,147,578,151,26,25,-1,-1,-1
1674,141,593,112,24,22,-1,-1,-1
1674,143,590,90,26,19,-1,-1,-1
1674,147,580,149,25,24,-1,-1,-1
1675,141,595,113,24,22,-1,-1,-1
1675,143,591,88,26,19,-1,-1,-1
1675,147,582,147,24,24,-1,-1,-1
1676,141,597,114,24,23,-1,-1,-1
1676,147,583,145,24,24,-1,-1,-1
1677,141,598,114,24,23,-1,-1,-1
1677,144,554,124,23,23,-1,-1,-1
1677,147,585,144,24,24,-1,-1,-1
1678,141,600,115,24,23,-1,-1,-1
1678,144,557,121,23,22,-1,-1,-1
1678,146,363,89,40,31,-1,-1,-1
1678,147,586,142,24,24,-1,-1,-1
1679,141,601,116,24,23,-1,-1,-1
1679,144,560,119,22,22,-1,-1,-1
1679,146,357,91,40,30,-1,-1,-1
1679,147,588,140,24,24,-1,-1,-1
1680,141,603,117,24,23,-1,-1,-1
1680,144,563,115,22,21,-1,-1,-1
1680,146,352,92,41,30,-1,-1,-1
1680,147,589,138,24,24,-1,-1,-1
1681,141,604,117,24,23,-1,-1,-1
1681,144,565,112,22,21,-1,-1,-1
1681,146,347,94,39,29,-1,-1,-1
1681,147,590,136,24,24,-1,-1,-1
1682,141,605,117,24,22,-1,-1,-1
1682,144,567,111,22,20,-1,-1,-1
1682,145,193,144,50,30,-1,-1,-1
1682,146,344,95,39,28,-1,-1,-1
1682,147,592,134,24,24,-1,-1,-1
1682,149,546,183,33,30,-1,-1,-1
1683,141,605,117,24,22,-1,-1,-1
1683,144,567,110,22,20,-1,-1,-1
1683,145,193,144,50,30,-1,-1,-1
1683,146,342,96,39,28,-1,-1,-1
1683,147,593,132,24,24,-1,-1,-1
1683,149,546,183,33,30,-1,-1,-1
1684,141,605,117,24,22,-1,-1,-1
1684,144,568,109,22,20,-1,-1,-1
1684,145,193,144,50,30,-1,-1,-1
1684,146,342,96,39,28,-1,-1,-1
1684,147,594,130,24,24,-1,-1,-1
1684,149,546,183,33,30,-1,-1,-1
1685,141,605,117,24,22,-1,-1,-1
1685,144,568,109,22,20,-1,-1,-1
1685,145,193,144,50,30,-1,-1,-1
1685,146,341,96,39,28,-1,-1,-1
1685,147,595,128,24,24,-1,-1,-1
1685,149,546,183,33,30,-1,-1,-1
1686,141,605,117,24,22,-1,-1,-1
1686,144,568,109,22,20,-1,-1,-1
1686,145,193,144,50,30,-1,-1,-1
1686,146,341,96,39,28,-1,-1,-1
1686,147,597,126,24,24,-1,-1,-1
1686,149,546,183,33,30,-1,-1,-1
1687,141,605,117,24,22,-1,-1,-1
1687,144,568,109,22,20,-1,-1,-1
1687,145,193,144,50,30,-1,-1,-1
1687,146,341,96,39,28,-1,-1,-1
1687,147,598,124,24,24,-1,-1,-1
1687,149,546,183,33,30,-1,-1,-1
1688,141,605,117,24,22,-1,-1,-1
1688,144,568,109,22,20,-1,-1,-1
1688,145,193,144,50,30,-1,-1,-1
1688,146,341,96,39,28,-1,-1,-1
1688,147,599,122,24,24,-1,-1,-1
1688,149,546,183,33,30,-1,-1,-1
1689,141,605,117,24,22,-1,-1,-1
1689,144,568,109,22,20,-1,-1,-1
1689,145,193,144,50,30,-1,-1,-1
1689,146,341,96,39,28,-1,-1,-1
1689,147,601,120,24,24,-1,-1,-1
1689,149,546,183,33,30,-1,-1,-1
1690,141,605,117,24,22,-1,-1,-1
1690,144,568,109,22,20,-1,-1,-1
1690,145,193,144,50,30,-1,-1,-1
1690,146,341,96,39,28,-1,-1,-1
1690,147,602,118,24,24,-1,-1,-1
1690,149,546,183,33,30,-1,-1,-1
1691,141,605,117,24,22,-1,-1,-1
1691,144,568,109,22,20,-1,-1,-1
1691,145,193,144,50,30,-1,-1,-1
1691,146,341,96,39,28,-1,-1,-1
1691,147,603,116,24,24,-1,-1,-1
1691,149,546,183,33,30,-1,-1,-1
1692,141,605,117,24,22,-1,-1,-1
1692,144,568,109,22,20,-1,-1,-1
1692,145,193,144,50,30,-1,-1,-1
1692,146,341,96,39,28,-1,-1,-1
1692,147,605,114,24,24,-1,-1,-1
1692,149,547,181,32,30,-1,-1,-1
1693,141,605,117,24,22,-1,-1,-1
1693,144,568,109,22,20,-1,-1,-1
1693,145,193,144,50,30,-1,-1,-1
1693,146,341,96,39,28,-1,-1,-1
1693,147,606,112,24,24,-1,-1,-1
1693,149,551,177,32,30,-1,-1,-1
1694,147,607,110,24,24,-1,-1,-1
1694,149,556,172,31,31,-1,-1,-1
1695,147,609,108,23,23,-1,-1,-1
1695,149,563,166,30,31,-1,-1,-1
1696,147,611,106,23,22,-1,-1,-1
1696,149,569,160,29,30,-1,-1,-1
1697,147,614,103,23,22,-1,-1,-1
1697,148,269,122,45,26,-1,-1,-1
1697,149,574,154,27,28,-1,-1,-1
1697,150,509,148,31,30,-1,-1,-1
1698,147,616,100,22,21,-1,-1,-1
1698,148,265,123,46,26,-1,-1,-1
1698,149,580,149,26,27,-1,-1,-1
1698,150,515,144,29,28,-1,-1,-1
1699,147,618,97,21,20,-1,-1,-1
1699,148,263,123,46,26,-1,-1,-1
1699,149,585,144,25,26,-1,-1,-1
1699,150,518,141,28,27,-1,-1,-1
1700,147,621,95,20,19,-1,-1,-1
1700,149,589,139,24,24,-1,-1,-1
1700,150,523,136,28,26,-1,-1,-1
1701,147,623,93,19,19,-1,-1,-1
1701,149,593,134,23,24,-1,-1,-1
1701,150,528,132,28,26,-1,-1,-1
1702,147,624,92,19,18,-1,-1,-1
1702,149,597,130,23,23,-1,-1,-1
1702,150,533,128,27,25,-1,-1,-1
1703,147,625,92,19,18,-1,-1,-1
1703,149,600,126,22,22,-1,-1,-1
1703,150,538,124,27,24,-1,-1,-1
1704,149,602,124,22,22,-1,-1,-1
1704,150,543,120,27,24,-1,-1,-1
1705,149,603,123,22,21,-1,-1,-1
1705,150,547,116,28,24,-1,-1,-1
1706,150,551,112,28,25,-1,-1,-1
1707,150,555,109,28,25,-1,-1,-1
1707,151,368,94,60,34,-1,-1,-1
1708,150,559,105,28,25,-1,-1,-1
1708,151,366,94,60,34,-1,-1,-1
1709,150,562,100,29,25,-1,-1,-1
1709,151,365,94,60,35,-1,-1,-1
1710,150,566,96,30,25,-1,-1,-1
1711,150,569,93,31,26,-1,-1,-1
1712,150,570,92,30,25,-1,-1,-1
1713,150,571,92,30,26,-1,-1,-1
1714,154,579,144,27,28,-1,-1,-1
1715,154,581,141,27,28,-1,-1,-1
1716,154,583,138,27,28,-1,-1,-1
1717,152,253,128,48,37,-1,-1,-1
1717,153,397,76,52,31,-1,-1,-1
1717,154,586,134,27,27,-1,-1,-1
1718,152,242,128,50,37,-1,-1,-1
1718,153,394,76,53,32,-1,-1,-1
1718,154,588,130,27,27,-1,-1,-1
1719,152,240,129,50,37,-1,-1,-1
1719,153,393,76,54,33,-1,-1,-1
1719,154,591,126,28,26,-1,-1,-1
1720,152,235,130,51,36,-1,-1,-1
1720,154,593,122,29,25,-1,-1,-1
1721,154,594,120,29,25,-1,-1,-1
1722,154,595,118,29,25,-1,-1,-1
1724,155,596,71,26,21,-1,-1,-1
1725,155,596,70,25,22,-1,-1,-1
1726,155,596,70,25,22,-1,-1,-1
1755,156,736,249,49,25,-1,-1,-1
1756,156,729,248,53,25,-1,-1,-1
1757,156,727,248,52,25,-1,-1,-1
1782,157,360,94,40,23,-1,-1,-1
1783,157,354,95,39,24,-1,-1,-1
1784,157,353,96,39,24,-1,-1,-1
1785,157,350,96,39,24,-1,-1,-1
1807,159,603,80,33,21,-1,-1,-1
1808,159,604,79,33,22,-1,-1,-1
1809,159,606,78,33,22,-1,-1,-1
1810,159,608,77,33,22,-1,-1,-1
1811,159,610,76,32,22,-1,-1,-1
1812,159,612,74,31,22,-1,-1,-1
1813,158,346,91,43,35,-1,-1,-1
1813,159,614,72,30,22,-1,-1,-1
1813,160,537,133,29,26,-1,-1,-1
1814,158,343,92,42,36,-1,-1,-1
1814,159,616,70,29,21,-1,-1,-1
1814,160,542,129,28,26,-1,-1,-1
1815,158,342,92,41,36,-1,-1,-1
1815,159,617,69,29,20,-1,-1,-1
1815,160,545,126,27,25,-1,-1,-1
1816,159,618,68,28,19,-1,-1,-1
1816,160,550,123,26,24,-1,-1,-1
1817,159,619,67,27,19,-1,-1,-1
1817,160,555,120,26,24,-1,-1,-1
1818,159,619,67,27,19,-1,-1,-1
1818,160,559,116,25,23,-1,-1,-1
1819,160,564,112,25,23,-1,-1,-1
1819,161,9,157,35,23,-1,-1,-1
1820,160,568,109,24,22,-1,-1,-1
1820,161,6,156,35,23,-1,-1,-1
1821,160,572,106,23,21,-1,-1,-1
1821,161,5,155,34,24,-1,-1,-1
1822,160,576,104,23,20,-1,-1,-1
1823,160,579,101,23,19,-1,-1,-1
1824,160,582,99,23,19,-1,-1,-1
1825,160,585,96,24,19,-1,-1,-1
1826,160,588,94,24,19,-1,-1,-1
1827,160,590,92,23,20,-1,-1,-1
1828,160,592,91,23,20,-1,-1,-1
1829,160,594,89,22,21,-1,-1,-1
1830,160,596,87,21,20,-1,-1,-1
1831,160,597,86,20,19,-1,-1,-1
1832,160,599,84,20,17,-1,-1,-1
1833,160,600,84,19,17,-1,-1,-1
1834,160,601,83,19,17,-1,-1,-1
1843,162,625,86,27,21,-1,-1,-1
1844,162,626,85,27,20,-1,-1,-1
1845,162,627,84,27,20,-1,-1,-1
1846,162,628,82,27,19,-1,-1,-1
1847,162,629,81,26,19,-1,-1,-1
1848,162,630,80,25,18,-1,-1,-1
1849,162,630,79,24,17,-1,-1,-1
1850,162,631,78,23,16,-1,-1,-1
1851,162,632,77,22,16,-1,-1,-1
1852,162,634,76,22,17,-1,-1,-1
1853,162,635,76,22,17,-1,-1,-1
1854,162,635,75,22,17,-1,-1,-1
1855,162,636,75,22,17,-1,-1,-1
1895,163,106,101,50,47,-1,-1,-1
1896,163,106,101,50,47,-1,-1,-1
1897,163,106,101,50,47,-1,-1,-1
1906,164,624,78,29,21,-1,-1,-1
1907,164,624,77,29,21,-1,-1,-1
1908,164,624,77,29,21,-1,-1,-1
1913,165,356,94,21,17,-1,-1,-1
1914,165,356,94,20,17,-1,-1,-1
1915,165,356,94,21,18,-1,-1,-1
1916,165,356,95,22,18,-1,-1,-1
1917,165,356,95,22,19,-1,-1,-1
1918,165,356,95,23,20,-1,-1,-1
1919,165,356,95,24,21,-1,-1,-1
1920,165,356,95,24,21,-1,-1,-1
1921,165,357,95,24,21,-1,-1,-1
1922,165,357,95,24,21,-1,-1,-1
1923,165,357,95,24,21,-1,-1,-1
1924,165,357,95,24,21,-1,-1,-1
1925,165,357,96,24,22,-1,-1,-1
1926,165,357,96,24,22,-1,-1,-1
1927,165,357,96,24,22,-1,-1,-1
1941,166,366,84,84,45,-1,-1,-1
1942,166,364,85,80,44,-1,-1,-1
1943,166,363,85,79,43,-1,-1,-1
1944,166,362,85,76,42,-1,-1,-1
1946,168,555,149,36,37,-1,-1,-1
1947,168,556,147,36,37,-1,-1,-1
1948,168,558,146,35,37,-1,-1,-1
1949,168,562,143,35,36,-1,-1,-1
1950,167,555,143,47,38,-1,-1,-1
1950,168,566,139,33,35,-1,-1,-1
1951,167,554,143,44,39,-1,-1,-1
1951,168,571,135,32,33,-1,-1,-1
1952,167,553,142,43,40,-1,-1,-1
1952,168,575,131,31,32,-1,-1,-1
1953,167,553,143,41,40,-1,-1,-1
1953,168,580,127,29,30,-1,-1,-1
1954,168,585,123,28,29,-1,-1,-1
1955,168,588,120,27,29,-1,-1,-1
1956,168,591,116,27,29,-1,-1,-1
1957,168,596,110,27,29,-1,-1,-1
1958,168,602,104,26,28,-1,-1,-1
1959,168,607,99,26,28,-1,-1,-1
1960,168,610,95,27,27,-1,-1,-1
1961,168,614,92,26,26,-1,-1,-1
1962,168,617,90,25,26,-1,-1,-1
1963,168,620,88,23,25,-1,-1,-1
1964,168,622,87,23,24,-1,-1,-1
1965,168,622,86,23,24,-1,-1,-1
1966,168,623,85,24,24,-1,-1,-1
1971,169,345,336,65,63,-1,-1,-1
1972,169,344,335,66,63,-1,-1,-1
1972,170,368,121,36,23,-1,-1,-1
1973,169,343,335,66,63,-1,-1,-1
1973,170,368,121,36,23,-1,-1,-1
1973,171,419,235,47,38,-1,-1,-1
1973,172,471,152,35,26,-1,-1,-1
1974,169,343,335,66,63,-1,-1,-1
1974,170,368,121,36,23,-1,-1,-1
1974,171,419,235,47,38,-1,-1,-1
1974,172,471,152,35,26,-1,-1,-1
1975,169,343,334,66,63,-1,-1,-1
1975,170,368,121,36,23,-1,-1,-1
1975,171,419,235,47,38,-1,-1,-1
1975,172,471,152,35,26,-1,-1,-1
1976,169,343,334,66,63,-1,-1,-1
1976,170,368,121,36,23,-1,-1,-1
1976,171,419,235,47,38,-1,-1,-1
1976,172,471,152,35,26,-1,-1,-1
1977,169,343,334,66,63,-1,-1,-1
1977,170,368,121,36,23,-1,-1,-1
1977,171,419,235,47,38,-1,-1,-1
1977,172,471,152,35,26,-1,-1,-1
1978,169,343,334,66,63,-1,-1,-1
1978,170,368,121,36,23,-1,-1,-1
1978,171,419,235,47,38,-1,-1,-1
1978,172,471,152,35,26,-1,-1,-1
1979,169,343,334,66,63,-1,-1,-1
1979,170,368,121,36,23,-1,-1,-1
1979,171,419,235,47,38,-1,-1,-1
1979,172,471,152,35,26,-1,-1,-1
1980,169,343,334,66,63,-1,-1,-1
1980,170,368,121,36,23,-1,-1,-1
1980,171,419,235,47,38,-1,-1,-1
1980,172,471,152,35,26,-1,-1,-1
1981,169,343,334,66,63,-1,-1,-1
1981,170,368,121,36,23,-1,-1,-1
1981,171,419,235,47,38,-1,-1,-1
1981,172,471,152,35,26,-1,-1,-1
1982,169,343,334,66,63,-1,-1,-1
1982,170,368,121,36,23,-1,-1,-1
1982,171,419,235,47,38,-1,-1,-1
1982,172,471,152,35,26,-1,-1,-1
1983,169,343,334,66,63,-1,-1,-1
1983,170,368,121,36,23,-1,-1,-1
1983,171,419,235,47,38,-1,-1,-1
1983,172,471,152,35,26,-1,-1,-1
1984,169,343,334,66,63,-1,-1,-1
1984,170,368,121,36,23,-1,-1,-1
1984,171,419,235,47,38,-1,-1,-1
1984,172,471,152,35,26,-1,-1,-1
1985,169,343,334,66,63,-1,-1,-1
1985,170,368,121,36,23,-1,-1,-1
1985,171,419,235,47,38,-1,-1,-1
1985,172,471,152,35,26,-1,-1,-1
2003,173,607,102,26,31,-1,-1,-1
2004,173,609,100,25,30,-1,-1,-1
2005,173,611,99,24,29,-1,-1,-1
2006,173,613,97,23,28,-1,-1,-1
2007,173,615,95,23,27,-1,-1,-1
2008,173,617,93,23,27,-1,-1,-1
2009,173,619,91,24,26,-1,-1,-1
2009,174,330,99,43,31,-1,-1,-1
2010,173,620,90,24,25,-1,-1,-1
2010,174,325,100,44,31,-1,-1,-1
2010,175,430,75,28,22,-1,-1,-1
2010,176,518,124,27,20,-1,-1,-1
2011,173,622,88,25,25,-1,-1,-1
2011,174,324,101,45,31,-1,-1,-1
2011,175,427,76,29,22,-1,-1,-1
2011,176,523,120,27,21,-1,-1,-1
2012,173,623,87,25,24,-1,-1,-1
2012,174,322,101,46,31,-1,-1,-1
2012,175,427,76,29,22,-1,-1,-1
2012,176,526,118,26,21,-1,-1,-1
2013,173,625,86,24,23,-1,-1,-1
2013,175,425,76,30,22,-1,-1,-1
2013,176,532,115,26,21,-1,-1,-1
2014,173,626,84,23,23,-1,-1,-1
2014,176,537,112,25,21,-1,-1,-1
2015,173,627,82,23,22,-1,-1,-1
2015,176,542,109,25,21,-1,-1,-1
2016,173,628,80,23,22,-1,-1,-1
2016,176,546,106,24,20,-1,-1,-1
2017,173,629,79,23,22,-1,-1,-1
2017,176,551,104,24,20,-1,-1,-1
2017,174,400,83,42,32,-1,-1,-1
2018,173,631,78,23,22,-1,-1,-1
2018,176,555,101,23,19,-1,-1,-1
2018,174,397,84,41,30,-1,-1,-1
2018,180,536,135,30,25,-1,-1,-1
2019,173,632,76,23,22,-1,-1,-1
2019,176,559,99,23,19,-1,-1,-1
2019,174,394,86,42,28,-1,-1,-1
2019,180,540,132,28,25,-1,-1,-1
2020,173,634,75,22,21,-1,-1,-1
2020,176,561,98,23,19,-1,-1,-1
2020,174,390,87,42,27,-1,-1,-1
2020,180,544,130,27,24,-1,-1,-1
2021,173,635,74,21,21,-1,-1,-1
2021,176,562,97,23,19,-1,-1,-1
2021,174,384,87,44,28,-1,-1,-1
2021,180,549,126,26,24,-1,-1,-1
2022,173,636,74,20,20,-1,-1,-1
2022,174,378,87,45,29,-1,-1,-1
2022,180,553,123,25,23,-1,-1,-1
2023,173,637,74,20,19,-1,-1,-1
2023,174,371,87,44,30,-1,-1,-1
2023,180,557,119,25,22,-1,-1,-1
2024,173,638,74,19,19,-1,-1,-1
2024,174,366,89,42,30,-1,-1,-1
2024,180,562,116,24,21,-1,-1,-1
2025,173,639,74,19,18,-1,-1,-1
2025,174,360,90,40,31,-1,-1,-1
2025,178,582,83,23,17,-1,-1,-1
2025,180,566,112,23,20,-1,-1,-1
2026,173,639,74,19,18,-1,-1,-1
2026,174,353,93,39,31,-1,-1,-1
2026,178,583,82,23,17,-1,-1,-1
2026,180,570,108,23,19,-1,-1,-1
2027,173,639,74,19,18,-1,-1,-1
2027,174,346,94,38,32,-1,-1,-1
2027,178,583,82,24,17,-1,-1,-1
2027,180,574,105,22,19,-1,-1,-1
2028,174,338,95,38,33,-1,-1,-1
2028,179,537,185,37,40,-1,-1,-1
2028,180,578,102,22,18,-1,-1,-1
2029,174,330,97,38,34,-1,-1,-1
2029,179,542,178,39,39,-1,-1,-1
2029,180,582,99,21,18,-1,-1,-1
2030,174,322,98,37,34,-1,-1,-1
2030,179,546,174,38,37,-1,-1,-1
2030,180,583,98,21,18,-1,-1,-1
2031,174,313,101,37,34,-1,-1,-1
2031,179,552,167,37,36,-1,-1,-1
2031,180,584,97,20,18,-1,-1,-1
2032,174,303,104,39,34,-1,-1,-1
2032,179,559,161,34,34,-1,-1,-1
2033,174,293,106,40,34,-1,-1,-1
2033,179,565,155,32,32,-1,-1,-1
2034,174,283,110,42,33,-1,-1,-1
2034,179,570,150,30,31,-1,-1,-1
2035,174,274,114,40,32,-1,-1,-1
2035,179,575,145,29,30,-1,-1,-1
2036,174,262,118,40,30,-1,-1,-1
2036,179,579,140,29,30,-1,-1,-1
2037,174,251,123,39,29,-1,-1,-1
2037,179,583,135,28,29,-1,-1,-1
2038,174,238,126,41,29,-1,-1,-1
2038,179,587,130,28,28,-1,-1,-1
2039,174,225,129,43,29,-1,-1,-1
2039,179,590,126,29,27,-1,-1,-1
2040,174,211,133,44,30,-1,-1,-1
2040,179,593,121,29,27,-1,-1,-1
2041,174,198,137,45,30,-1,-1,-1
2041,179,597,117,30,27,-1,-1,-1
2041,182,567,155,30,28,-1,-1,-1
2042,174,184,140,46,30,-1,-1,-1
2042,179,600,113,29,26,-1,-1,-1
2042,182,571,151,28,28,-1,-1,-1
2043,174,177,143,46,30,-1,-1,-1
2043,179,603,110,29,25,-1,-1,-1
2043,182,575,147,27,27,-1,-1,-1
2044,174,172,144,47,30,-1,-1,-1
2044,179,606,108,28,25,-1,-1,-1
2044,181,617,57,32,27,-1,-1,-1
2044,182,579,142,26,27,-1,-1,-1
2045,179,609,106,26,23,-1,-1,-1
2045,181,618,57,31,26,-1,-1,-1
2045,182,584,139,24,26,-1,-1,-1
2046,179,611,104,25,22,-1,-1,-1
2046,181,619,57,30,26,-1,-1,-1
2046,182,587,135,24,25,-1,-1,-1
2047,179,613,102,23,21,-1,-1,-1
2047,181,620,57,29,25,-1,-1,-1
2047,182,591,131,24,24,-1,-1,-1
2048,179,615,99,23,20,-1,-1,-1
2048,181,621,57,28,24,-1,-1,-1
2048,182,594,128,24,23,-1,-1,-1
2048,183,553,123,28,25,-1,-1,-1
2049,179,617,97,23,20,-1,-1,-1
2049,181,621,57,28,24,-1,-1,-1
2049,182,596,126,24,23,-1,-1,-1
2049,183,556,120,28,24,-1,-1,-1
2050,179,619,94,22,19,-1,-1,-1
2050,182,597,124,24,22,-1,-1,-1
2050,183,559,118,27,23,-1,-1,-1
2051,179,620,93,22,18,-1,-1,-1
2051,183,562,114,26,23,-1,-1,-1
2051,184,359,82,51,35,-1,-1,-1
2052,179,622,91,22,17,-1,-1,-1
2052,183,567,111,25,22,-1,-1,-1
2052,184,355,83,51,35,-1,-1,-1
2053,179,624,89,22,17,-1,-1,-1
2053,183,571,108,24,21,-1,-1,-1
2053,184,351,84,51,34,-1,-1,-1
2054,179,625,87,22,16,-1,-1,-1
2054,183,575,106,23,20,-1,-1,-1
2054,184,345,85,50,34,-1,-1,-1
2055,179,626,86,23,16,-1,-1,-1
2055,183,579,103,22,19,-1,-1,-1
2055,184,339,87,49,33,-1,-1,-1
2056,179,627,85,23,15,-1,-1,-1
2056,183,581,102,22,19,-1,-1,-1
2056,184,332,89,49,34,-1,-1,-1
2057,179,627,84,23,14,-1,-1,-1
2057,183,581,101,23,19,-1,-1,-1
2057,184,324,91,49,33,-1,-1,-1
2058,179,628,84,22,14,-1,-1,-1
2058,184,320,92,50,34,-1,-1,-1
2059,184,317,94,50,34,-1,-1,-1
2065,189,613,106,20,14,-1,-1,-1
2066,189,614,104,19,13,-1,-1,-1
2067,185,636,78,23,14,-1,-1,-1
2067,189,615,102,20,14,-1,-1,-1
2068,185,636,78,23,15,-1,-1,-1
2068,189,616,100,20,14,-1,-1,-1
2069,185,636,78,23,15,-1,-1,-1
2069,186,438,163,46,36,-1,-1,-1
2069,187,369,120,34,22,-1,-1,-1
2069,188,194,136,47,30,-1,-1,-1
2069,189,617,98,20,14,-1,-1,-1
2070,185,636,78,23,15,-1,-1,-1
2070,186,439,163,46,35,-1,-1,-1
2070,187,369,120,34,22,-1,-1,-1
2070,188,194,136,47,30,-1,-1,-1
2070,189,618,97,20,14,-1,-1,-1
2071,185,636,78,23,15,-1,-1,-1
2071,186,439,163,46,35,-1,-1,-1
2071,187,369,120,34,22,-1,-1,-1
2071,188,194,136,47,30,-1,-1,-1
2071,189,618,97,20,15,-1,-1,-1
2072,185,636,78,23,15,-1,-1,-1
2072,186,439,163,46,35,-1,-1,-1
2072,187,369,120,34,22,-1,-1,-1
2072,188,194,136,47,30,-1,-1,-1
2072,189,618,96,20,15,-1,-1,-1
2073,185,636,78,23,15,-1,-1,-1
2073,186,439,163,46,35,-1,-1,-1
2073,187,369,120,34,22,-1,-1,-1
2073,188,194,136,47,30,-1,-1,-1
2073,189,618,96,20,15,-1,-1,-1
2074,185,636,78,23,15,-1,-1,-1
2074,186,439,163,46,35,-1,-1,-1
2074,187,369,120,34,22,-1,-1,-1
2074,188,194,136,47,30,-1,-1,-1
2074,189,618,96,20,15,-1,-1,-1
2075,185,636,78,23,15,-1,-1,-1
2075,186,439,163,46,35,-1,-1,-1
2075,187,369,120,34,22,-1,-1,-1
2075,188,194,136,47,30,-1,-1,-1
2075,189,618,96,21,15,-1,-1,-1
2076,185,636,78,23,15,-1,-1,-1
2076,186,439,163,46,35,-1,-1,-1
2076,187,369,120,34,22,-1,-1,-1
2076,188,194,136,47,30,-1,-1,-1
2076,189,618,96,21,15,-1,-1,-1
2077,185,636,78,23,15,-1,-1,-1
2077,186,439,163,46,35,-1,-1,-1
2077,187,369,120,34,22,-1,-1,-1
2077,188,194,136,47,30,-1,-1,-1
2077,189,618,96,21,15,-1,-1,-1
2078,185,636,78,23,15,-1,-1,-1
2078,186,439,163,46,35,-1,-1,-1
2078,187,369,120,34,22,-1,-1,-1
2078,188,194,136,47,30,-1,-1,-1
2078,189,618,96,21,15,-1,-1,-1
2079,185,636,78,23,15,-1,-1,-1
2079,186,439,163,46,35,-1,-1,-1
2079,187,369,120,34,22,-1,-1,-1
2079,188,194,136,47,30,-1,-1,-1
2079,189,618,96,21,15,-1,-1,-1
2080,185,636,78,23,15,-1,-1,-1
2080,186,439,163,46,35,-1,-1,-1
2080,187,369,120,34,22,-1,-1,-1
2080,188,194,136,47,30,-1,-1,-1
2080,189,618,96,21,15,-1,-1,-1
2081,185,636,78,23,15,-1,-1,-1
2081,186,439,163,46,35,-1,-1,-1
2081,187,369,120,34,22,-1,-1,-1
2081,188,194,136,47,30,-1,-1,-1
2081,189,618,96,21,15,-1,-1,-1
2082,185,636,78,23,15,-1,-1,-1
2082,186,439,163,46,35,-1,-1,-1
2082,187,369,120,34,22,-1,-1,-1
2082,188,194,136,47,30,-1,-1,-1
2082,189,618,96,21,15,-1,-1,-1
2083,185,636,78,23,15,-1,-1,-1
2083,186,439,163,46,35,-1,-1,-1
2083,187,369,120,34,22,-1,-1,-1
2083,188,194,136,47,30,-1,-1,-1
2083,189,618,96,21,15,-1,-1,-1
2085,190,566,91,25,19,-1,-1,-1
2086,190,569,89,25,18,-1,-1,-1
2086,191,553,126,26,22,-1,-1,-1
2087,190,571,87,24,18,-1,-1,-1
2087,191,556,124,25,22,-1,-1,-1
2088,190,574,85,25,18,-1,-1,-1
2088,191,559,122,25,22,-1,-1,-1
2088,192,330,97,36,36,-1,-1,-1
2089,190,576,83,24,18,-1,-1,-1
2089,191,564,118,25,22,-1,-1,-1
2089,192,324,98,36,36,-1,-1,-1
2090,190,578,82,24,18,-1,-1,-1
2090,191,567,114,25,22,-1,-1,-1
2090,192,320,99,35,36,-1,-1,-1
2091,190,579,81,24,18,-1,-1,-1
2091,191,571,111,25,21,-1,-1,-1
2091,192,313,102,35,35,-1,-1,-1
2092,191,575,109,24,20,-1,-1,-1
2092,192,305,104,35,35,-1,-1,-1
2093,191,577,107,23,20,-1,-1,-1
2093,192,297,107,35,34,-1,-1,-1
2094,191,578,107,22,19,-1,-1,-1
2094,192,289,110,35,34,-1,-1,-1
2095,192,281,112,35,35,-1,-1,-1
2096,192,272,115,36,35,-1,-1,-1
2097,192,267,116,37,35,-1,-1,-1
2098,192,263,117,37,35,-1,-1,-1
