7,2,603,80,33,21,-1,-1,-1
8,2,604,79,33,22,-1,-1,-1
9,2,606,78,33,22,-1,-1,-1
10,2,608,77,33,22,-1,-1,-1
11,2,610,76,32,22,-1,-1,-1
12,2,612,74,31,22,-1,-1,-1
13,1,346,91,43,35,-1,-1,-1
13,2,614,72,30,22,-1,-1,-1
13,3,537,133,29,26,-1,-1,-1
14,1,343,92,42,36,-1,-1,-1
14,2,616,70,29,21,-1,-1,-1
14,3,542,129,28,26,-1,-1,-1
15,1,342,92,41,36,-1,-1,-1
15,2,617,69,29,20,-1,-1,-1
15,3,545,126,27,25,-1,-1,-1
16,2,618,68,28,19,-1,-1,-1
16,3,550,123,26,24,-1,-1,-1
17,2,619,67,27,19,-1,-1,-1
17,3,555,120,26,24,-1,-1,-1
18,2,619,67,27,19,-1,-1,-1
18,3,559,116,25,23,-1,-1,-1
19,3,564,112,25,22,-1,-1,-1
19,4,9,157,35,23,-1,-1,-1
20,3,568,109,24,21,-1,-1,-1
20,4,6,156,35,23,-1,-1,-1
21,3,572,106,23,20,-1,-1,-1
21,4,5,155,34,24,-1,-1,-1
22,3,576,104,23,19,-1,-1,-1
23,3,579,101,23,19,-1,-1,-1
24,3,582,99,23,19,-1,-1,-1
25,3,585,96,24,19,-1,-1,-1
26,3,588,94,24,19,-1,-1,-1
27,3,590,92,23,20,-1,-1,-1
28,3,592,91,23,20,-1,-1,-1
29,3,594,89,22,21,-1,-1,-1
30,3,596,87,21,20,-1,-1,-1
31,3,597,86,20,19,-1,-1,-1
32,3,599,84,20,17,-1,-1,-1
33,3,600,84,19,17,-1,-1,-1
34,3,601,83,19,17,-1,-1,-1
43,5,625,86,27,21,-1,-1,-1
44,5,626,85,27,20,-1,-1,-1
45,5,627,84,27,20,-1,-1,-1
46,5,628,82,27,19,-1,-1,-1
47,5,629,81,26,19,-1,-1,-1
48,5,630,80,25,18,-1,-1,-1
49,5,630,79,24,17,-1,-1,-1
50,5,631,78,23,16,-1,-1,-1
51,5,631,77,23,16,-1,-1,-1
52,5,632,77,22,16,-1,-1,-1
53,5,637,75,21,18,-1,-1,-1
54,5,637,75,21,18,-1,-1,-1
55,5,637,75,21,18,-1,-1,-1
95,7,106,101,50,47,-1,-1,-1
96,7,106,101,50,47,-1,-1,-1
97,7,106,101,50,47,-1,-1,-1
106,8,624,78,29,21,-1,-1,-1
107,8,624,77,29,21,-1,-1,-1
108,8,624,77,29,21,-1,-1,-1
113,9,356,94,21,17,-1,-1,-1
114,9,356,94,20,17,-1,-1,-1
115,9,356,94,21,18,-1,-1,-1
116,9,356,95,22,18,-1,-1,-1
117,9,356,95,22,19,-1,-1,-1
118,9,356,95,23,20,-1,-1,-1
119,9,356,95,24,21,-1,-1,-1
120,9,356,95,24,21,-1,-1,-1
121,9,357,95,24,21,-1,-1,-1
122,9,357,95,24,21,-1,-1,-1
123,9,357,95,24,21,-1,-1,-1
124,9,357,95,24,21,-1,-1,-1
125,9,357,96,24,22,-1,-1,-1
126,9,357,96,24,22,-1,-1,-1
127,9,357,96,24,22,-1,-1,-1
141,10,366,84,84,45,-1,-1,-1
142,10,364,85,80,44,-1,-1,-1
143,10,363,85,79,43,-1,-1,-1
144,10,362,85,76,42,-1,-1,-1
146,12,555,149,36,37,-1,-1,-1
147,12,556,147,36,37,-1,-1,-1
148,12,558,146,35,37,-1,-1,-1
149,12,562,143,35,36,-1,-1,-1
150,11,555,143,47,38,-1,-1,-1
150,12,566,139,33,35,-1,-1,-1
151,11,554,143,44,39,-1,-1,-1
151,12,571,135,32,33,-1,-1,-1
152,11,553,142,43,40,-1,-1,-1
152,12,575,131,31,32,-1,-1,-1
153,11,553,143,41,40,-1,-1,-1
153,12,580,127,29,30,-1,-1,-1
154,12,585,123,28,29,-1,-1,-1
155,12,588,120,27,29,-1,-1,-1
156,12,591,116,27,29,-1,-1,-1
157,12,596,110,27,29,-1,-1,-1
158,12,602,104,26,28,-1,-1,-1
159,12,607,99,26,28,-1,-1,-1
160,12,610,95,27,27,-1,-1,-1
161,12,614,92,26,26,-1,-1,-1
162,12,617,90,25,26,-1,-1,-1
163,12,620,88,23,25,-1,-1,-1
164,12,622,87,23,24,-1,-1,-1
165,12,622,86,23,24,-1,-1,-1
166,12,623,85,24,24,-1,-1,-1
171,13,345,336,65,63,-1,-1,-1
172,13,344,335,66,63,-1,-1,-1
172,14,368,121,36,23,-1,-1,-1
173,13,343,335,66,63,-1,-1,-1
173,14,368,121,36,23,-1,-1,-1
173,15,419,235,47,38,-1,-1,-1
173,16,471,152,35,26,-1,-1,-1
174,13,343,335,66,63,-1,-1,-1
174,14,368,121,36,23,-1,-1,-1
174,15,419,235,47,38,-1,-1,-1
174,16,471,152,35,26,-1,-1,-1
175,13,343,334,66,63,-1,-1,-1
175,14,368,121,36,23,-1,-1,-1
175,15,419,235,47,38,-1,-1,-1
175,16,471,152,35,26,-1,-1,-1
176,13,343,334,66,63,-1,-1,-1
176,14,368,121,36,23,-1,-1,-1
176,15,419,235,47,38,-1,-1,-1
176,16,471,152,35,26,-1,-1,-1
177,13,343,334,66,63,-1,-1,-1
177,14,368,121,36,23,-1,-1,-1
177,15,419,235,47,38,-1,-1,-1
177,16,471,152,35,26,-1,-1,-1
178,13,343,334,66,63,-1,-1,-1
178,14,368,121,36,23,-1,-1,-1
178,15,419,235,47,38,-1,-1,-1
178,16,471,152,35,26,-1,-1,-1
179,13,343,334,66,63,-1,-1,-1
179,14,368,121,36,23,-1,-1,-1
179,15,419,235,47,38,-1,-1,-1
179,16,471,152,35,26,-1,-1,-1
180,13,343,334,66,63,-1,-1,-1
180,14,368,121,36,23,-1,-1,-1
180,15,419,235,47,38,-1,-1,-1
180,16,471,152,35,26,-1,-1,-1
181,13,343,334,66,63,-1,-1,-1
181,14,368,121,36,23,-1,-1,-1
181,15,419,235,47,38,-1,-1,-1
181,16,471,152,35,26,-1,-1,-1
182,13,343,334,66,63,-1,-1,-1
182,14,368,121,36,23,-1,-1,-1
182,15,419,235,47,38,-1,-1,-1
182,16,471,152,35,26,-1,-1,-1
183,13,343,334,66,63,-1,-1,-1
183,14,368,121,36,23,-1,-1,-1
183,15,419,235,47,38,-1,-1,-1
183,16,471,152,35,26,-1,-1,-1
184,13,343,334,66,63,-1,-1,-1
184,14,368,121,36,23,-1,-1,-1
184,15,419,235,47,38,-1,-1,-1
184,16,471,152,35,26,-1,-1,-1
185,13,343,334,66,63,-1,-1,-1
185,14,368,121,36,23,-1,-1,-1
185,15,419,235,47,38,-1,-1,-1
185,16,471,152,35,26,-1,-1,-1
203,17,607,102,26,31,-1,-1,-1
204,17,609,100,25,30,-1,-1,-1
205,17,611,99,24,29,-1,-1,-1
206,17,613,97,23,28,-1,-1,-1
207,17,615,95,23,27,-1,-1,-1
208,17,617,93,23,27,-1,-1,-1
209,17,619,91,24,26,-1,-1,-1
209,18,330,99,43,31,-1,-1,-1
210,17,620,90,24,25,-1,-1,-1
210,18,325,100,44,31,-1,-1,-1
210,19,430,75,28,22,-1,-1,-1
210,20,518,124,27,20,-1,-1,-1
211,17,622,88,25,25,-1,-1,-1
211,18,324,101,45,31,-1,-1,-1
211,19,427,76,29,22,-1,-1,-1
211,20,523,120,27,21,-1,-1,-1
212,17,623,87,25,24,-1,-1,-1
212,18,322,101,46,31,-1,-1,-1
212,19,427,76,29,22,-1,-1,-1
212,20,526,118,26,21,-1,-1,-1
213,17,625,86,24,23,-1,-1,-1
213,19,425,76,30,22,-1,-1,-1
213,20,532,115,26,21,-1,-1,-1
214,17,626,84,23,23,-1,-1,-1
214,20,537,112,25,21,-1,-1,-1
215,17,627,82,23,22,-1,-1,-1
215,20,542,109,25,21,-1,-1,-1
216,17,628,80,23,22,-1,-1,-1
216,20,546,106,24,20,-1,-1,-1
217,17,629,79,23,22,-1,-1,-1
217,20,551,104,24,20,-1,-1,-1
217,18,400,83,42,32,-1,-1,-1
218,17,631,78,23,22,-1,-1,-1
218,20,555,101,23,19,-1,-1,-1
218,18,397,84,41,30,-1,-1,-1
218,24,536,135,30,25,-1,-1,-1
219,17,632,76,23,22,-1,-1,-1
219,20,559,99,23,19,-1,-1,-1
219,18,394,86,42,28,-1,-1,-1
219,24,540,132,28,25,-1,-1,-1
220,17,634,75,22,21,-1,-1,-1
220,20,562,97,23,19,-1,-1,-1
220,18,390,87,42,27,-1,-1,-1
220,24,544,130,27,24,-1,-1,-1
221,17,635,74,21,21,-1,-1,-1
221,20,566,95,23,19,-1,-1,-1
221,18,384,87,44,28,-1,-1,-1
221,24,549,126,26,24,-1,-1,-1
222,17,636,74,20,20,-1,-1,-1
222,20,567,94,23,19,-1,-1,-1
222,18,378,87,45,29,-1,-1,-1
222,24,553,123,25,23,-1,-1,-1
223,17,637,74,20,19,-1,-1,-1
223,20,568,93,23,18,-1,-1,-1
223,18,371,87,44,30,-1,-1,-1
223,24,557,119,25,22,-1,-1,-1
224,17,638,74,19,19,-1,-1,-1
224,18,366,89,42,30,-1,-1,-1
224,24,562,116,24,21,-1,-1,-1
225,17,639,74,19,18,-1,-1,-1
225,18,360,90,40,31,-1,-1,-1
225,22,582,83,23,17,-1,-1,-1
225,24,566,112,23,20,-1,-1,-1
226,17,639,74,19,18,-1,-1,-1
226,18,353,93,39,31,-1,-1,-1
226,22,583,82,23,17,-1,-1,-1
226,24,570,108,23,19,-1,-1,-1
227,17,639,74,19,18,-1,-1,-1
227,18,346,94,38,32,-1,-1,-1
227,22,583,82,24,17,-1,-1,-1
227,24,574,105,22,19,-1,-1,-1
228,18,338,95,38,33,-1,-1,-1
228,23,537,185,37,40,-1,-1,-1
228,24,578,102,22,18,-1,-1,-1
229,18,330,97,38,34,-1,-1,-1
229,23,542,178,39,39,-1,-1,-1
229,24,582,99,21,18,-1,-1,-1
230,18,322,98,37,34,-1,-1,-1
230,23,546,174,38,37,-1,-1,-1
230,24,583,98,21,18,-1,-1,-1
231,18,313,101,37,34,-1,-1,-1
231,23,552,167,37,36,-1,-1,-1
231,24,584,97,20,18,-1,-1,-1
232,18,303,104,39,34,-1,-1,-1
232,23,559,161,34,34,-1,-1,-1
233,18,293,106,40,34,-1,-1,-1
233,23,565,155,32,32,-1,-1,-1
234,18,283,110,42,33,-1,-1,-1
234,23,570,150,30,31,-1,-1,-1
235,18,274,114,40,32,-1,-1,-1
235,23,575,145,29,30,-1,-1,-1
236,18,262,118,40,30,-1,-1,-1
236,23,579,140,29,30,-1,-1,-1
237,18,251,123,39,29,-1,-1,-1
237,23,583,135,28,29,-1,-1,-1
238,18,238,126,41,29,-1,-1,-1
238,23,587,130,28,28,-1,-1,-1
239,18,225,129,43,29,-1,-1,-1
239,23,590,126,29,27,-1,-1,-1
240,18,211,133,44,30,-1,-1,-1
240,23,593,121,29,27,-1,-1,-1
241,18,198,137,45,30,-1,-1,-1
241,23,597,117,30,27,-1,-1,-1
241,26,567,155,30,28,-1,-1,-1
242,18,184,140,46,30,-1,-1,-1
242,23,600,113,29,26,-1,-1,-1
242,26,571,151,28,28,-1,-1,-1
243,18,177,143,46,30,-1,-1,-1
243,23,603,110,29,25,-1,-1,-1
243,26,575,147,27,27,-1,-1,-1
244,18,172,144,47,30,-1,-1,-1
244,23,606,108,28,25,-1,-1,-1
244,25,617,57,32,27,-1,-1,-1
244,26,579,142,26,27,-1,-1,-1
245,23,609,106,26,23,-1,-1,-1
245,25,618,57,31,26,-1,-1,-1
245,26,584,139,24,26,-1,-1,-1
246,23,611,104,25,22,-1,-1,-1
246,25,619,57,30,26,-1,-1,-1
246,26,587,135,24,25,-1,-1,-1
247,23,613,102,23,21,-1,-1,-1
247,25,620,57,29,25,-1,-1,-1
247,26,591,131,24,24,-1,-1,-1
248,23,615,99,23,20,-1,-1,-1
248,25,621,57,28,24,-1,-1,-1
248,26,594,128,24,23,-1,-1,-1
248,27,553,123,28,25,-1,-1,-1
249,23,617,97,23,20,-1,-1,-1
249,25,621,57,28,24,-1,-1,-1
249,26,596,126,24,23,-1,-1,-1
249,27,556,120,28,24,-1,-1,-1
250,23,619,94,22,19,-1,-1,-1
250,26,597,124,24,22,-1,-1,-1
250,27,559,118,27,23,-1,-1,-1
251,23,620,93,22,18,-1,-1,-1
251,27,562,114,26,23,-1,-1,-1
251,28,359,82,51,35,-1,-1,-1
252,23,622,91,22,17,-1,-1,-1
252,27,567,111,25,22,-1,-1,-1
252,28,355,83,51,35,-1,-1,-1
253,23,624,89,22,17,-1,-1,-1
253,27,571,108,24,21,-1,-1,-1
253,28,351,84,51,34,-1,-1,-1
254,23,625,87,22,16,-1,-1,-1
254,27,575,106,23,20,-1,-1,-1
254,28,345,85,50,34,-1,-1,-1
255,23,626,86,23,16,-1,-1,-1
255,27,579,103,22,19,-1,-1,-1
255,28,339,87,49,33,-1,-1,-1
256,23,627,85,23,15,-1,-1,-1
256,27,581,102,22,19,-1,-1,-1
256,28,332,89,49,34,-1,-1,-1
257,23,627,84,23,14,-1,-1,-1
257,27,581,101,23,19,-1,-1,-1
257,28,324,91,49,33,-1,-1,-1
258,23,628,84,22,14,-1,-1,-1
258,28,320,92,50,34,-1,-1,-1
259,28,317,94,50,34,-1,-1,-1
265,36,613,106,20,14,-1,-1,-1
266,36,614,104,19,13,-1,-1,-1
267,29,636,78,23,14,-1,-1,-1
267,36,615,102,20,14,-1,-1,-1
268,29,636,78,23,15,-1,-1,-1
268,36,616,100,20,14,-1,-1,-1
269,29,636,78,23,15,-1,-1,-1
269,30,438,163,46,36,-1,-1,-1
269,31,369,120,34,22,-1,-1,-1
269,32,194,136,47,30,-1,-1,-1
269,36,617,98,20,14,-1,-1,-1
270,29,636,78,23,15,-1,-1,-1
270,30,439,163,46,35,-1,-1,-1
270,31,369,120,34,22,-1,-1,-1
270,32,194,136,47,30,-1,-1,-1
270,36,618,97,20,14,-1,-1,-1
271,29,636,78,23,15,-1,-1,-1
271,30,439,163,46,35,-1,-1,-1
271,31,369,120,34,22,-1,-1,-1
271,32,194,136,47,30,-1,-1,-1
271,36,618,97,20,15,-1,-1,-1
272,29,636,78,23,15,-1,-1,-1
272,30,439,163,46,35,-1,-1,-1
272,31,369,120,34,22,-1,-1,-1
272,32,194,136,47,30,-1,-1,-1
272,36,618,96,20,15,-1,-1,-1
273,29,636,78,23,15,-1,-1,-1
273,30,439,163,46,35,-1,-1,-1
273,31,369,120,34,22,-1,-1,-1
273,32,194,136,47,30,-1,-1,-1
273,36,618,96,20,15,-1,-1,-1
274,29,636,78,23,15,-1,-1,-1
274,30,439,163,46,35,-1,-1,-1
274,31,369,120,34,22,-1,-1,-1
274,32,194,136,47,30,-1,-1,-1
274,36,618,96,20,15,-1,-1,-1
275,29,636,78,23,15,-1,-1,-1
275,30,439,163,46,35,-1,-1,-1
275,31,369,120,34,22,-1,-1,-1
275,32,194,136,47,30,-1,-1,-1
275,36,618,96,21,15,-1,-1,-1
276,29,636,78,23,15,-1,-1,-1
276,30,439,163,46,35,-1,-1,-1
276,31,369,120,34,22,-1,-1,-1
276,32,194,136,47,30,-1,-1,-1
276,36,618,96,21,15,-1,-1,-1
277,29,636,78,23,15,-1,-1,-1
277,30,439,163,46,35,-1,-1,-1
277,31,369,120,34,22,-1,-1,-1
277,32,194,136,47,30,-1,-1,-1
277,36,618,96,21,15,-1,-1,-1
278,29,636,78,23,15,-1,-1,-1
278,30,439,163,46,35,-1,-1,-1
278,31,369,120,34,22,-1,-1,-1
278,32,194,136,47,30,-1,-1,-1
278,36,618,96,21,15,-1,-1,-1
279,29,636,78,23,15,-1,-1,-1
279,30,439,163,46,35,-1,-1,-1
279,31,369,120,34,22,-1,-1,-1
279,32,194,136,47,30,-1,-1,-1
279,36,618,96,21,15,-1,-1,-1
280,29,636,78,23,15,-1,-1,-1
280,30,439,163,46,35,-1,-1,-1
280,31,369,120,34,22,-1,-1,-1
280,32,194,136,47,30,-1,-1,-1
280,36,618,96,21,15,-1,-1,-1
281,29,636,78,23,15,-1,-1,-1
281,30,439,163,46,35,-1,-1,-1
281,31,369,120,34,22,-1,-1,-1
281,32,194,136,47,30,-1,-1,-1
281,36,618,96,21,15,-1,-1,-1
282,29,636,78,23,15,-1,-1,-1
282,30,439,163,46,35,-1,-1,-1
282,31,369,120,34,22,-1,-1,-1
282,32,194,136,47,30,-1,-1,-1
282,36,618,96,21,15,-1,-1,-1
283,29,636,78,23,15,-1,-1,-1
283,30,439,163,46,35,-1,-1,-1
283,31,369,120,34,22,-1,-1,-1
283,32,194,136,47,30,-1,-1,-1
283,36,618,97,21,15,-1,-1,-1
284,36,618,97,21,15,-1,-1,-1
285,36,618,97,21,15,-1,-1,-1
285,34,566,91,25,19,-1,-1,-1
286,36,617,98,21,15,-1,-1,-1
286,34,569,89,25,18,-1,-1,-1
286,37,553,126,26,22,-1,-1,-1
287,36,617,98,21,15,-1,-1,-1
287,34,571,87,24,18,-1,-1,-1
287,37,556,124,25,22,-1,-1,-1
288,36,617,98,21,15,-1,-1,-1
288,34,574,85,25,18,-1,-1,-1
288,35,330,97,36,36,-1,-1,-1
288,37,559,122,25,22,-1,-1,-1
289,36,616,99,21,15,-1,-1,-1
289,34,576,83,24,18,-1,-1,-1
289,35,324,98,36,36,-1,-1,-1
289,37,564,118,25,22,-1,-1,-1
290,36,616,99,21,15,-1,-1,-1
290,34,578,82,24,18,-1,-1,-1
290,35,320,99,35,36,-1,-1,-1
290,37,567,114,25,22,-1,-1,-1
291,36,615,99,21,15,-1,-1,-1
291,34,579,81,24,18,-1,-1,-1
291,35,313,102,35,35,-1,-1,-1
291,37,571,111,25,21,-1,-1,-1
292,36,615,100,21,15,-1,-1,-1
292,35,305,104,35,35,-1,-1,-1
292,37,575,109,24,20,-1,-1,-1
293,36,615,100,21,15,-1,-1,-1
293,35,297,107,35,34,-1,-1,-1
293,37,578,106,23,19,-1,-1,-1
294,36,614,100,22,15,-1,-1,-1
294,35,289,110,35,34,-1,-1,-1
294,37,582,104,22,19,-1,-1,-1
295,36,614,101,22,15,-1,-1,-1
295,35,281,112,35,35,-1,-1,-1
295,37,585,101,23,19,-1,-1,-1
296,36,614,101,22,15,-1,-1,-1
296,35,272,115,36,35,-1,-1,-1
296,37,588,98,23,19,-1,-1,-1
297,36,613,101,22,15,-1,-1,-1
297,35,267,116,37,35,-1,-1,-1
297,37,591,96,23,18,-1,-1,-1
298,36,613,102,22,15,-1,-1,-1
298,35,263,117,37,35,-1,-1,-1
298,36,602,120,20,18,-1,-1,-1
298,37,593,94,23,18,-1,-1,-1
298,38,735,264,52,25,-1,-1,-1
298,41,544,133,27,27,-1,-1,-1
299,36,612,102,22,16,-1,-1,-1
299,36,605,117,20,18,-1,-1,-1
299,37,594,92,23,17,-1,-1,-1
299,38,723,262,53,26,-1,-1,-1
299,39,54,176,60,40,-1,-1,-1
299,40,471,147,36,28,-1,-1,-1
299,41,547,130,27,26,-1,-1,-1
300,36,612,102,22,16,-1,-1,-1
300,36,606,115,20,18,-1,-1,-1
300,37,597,90,22,16,-1,-1,-1
300,38,720,262,53,26,-1,-1,-1
300,39,49,177,60,40,-1,-1,-1
300,40,473,146,36,27,-1,-1,-1
300,41,550,128,27,25,-1,-1,-1
301,36,612,103,22,16,-1,-1,-1
301,36,608,112,21,18,-1,-1,-1
301,37,598,90,22,16,-1,-1,-1
301,38,716,261,52,26,-1,-1,-1
301,39,48,177,59,41,-1,-1,-1
301,40,474,145,35,27,-1,-1,-1
301,41,554,125,26,23,-1,-1,-1
302,36,611,103,22,16,-1,-1,-1
302,36,609,110,22,18,-1,-1,-1
302,37,599,89,22,16,-1,-1,-1
302,41,559,121,25,22,-1,-1,-1
303,36,611,103,22,16,-1,-1,-1
303,36,609,109,22,18,-1,-1,-1
303,41,561,120,25,22,-1,-1,-1
304,36,611,104,22,16,-1,-1,-1
304,41,563,118,24,21,-1,-1,-1
305,36,610,104,23,16,-1,-1,-1
305,42,519,118,29,20,-1,-1,-1
306,36,610,104,23,16,-1,-1,-1
306,42,523,115,29,20,-1,-1,-1
307,36,609,105,23,16,-1,-1,-1
307,42,527,113,29,20,-1,-1,-1
308,36,609,105,23,16,-1,-1,-1
308,42,529,111,28,20,-1,-1,-1
309,36,609,105,23,16,-1,-1,-1
309,42,530,110,28,20,-1,-1,-1
310,36,608,106,23,16,-1,-1,-1
311,36,608,106,23,16,-1,-1,-1
312,36,608,106,23,16,-1,-1,-1
313,36,607,107,23,16,-1,-1,-1
313,40,472,148,37,27,-1,-1,-1
314,36,607,107,23,16,-1,-1,-1
314,40,476,145,36,26,-1,-1,-1
315,36,608,107,23,16,-1,-1,-1
315,40,481,143,35,25,-1,-1,-1
316,36,609,105,22,16,-1,-1,-1
316,40,486,141,34,25,-1,-1,-1
317,36,611,104,21,15,-1,-1,-1
317,40,494,139,34,25,-1,-1,-1
318,36,613,101,21,15,-1,-1,-1
318,40,501,137,33,24,-1,-1,-1
319,36,614,100,20,15,-1,-1,-1
319,40,509,136,32,24,-1,-1,-1
319,51,532,150,30,22,-1,-1,-1
320,36,615,99,20,15,-1,-1,-1
320,40,517,134,31,24,-1,-1,-1
320,51,536,146,29,22,-1,-1,-1
321,40,525,132,31,24,-1,-1,-1
321,51,540,143,29,23,-1,-1,-1
322,40,534,131,30,24,-1,-1,-1
322,51,542,141,28,23,-1,-1,-1
323,40,542,129,29,24,-1,-1,-1
323,51,543,140,28,23,-1,-1,-1
324,40,549,127,28,23,-1,-1,-1
324,44,487,138,30,25,-1,-1,-1
325,40,556,124,27,23,-1,-1,-1
325,44,493,135,29,24,-1,-1,-1
326,40,561,122,26,22,-1,-1,-1
326,44,498,132,30,24,-1,-1,-1
327,40,566,119,25,21,-1,-1,-1
327,44,504,128,30,23,-1,-1,-1
328,40,570,115,25,21,-1,-1,-1
328,44,510,123,30,23,-1,-1,-1
329,40,573,112,25,21,-1,-1,-1
329,44,516,119,29,22,-1,-1,-1
330,40,576,110,24,20,-1,-1,-1
330,44,522,115,29,22,-1,-1,-1
331,40,578,108,24,20,-1,-1,-1
331,44,527,112,28,21,-1,-1,-1
332,40,579,106,24,19,-1,-1,-1
332,44,532,109,28,21,-1,-1,-1
332,47,510,151,33,25,-1,-1,-1
333,40,580,104,24,19,-1,-1,-1
333,44,537,106,28,21,-1,-1,-1
333,47,515,146,31,25,-1,-1,-1
334,40,581,103,23,19,-1,-1,-1
334,44,539,105,28,21,-1,-1,-1
334,47,519,142,31,25,-1,-1,-1
334,47,579,138,28,28,-1,-1,-1
335,40,582,102,23,19,-1,-1,-1
335,44,541,103,28,21,-1,-1,-1
335,47,524,137,30,24,-1,-1,-1
335,47,582,135,27,27,-1,-1,-1
336,40,583,101,23,18,-1,-1,-1
336,47,530,133,29,23,-1,-1,-1
336,47,585,132,27,26,-1,-1,-1
337,40,584,99,23,18,-1,-1,-1
337,47,537,129,28,22,-1,-1,-1
337,47,589,128,26,25,-1,-1,-1
338,40,584,98,23,18,-1,-1,-1
338,47,542,125,27,22,-1,-1,-1
338,47,593,124,25,23,-1,-1,-1
339,40,585,97,23,18,-1,-1,-1
339,47,547,121,27,21,-1,-1,-1
339,47,597,121,24,22,-1,-1,-1
339,49,554,158,31,30,-1,-1,-1
340,40,586,96,23,18,-1,-1,-1
340,47,551,118,27,22,-1,-1,-1
340,47,600,117,24,21,-1,-1,-1
340,49,558,155,31,28,-1,-1,-1
341,40,586,95,23,17,-1,-1,-1
341,47,555,115,28,22,-1,-1,-1
341,47,603,113,23,21,-1,-1,-1
341,49,561,152,30,27,-1,-1,-1
342,40,587,94,23,17,-1,-1,-1
342,47,558,112,28,21,-1,-1,-1
342,47,606,109,23,20,-1,-1,-1
342,49,566,147,29,27,-1,-1,-1
343,40,588,92,23,17,-1,-1,-1
343,47,562,109,28,21,-1,-1,-1
343,47,609,106,23,20,-1,-1,-1
343,49,571,142,29,26,-1,-1,-1
344,40,589,91,23,17,-1,-1,-1
344,47,566,106,27,20,-1,-1,-1
344,46,506,216,50,44,-1,-1,-1
344,47,610,104,23,19,-1,-1,-1
344,49,575,138,28,26,-1,-1,-1
345,40,589,90,23,16,-1,-1,-1
345,47,570,103,27,19,-1,-1,-1
345,46,514,208,46,42,-1,-1,-1
345,47,612,102,24,19,-1,-1,-1
345,49,579,133,27,25,-1,-1,-1
346,40,590,89,23,16,-1,-1,-1
346,47,573,101,27,18,-1,-1,-1
346,46,521,201,44,40,-1,-1,-1
346,47,614,99,24,19,-1,-1,-1
346,49,583,128,27,24,-1,-1,-1
347,40,591,88,23,16,-1,-1,-1
347,47,576,99,27,18,-1,-1,-1
347,46,530,192,40,37,-1,-1,-1
347,47,616,97,24,19,-1,-1,-1
347,49,587,124,27,23,-1,-1,-1
348,40,591,87,23,16,-1,-1,-1
348,47,580,97,25,17,-1,-1,-1
348,46,538,184,38,36,-1,-1,-1
348,47,618,94,24,18,-1,-1,-1
348,49,590,120,27,23,-1,-1,-1
349,40,592,85,23,16,-1,-1,-1
349,47,585,97,24,17,-1,-1,-1
349,46,542,179,37,35,-1,-1,-1
349,47,619,92,24,18,-1,-1,-1
349,49,592,117,27,22,-1,-1,-1
350,40,593,84,23,15,-1,-1,-1
350,47,590,97,23,17,-1,-1,-1
350,46,545,176,37,36,-1,-1,-1
350,47,620,90,24,17,-1,-1,-1
350,49,593,114,27,22,-1,-1,-1
351,40,593,83,23,15,-1,-1,-1
351,47,595,98,23,17,-1,-1,-1
351,47,622,88,23,16,-1,-1,-1
351,49,594,113,27,22,-1,-1,-1
352,40,594,82,23,15,-1,-1,-1
352,47,601,98,22,17,-1,-1,-1
352,47,623,86,23,16,-1,-1,-1
353,40,595,81,22,15,-1,-1,-1
353,47,605,99,21,17,-1,-1,-1
353,47,624,85,23,16,-1,-1,-1
353,48,576,142,30,28,-1,-1,-1
354,40,597,80,22,15,-1,-1,-1
354,47,609,99,21,17,-1,-1,-1
354,47,624,84,23,16,-1,-1,-1
354,48,580,138,29,27,-1,-1,-1
355,40,598,79,21,15,-1,-1,-1
355,47,612,99,21,16,-1,-1,-1
355,47,625,83,23,16,-1,-1,-1
355,48,583,136,29,26,-1,-1,-1
356,40,600,78,21,15,-1,-1,-1
356,47,615,97,20,16,-1,-1,-1
356,48,587,132,28,25,-1,-1,-1
356,50,111,115,39,40,-1,-1,-1
357,40,600,78,20,15,-1,-1,-1
357,47,617,95,21,16,-1,-1,-1
357,48,590,128,27,25,-1,-1,-1
357,50,111,115,39,41,-1,-1,-1
358,40,600,78,20,15,-1,-1,-1
358,47,619,92,22,16,-1,-1,-1
358,48,593,125,27,24,-1,-1,-1
358,50,111,114,39,41,-1,-1,-1
359,47,620,90,23,16,-1,-1,-1
359,48,597,121,27,23,-1,-1,-1
359,50,111,114,39,41,-1,-1,-1
360,47,621,88,23,16,-1,-1,-1
360,48,600,118,26,22,-1,-1,-1
361,47,622,86,23,15,-1,-1,-1
361,48,604,115,25,22,-1,-1,-1
362,47,624,84,23,15,-1,-1,-1
362,48,606,113,25,20,-1,-1,-1
363,47,626,83,22,15,-1,-1,-1
363,48,608,110,25,20,-1,-1,-1
364,47,628,82,22,15,-1,-1,-1
364,48,610,107,24,19,-1,-1,-1
364,52,722,256,51,29,-1,-1,-1
365,47,629,82,22,15,-1,-1,-1
365,48,612,104,23,18,-1,-1,-1
365,52,716,256,51,29,-1,-1,-1
366,48,615,100,21,17,-1,-1,-1
366,52,714,255,50,28,-1,-1,-1
367,48,616,99,21,17,-1,-1,-1
368,48,616,98,21,17,-1,-1,-1
374,53,549,124,26,23,-1,-1,-1
375,53,553,120,25,22,-1,-1,-1
376,53,556,118,24,21,-1,-1,-1
377,53,560,115,23,20,-1,-1,-1
378,53,564,112,22,20,-1,-1,-1
379,53,568,109,21,20,-1,-1,-1
380,53,571,107,21,19,-1,-1,-1
381,53,575,104,20,18,-1,-1,-1
382,53,579,102,20,17,-1,-1,-1
383,53,582,99,19,17,-1,-1,-1
384,53,585,97,20,17,-1,-1,-1
385,53,588,95,21,17,-1,-1,-1
385,61,591,120,26,23,-1,-1,-1
386,53,590,92,21,17,-1,-1,-1
386,61,593,118,27,23,-1,-1,-1
387,53,591,91,21,17,-1,-1,-1
387,61,595,116,26,23,-1,-1,-1
388,53,592,90,22,17,-1,-1,-1
388,54,500,64,28,21,-1,-1,-1
388,61,598,113,26,22,-1,-1,-1
389,54,499,64,28,20,-1,-1,-1
389,55,562,167,28,27,-1,-1,-1
389,61,602,110,25,21,-1,-1,-1
390,54,498,64,28,20,-1,-1,-1
390,55,566,163,27,26,-1,-1,-1
390,61,605,106,24,20,-1,-1,-1
391,54,498,64,28,20,-1,-1,-1
391,55,569,159,27,26,-1,-1,-1
391,61,608,103,23,20,-1,-1,-1
392,55,574,153,26,26,-1,-1,-1
392,56,9,157,32,24,-1,-1,-1
392,57,318,102,49,32,-1,-1,-1
392,61,611,101,23,19,-1,-1,-1
393,55,579,149,26,26,-1,-1,-1
393,56,6,156,31,24,-1,-1,-1
393,57,308,107,49,31,-1,-1,-1
393,61,613,99,23,20,-1,-1,-1
394,55,583,144,25,26,-1,-1,-1
394,56,5,155,31,24,-1,-1,-1
394,57,300,110,48,30,-1,-1,-1
394,58,555,127,21,18,-1,-1,-1
394,61,614,97,23,19,-1,-1,-1
395,55,585,142,25,26,-1,-1,-1
395,56,4,155,30,24,-1,-1,-1
395,57,289,115,47,30,-1,-1,-1
395,58,558,124,21,17,-1,-1,-1
395,61,616,96,23,19,-1,-1,-1
396,55,587,140,25,25,-1,-1,-1
396,57,274,120,47,29,-1,-1,-1
396,58,559,123,20,17,-1,-1,-1
396,61,617,94,23,18,-1,-1,-1
397,57,258,125,46,29,-1,-1,-1
397,58,561,123,20,17,-1,-1,-1
397,61,619,92,23,18,-1,-1,-1
398,57,250,127,46,29,-1,-1,-1
398,61,621,90,23,18,-1,-1,-1
399,57,245,129,46,29,-1,-1,-1
399,61,622,88,23,17,-1,-1,-1
400,59,610,112,21,21,-1,-1,-1
400,61,624,86,23,17,-1,-1,-1
401,59,611,110,21,21,-1,-1,-1
401,55,577,149,24,23,-1,-1,-1
401,61,626,84,23,17,-1,-1,-1
402,59,612,109,21,21,-1,-1,-1
402,55,579,146,24,22,-1,-1,-1
402,61,627,82,23,16,-1,-1,-1
403,59,613,108,20,19,-1,-1,-1
403,55,582,143,23,22,-1,-1,-1
403,61,629,80,22,16,-1,-1,-1
404,59,615,107,19,19,-1,-1,-1
404,55,583,141,23,21,-1,-1,-1
404,61,630,79,22,16,-1,-1,-1
405,59,615,107,19,18,-1,-1,-1
405,55,585,140,23,21,-1,-1,-1
405,61,631,78,22,15,-1,-1,-1
406,59,616,107,19,18,-1,-1,-1
406,61,632,77,21,15,-1,-1,-1
407,61,632,77,21,15,-1,-1,-1
408,61,633,77,21,15,-1,-1,-1
408,62,400,75,50,33,-1,-1,-1
409,62,394,76,52,33,-1,-1,-1
410,62,389,78,53,32,-1,-1,-1
411,62,381,81,54,30,-1,-1,-1
412,62,375,83,53,29,-1,-1,-1
413,62,368,86,51,28,-1,-1,-1
414,62,365,87,50,28,-1,-1,-1
415,62,363,88,49,28,-1,-1,-1
420,63,542,109,27,17,-1,-1,-1
421,63,544,108,27,16,-1,-1,-1
422,63,545,108,27,16,-1,-1,-1
422,64,355,95,25,19,-1,-1,-1
423,64,354,95,25,19,-1,-1,-1
424,64,353,95,26,19,-1,-1,-1
431,65,616,95,23,18,-1,-1,-1
432,65,618,94,23,17,-1,-1,-1
433,65,618,93,24,17,-1,-1,-1
434,65,620,92,24,18,-1,-1,-1
435,65,620,91,24,18,-1,-1,-1
436,65,621,90,24,18,-1,-1,-1
436,66,428,79,40,23,-1,-1,-1
437,66,426,79,39,23,-1,-1,-1
438,66,425,79,39,23,-1,-1,-1
449,67,718,264,55,25,-1,-1,-1
450,67,706,262,53,25,-1,-1,-1
451,67,703,262,53,25,-1,-1,-1
452,67,699,261,52,25,-1,-1,-1
457,68,583,140,28,28,-1,-1,-1
458,68,586,136,28,27,-1,-1,-1
459,68,586,135,27,27,-1,-1,-1
460,68,588,134,27,27,-1,-1,-1
462,69,612,95,33,28,-1,-1,-1
462,70,238,125,39,32,-1,-1,-1
463,69,612,95,33,28,-1,-1,-1
463,70,238,125,39,32,-1,-1,-1
464,69,612,95,33,28,-1,-1,-1
464,70,238,125,39,32,-1,-1,-1
465,69,612,95,33,28,-1,-1,-1
465,70,238,125,39,32,-1,-1,-1
466,69,612,95,32,28,-1,-1,-1
466,70,237,126,40,31,-1,-1,-1
467,69,612,94,31,27,-1,-1,-1
467,70,236,126,40,30,-1,-1,-1
468,69,614,93,31,27,-1,-1,-1
468,70,235,128,42,30,-1,-1,-1
469,69,615,92,31,27,-1,-1,-1
470,69,617,90,31,28,-1,-1,-1
471,69,619,89,30,27,-1,-1,-1
472,69,621,86,29,28,-1,-1,-1
473,69,623,84,29,28,-1,-1,-1
474,69,624,82,29,29,-1,-1,-1
475,69,625,81,29,29,-1,-1,-1
476,69,625,81,29,29,-1,-1,-1
504,71,397,97,34,24,-1,-1,-1
505,71,393,99,33,24,-1,-1,-1
506,71,387,101,34,23,-1,-1,-1
506,72,615,90,28,26,-1,-1,-1
507,71,380,103,36,23,-1,-1,-1
507,72,616,89,29,27,-1,-1,-1
508,71,371,106,37,24,-1,-1,-1
508,72,616,88,29,27,-1,-1,-1
509,71,367,107,37,24,-1,-1,-1
509,72,616,88,29,27,-1,-1,-1
510,71,365,108,36,24,-1,-1,-1
517,73,404,83,47,33,-1,-1,-1
518,73,401,82,47,34,-1,-1,-1
519,73,401,82,47,34,-1,-1,-1
521,77,525,185,50,44,-1,-1,-1
522,77,532,179,46,43,-1,-1,-1
523,77,537,174,44,42,-1,-1,-1
524,77,544,167,40,41,-1,-1,-1
525,77,550,160,38,39,-1,-1,-1
526,77,556,154,37,38,-1,-1,-1
527,77,561,148,35,37,-1,-1,-1
528,77,566,143,34,35,-1,-1,-1
529,77,571,138,32,33,-1,-1,-1
530,77,576,133,31,31,-1,-1,-1
531,77,581,128,29,29,-1,-1,-1
532,77,586,124,28,27,-1,-1,-1
533,77,591,119,27,26,-1,-1,-1
534,77,594,115,26,25,-1,-1,-1
535,77,595,111,26,25,-1,-1,-1
536,77,594,108,26,25,-1,-1,-1
537,77,591,105,26,25,-1,-1,-1
538,77,587,102,26,24,-1,-1,-1
539,77,583,99,26,24,-1,-1,-1
540,77,578,96,26,24,-1,-1,-1
541,77,573,93,27,24,-1,-1,-1
542,77,567,90,27,24,-1,-1,-1
543,77,562,87,27,24,-1,-1,-1
544,77,557,84,27,24,-1,-1,-1
545,76,578,143,33,34,-1,-1,-1
545,77,551,81,27,24,-1,-1,-1
546,74,527,58,30,24,-1,-1,-1
546,76,581,138,32,33,-1,-1,-1
546,77,546,78,28,24,-1,-1,-1
547,74,525,59,29,24,-1,-1,-1
547,76,584,134,32,33,-1,-1,-1
547,77,541,75,28,24,-1,-1,-1
548,74,524,60,29,23,-1,-1,-1
548,76,587,128,31,33,-1,-1,-1
548,77,535,72,28,24,-1,-1,-1
549,74,523,61,28,23,-1,-1,-1
549,76,590,125,30,31,-1,-1,-1
549,77,530,69,28,24,-1,-1,-1
550,74,523,61,28,23,-1,-1,-1
550,76,594,122,28,29,-1,-1,-1
550,77,525,67,29,24,-1,-1,-1
551,76,598,119,27,28,-1,-1,-1
551,77,520,66,30,24,-1,-1,-1
552,76,601,116,26,27,-1,-1,-1
552,77,515,66,31,25,-1,-1,-1
553,76,604,113,26,26,-1,-1,-1
553,77,512,66,31,25,-1,-1,-1
554,76,607,109,26,26,-1,-1,-1
554,77,508,67,31,25,-1,-1,-1
555,76,610,106,26,26,-1,-1,-1
555,77,503,69,32,24,-1,-1,-1
556,76,612,102,26,25,-1,-1,-1
556,77,498,71,32,23,-1,-1,-1
557,76,615,99,26,25,-1,-1,-1
557,77,493,72,33,23,-1,-1,-1
558,75,569,153,27,26,-1,-1,-1
558,76,617,97,25,24,-1,-1,-1
558,77,489,73,33,23,-1,-1,-1
559,75,573,149,26,25,-1,-1,-1
559,76,618,95,25,23,-1,-1,-1
559,77,484,74,34,24,-1,-1,-1
560,75,575,146,26,24,-1,-1,-1
560,76,620,93,25,22,-1,-1,-1
560,77,481,75,34,24,-1,-1,-1
561,75,580,142,25,23,-1,-1,-1
561,76,621,92,25,21,-1,-1,-1
561,77,476,77,34,24,-1,-1,-1
562,75,584,137,24,22,-1,-1,-1
562,76,622,90,25,20,-1,-1,-1
562,77,472,79,34,24,-1,-1,-1
563,75,588,132,23,22,-1,-1,-1
563,76,624,89,24,19,-1,-1,-1
563,77,466,81,33,24,-1,-1,-1
564,75,592,127,22,21,-1,-1,-1
564,76,626,87,23,18,-1,-1,-1
564,77,460,83,33,24,-1,-1,-1
565,75,595,123,22,21,-1,-1,-1
565,76,628,85,22,17,-1,-1,-1
565,77,454,84,34,26,-1,-1,-1
566,75,597,119,22,20,-1,-1,-1
566,76,629,84,22,17,-1,-1,-1
566,77,446,85,35,28,-1,-1,-1
567,75,600,114,21,20,-1,-1,-1
567,76,630,82,22,17,-1,-1,-1
567,77,438,86,38,29,-1,-1,-1
568,75,602,110,22,20,-1,-1,-1
568,76,631,80,21,17,-1,-1,-1
568,77,430,87,41,31,-1,-1,-1
569,75,605,107,21,20,-1,-1,-1
569,76,631,78,22,17,-1,-1,-1
569,77,421,87,44,35,-1,-1,-1
570,75,607,105,21,19,-1,-1,-1
570,76,631,77,22,17,-1,-1,-1
570,77,413,86,47,40,-1,-1,-1
571,75,610,102,20,19,-1,-1,-1
571,76,631,76,22,17,-1,-1,-1
571,77,405,87,46,42,-1,-1,-1
572,75,612,99,21,19,-1,-1,-1
572,76,631,76,22,17,-1,-1,-1
572,77,398,91,46,41,-1,-1,-1
573,75,613,97,21,19,-1,-1,-1
573,77,388,96,45,39,-1,-1,-1
574,75,614,96,21,19,-1,-1,-1
574,77,378,101,47,37,-1,-1,-1
575,75,614,95,22,20,-1,-1,-1
575,77,365,106,47,36,-1,-1,-1
576,77,359,109,48,35,-1,-1,-1
577,77,354,111,48,35,-1,-1,-1
604,78,323,102,46,32,-1,-1,-1
605,78,319,103,46,32,-1,-1,-1
606,78,317,104,46,32,-1,-1,-1
618,79,361,95,39,25,-1,-1,-1
619,79,354,98,38,24,-1,-1,-1
620,79,352,98,38,24,-1,-1,-1
621,79,349,100,39,24,-1,-1,-1
676,80,352,92,43,31,-1,-1,-1
676,81,324,124,35,24,-1,-1,-1
677,80,349,93,45,30,-1,-1,-1
677,81,315,127,35,24,-1,-1,-1
678,80,347,93,44,30,-1,-1,-1
678,81,306,130,36,24,-1,-1,-1
679,81,292,134,38,25,-1,-1,-1
680,81,277,138,41,26,-1,-1,-1
681,81,270,139,41,27,-1,-1,-1
682,81,264,141,42,28,-1,-1,-1
792,82,621,78,33,30,-1,-1,-1
793,82,621,78,32,28,-1,-1,-1
794,82,622,78,32,28,-1,-1,-1
795,82,623,77,32,27,-1,-1,-1
796,82,623,77,31,27,-1,-1,-1
831,84,591,92,27,20,-1,-1,-1
832,84,593,91,25,20,-1,-1,-1
833,84,595,90,25,19,-1,-1,-1
834,84,597,89,24,19,-1,-1,-1
835,84,598,87,24,18,-1,-1,-1
836,84,600,86,23,18,-1,-1,-1
837,84,602,84,23,17,-1,-1,-1
838,83,367,106,37,24,-1,-1,-1
838,84,604,82,23,17,-1,-1,-1
839,83,364,106,37,24,-1,-1,-1
839,84,605,81,23,17,-1,-1,-1
840,83,362,107,37,25,-1,-1,-1
840,84,607,79,23,16,-1,-1,-1
841,84,609,78,22,16,-1,-1,-1
841,85,423,83,35,25,-1,-1,-1
842,84,610,76,22,16,-1,-1,-1
842,85,417,83,35,27,-1,-1,-1
843,84,611,76,22,16,-1,-1,-1
843,85,416,84,35,27,-1,-1,-1
844,84,611,76,22,16,-1,-1,-1
844,85,414,83,36,28,-1,-1,-1
845,86,389,79,55,42,-1,-1,-1
846,86,382,81,54,41,-1,-1,-1
847,86,376,84,51,40,-1,-1,-1
848,86,367,88,46,38,-1,-1,-1
849,86,357,92,42,38,-1,-1,-1
850,86,346,96,41,38,-1,-1,-1
851,86,340,98,42,38,-1,-1,-1
852,86,336,99,44,38,-1,-1,-1
870,87,353,93,38,28,-1,-1,-1
871,87,345,95,40,28,-1,-1,-1
872,87,338,95,42,28,-1,-1,-1
873,87,328,97,45,29,-1,-1,-1
874,87,323,98,45,30,-1,-1,-1
875,87,319,99,46,30,-1,-1,-1
886,88,561,162,29,29,-1,-1,-1
887,88,565,158,28,28,-1,-1,-1
888,88,568,154,28,28,-1,-1,-1
889,88,572,149,28,28,-1,-1,-1
890,88,577,144,27,28,-1,-1,-1
890,92,550,124,25,26,-1,-1,-1
891,88,579,141,27,29,-1,-1,-1
891,87,327,101,37,31,-1,-1,-1
891,92,553,121,25,25,-1,-1,-1
892,88,581,139,26,28,-1,-1,-1
892,87,318,104,38,30,-1,-1,-1
892,92,556,119,25,25,-1,-1,-1
893,87,311,107,38,28,-1,-1,-1
893,90,593,123,26,25,-1,-1,-1
893,92,559,115,25,25,-1,-1,-1
894,87,300,111,38,26,-1,-1,-1
894,90,595,121,26,25,-1,-1,-1
894,92,563,111,25,24,-1,-1,-1
895,87,295,114,38,25,-1,-1,-1
895,90,597,118,26,24,-1,-1,-1
895,91,403,96,30,19,-1,-1,-1
895,92,568,108,25,23,-1,-1,-1
896,87,290,115,39,25,-1,-1,-1
896,90,600,115,25,24,-1,-1,-1
896,91,396,98,31,20,-1,-1,-1
896,92,572,105,24,23,-1,-1,-1
897,90,603,111,24,24,-1,-1,-1
897,91,391,100,33,20,-1,-1,-1
897,92,575,103,23,23,-1,-1,-1
898,90,606,108,24,24,-1,-1,-1
898,91,383,103,34,21,-1,-1,-1
898,92,578,101,23,23,-1,-1,-1
899,90,608,106,24,24,-1,-1,-1
899,91,375,105,36,21,-1,-1,-1
899,92,581,98,23,22,-1,-1,-1
900,90,608,105,24,24,-1,-1,-1
900,91,365,108,36,22,-1,-1,-1
900,92,584,96,23,20,-1,-1,-1
901,91,361,109,37,22,-1,-1,-1
901,92,587,94,22,19,-1,-1,-1
902,91,357,110,37,22,-1,-1,-1
902,92,588,93,22,19,-1,-1,-1
903,92,589,93,22,19,-1,-1,-1
903,93,622,89,28,25,-1,-1,-1
904,93,622,88,29,25,-1,-1,-1
905,93,623,87,29,25,-1,-1,-1
906,93,624,86,29,24,-1,-1,-1
906,94,579,105,23,20,-1,-1,-1
907,93,624,85,28,24,-1,-1,-1
907,94,580,104,22,20,-1,-1,-1
908,94,580,104,22,20,-1,-1,-1
945,95,356,92,27,23,-1,-1,-1
946,95,355,92,27,22,-1,-1,-1
947,95,355,92,26,22,-1,-1,-1
948,95,354,92,26,22,-1,-1,-1
952,96,570,154,25,22,-1,-1,-1
953,96,574,151,24,22,-1,-1,-1
953,97,622,85,40,34,-1,-1,-1
954,96,577,148,24,21,-1,-1,-1
954,97,621,84,41,32,-1,-1,-1
955,96,580,144,24,21,-1,-1,-1
955,97,621,83,41,31,-1,-1,-1
956,96,583,139,23,20,-1,-1,-1
956,97,623,83,38,29,-1,-1,-1
957,96,587,135,23,20,-1,-1,-1
957,97,625,82,34,27,-1,-1,-1
958,96,590,130,23,20,-1,-1,-1
958,97,628,81,31,25,-1,-1,-1
959,96,594,125,23,20,-1,-1,-1
959,97,630,79,29,24,-1,-1,-1
960,96,596,120,23,20,-1,-1,-1
960,97,632,78,28,23,-1,-1,-1
961,96,599,116,23,20,-1,-1,-1
961,97,634,77,27,22,-1,-1,-1
962,96,601,113,23,20,-1,-1,-1
962,97,635,77,27,22,-1,-1,-1
963,96,603,111,23,19,-1,-1,-1
963,97,635,77,28,23,-1,-1,-1
964,96,603,110,23,19,-1,-1,-1
964,97,635,76,28,24,-1,-1,-1
965,97,635,76,28,24,-1,-1,-1
966,97,636,75,28,23,-1,-1,-1
967,97,637,74,28,23,-1,-1,-1
968,97,637,73,28,22,-1,-1,-1
969,97,636,73,28,23,-1,-1,-1
973,96,590,118,34,31,-1,-1,-1
974,98,479,168,50,47,-1,-1,-1
974,96,592,116,33,28,-1,-1,-1
975,98,486,162,49,46,-1,-1,-1
975,96,594,115,32,26,-1,-1,-1
976,98,492,157,49,44,-1,-1,-1
976,96,598,112,31,25,-1,-1,-1
977,98,496,155,48,44,-1,-1,-1
977,96,601,110,30,24,-1,-1,-1
978,98,499,153,48,43,-1,-1,-1
978,96,604,108,29,23,-1,-1,-1
979,96,607,105,27,22,-1,-1,-1
980,96,610,103,25,21,-1,-1,-1
981,96,613,101,24,20,-1,-1,-1
981,100,599,123,22,18,-1,-1,-1
981,101,538,125,35,34,-1,-1,-1
982,96,615,99,23,19,-1,-1,-1
982,100,601,120,22,18,-1,-1,-1
982,101,542,122,34,33,-1,-1,-1
983,96,617,97,23,18,-1,-1,-1
983,100,603,117,22,17,-1,-1,-1
983,101,546,120,34,32,-1,-1,-1
984,96,619,95,23,18,-1,-1,-1
984,100,605,113,21,17,-1,-1,-1
984,101,551,117,33,30,-1,-1,-1
985,96,621,93,23,17,-1,-1,-1
985,100,606,112,21,17,-1,-1,-1
985,101,556,114,32,28,-1,-1,-1
986,96,622,91,23,17,-1,-1,-1
986,100,607,111,21,16,-1,-1,-1
986,101,562,110,29,27,-1,-1,-1
987,96,624,89,23,16,-1,-1,-1
987,101,567,107,27,25,-1,-1,-1
988,96,626,87,23,16,-1,-1,-1
988,101,571,104,25,24,-1,-1,-1
989,96,627,85,23,15,-1,-1,-1
989,101,574,102,24,23,-1,-1,-1
990,96,629,83,22,15,-1,-1,-1
990,101,578,100,23,22,-1,-1,-1
991,96,629,82,22,16,-1,-1,-1
991,101,581,98,23,21,-1,-1,-1
992,96,629,81,22,16,-1,-1,-1
992,101,584,96,22,20,-1,-1,-1
993,96,629,81,22,17,-1,-1,-1
993,101,587,94,22,20,-1,-1,-1
994,96,629,81,22,17,-1,-1,-1
994,101,589,93,22,20,-1,-1,-1
995,101,590,92,22,20,-1,-1,-1
998,102,549,102,24,19,-1,-1,-1
999,102,550,99,25,19,-1,-1,-1
1000,102,551,99,25,18,-1,-1,-1
1001,102,552,99,25,18,-1,-1,-1
1008,103,592,125,25,22,-1,-1,-1
1009,103,594,121,24,21,-1,-1,-1
1010,103,596,119,24,20,-1,-1,-1
1011,103,598,115,23,21,-1,-1,-1
1012,103,602,112,22,20,-1,-1,-1
1013,103,606,108,21,19,-1,-1,-1
1014,103,609,105,19,18,-1,-1,-1
1015,103,612,102,19,17,-1,-1,-1
1016,103,614,99,19,16,-1,-1,-1
1017,103,615,98,19,16,-1,-1,-1
1018,103,615,97,20,16,-1,-1,-1
1022,104,570,127,30,26,-1,-1,-1
1023,104,571,126,30,26,-1,-1,-1
1024,104,572,125,30,27,-1,-1,-1
1039,105,535,143,63,86,-1,-1,-1
1040,105,540,137,61,84,-1,-1,-1
1041,105,541,136,61,84,-1,-1,-1
1042,105,544,133,60,83,-1,-1,-1
1047,106,600,101,33,41,-1,-1,-1
1048,106,601,102,34,41,-1,-1,-1
1049,106,602,102,34,41,-1,-1,-1
1052,107,531,187,36,37,-1,-1,-1
1053,107,536,181,35,36,-1,-1,-1
1054,107,541,176,35,35,-1,-1,-1
1055,107,544,173,34,34,-1,-1,-1
1056,107,546,171,34,34,-1,-1,-1
1058,108,571,146,31,30,-1,-1,-1
1059,108,575,143,30,28,-1,-1,-1
1060,108,578,140,29,28,-1,-1,-1
1061,108,580,138,28,27,-1,-1,-1
1062,108,581,137,28,26,-1,-1,-1
1062,107,546,177,33,29,-1,-1,-1
1063,107,551,171,32,29,-1,-1,-1
1064,109,595,122,25,21,-1,-1,-1
1064,107,555,166,31,29,-1,-1,-1
1065,109,596,121,25,20,-1,-1,-1
1065,107,560,162,29,27,-1,-1,-1
1066,109,596,121,25,20,-1,-1,-1
1066,107,565,157,28,26,-1,-1,-1
1067,107,570,152,27,24,-1,-1,-1
1068,107,575,146,26,23,-1,-1,-1
1069,107,580,141,25,22,-1,-1,-1
1070,110,630,81,25,22,-1,-1,-1
1070,107,584,136,23,21,-1,-1,-1
1071,110,630,80,25,22,-1,-1,-1
1071,107,588,131,22,20,-1,-1,-1
1072,110,630,80,25,22,-1,-1,-1
1072,107,592,126,21,19,-1,-1,-1
1072,112,531,111,27,17,-1,-1,-1
1073,107,595,121,20,18,-1,-1,-1
1073,112,533,109,27,17,-1,-1,-1
1074,107,597,119,20,18,-1,-1,-1
1074,112,537,107,25,16,-1,-1,-1
1075,107,598,117,20,19,-1,-1,-1
1075,112,541,104,24,15,-1,-1,-1
1076,112,546,102,23,15,-1,-1,-1
1077,112,549,99,23,15,-1,-1,-1
1078,112,552,97,22,16,-1,-1,-1
1079,112,555,96,22,16,-1,-1,-1
1080,112,559,94,21,17,-1,-1,-1
1081,112,562,93,20,18,-1,-1,-1
1082,112,565,91,20,18,-1,-1,-1
1083,112,568,88,20,18,-1,-1,-1
1084,112,570,85,20,17,-1,-1,-1
1085,112,573,82,21,17,-1,-1,-1
1086,112,575,80,21,17,-1,-1,-1
1087,112,577,78,22,17,-1,-1,-1
1088,112,578,77,23,17,-1,-1,-1
1089,112,578,77,23,17,-1,-1,-1
1091,113,537,113,27,17,-1,-1,-1
1092,113,540,111,27,16,-1,-1,-1
1093,113,543,109,27,16,-1,-1,-1
1094,113,546,106,27,16,-1,-1,-1
1095,113,549,103,27,16,-1,-1,-1
1096,113,552,101,27,17,-1,-1,-1
1097,113,555,98,28,17,-1,-1,-1
1098,113,558,100,28,17,-1,-1,-1
1098,114,607,113,25,23,-1,-1,-1
1099,113,561,102,27,17,-1,-1,-1
1099,114,610,110,25,22,-1,-1,-1
1100,113,564,105,25,17,-1,-1,-1
1100,114,611,108,24,21,-1,-1,-1
1101,113,567,105,24,16,-1,-1,-1
1101,114,613,105,23,20,-1,-1,-1
1102,113,569,105,23,16,-1,-1,-1
1102,114,615,102,22,19,-1,-1,-1
1103,113,571,105,22,16,-1,-1,-1
1103,114,617,99,23,19,-1,-1,-1
1104,114,618,97,23,19,-1,-1,-1
1105,114,619,96,23,19,-1,-1,-1
1108,115,629,84,23,17,-1,-1,-1
1109,115,630,83,22,16,-1,-1,-1
1110,115,630,82,22,16,-1,-1,-1
1111,115,631,82,22,15,-1,-1,-1
1128,116,455,150,52,44,-1,-1,-1
1129,116,463,146,49,42,-1,-1,-1
1130,116,469,142,48,41,-1,-1,-1
1131,116,476,138,47,40,-1,-1,-1
1132,116,482,133,47,39,-1,-1,-1
1132,122,487,131,47,36,-1,-1,-1
1133,116,489,129,46,38,-1,-1,-1
1133,122,491,128,46,36,-1,-1,-1
1134,116,496,124,44,37,-1,-1,-1
1134,122,495,125,46,36,-1,-1,-1
1135,116,502,119,41,36,-1,-1,-1
1135,117,563,89,41,36,-1,-1,-1
1135,122,500,122,44,35,-1,-1,-1
1136,116,510,115,39,35,-1,-1,-1
1136,117,568,87,38,34,-1,-1,-1
1136,121,577,142,29,29,-1,-1,-1
1136,122,505,119,43,34,-1,-1,-1
1137,116,513,113,38,35,-1,-1,-1
1137,117,569,86,38,35,-1,-1,-1
1137,121,580,137,28,28,-1,-1,-1
1137,122,511,116,41,34,-1,-1,-1
1138,116,516,112,37,35,-1,-1,-1
1138,117,571,85,38,34,-1,-1,-1
1138,121,582,135,28,28,-1,-1,-1
1138,122,517,112,40,33,-1,-1,-1
1139,121,586,131,28,27,-1,-1,-1
1139,122,523,109,38,32,-1,-1,-1
1140,116,445,158,48,37,-1,-1,-1
1140,121,589,128,27,27,-1,-1,-1
1140,122,529,105,36,31,-1,-1,-1
1141,116,453,154,45,35,-1,-1,-1
1141,121,592,124,27,26,-1,-1,-1
1141,122,535,102,35,30,-1,-1,-1
1142,116,460,150,43,33,-1,-1,-1
1142,121,596,121,26,26,-1,-1,-1
1142,122,541,98,33,29,-1,-1,-1
1143,116,469,145,39,31,-1,-1,-1
1143,120,365,88,47,35,-1,-1,-1
1143,121,599,117,25,25,-1,-1,-1
1143,122,545,96,32,28,-1,-1,-1
1144,116,477,141,38,30,-1,-1,-1
1144,120,358,90,47,34,-1,-1,-1
1144,121,603,114,25,25,-1,-1,-1
1144,122,549,93,31,27,-1,-1,-1
1145,116,485,136,36,29,-1,-1,-1
1145,120,353,91,46,33,-1,-1,-1
1145,121,606,110,24,24,-1,-1,-1
1145,122,552,91,31,27,-1,-1,-1
1146,116,493,132,35,27,-1,-1,-1
1146,119,463,166,48,51,-1,-1,-1
1146,120,347,93,44,33,-1,-1,-1
1146,121,610,106,23,24,-1,-1,-1
1146,122,557,89,30,26,-1,-1,-1
1147,116,499,128,34,26,-1,-1,-1
1147,119,469,163,47,50,-1,-1,-1
1147,120,341,94,42,33,-1,-1,-1
1147,121,613,103,23,23,-1,-1,-1
1147,122,561,88,27,25,-1,-1,-1
1148,116,505,125,33,26,-1,-1,-1
1148,119,475,159,45,50,-1,-1,-1
1148,120,334,97,41,33,-1,-1,-1
1148,121,616,100,22,23,-1,-1,-1
1148,122,565,86,25,24,-1,-1,-1
1149,116,512,121,32,25,-1,-1,-1
1149,119,477,158,45,50,-1,-1,-1
1149,120,330,98,41,33,-1,-1,-1
1149,121,619,97,22,22,-1,-1,-1
1149,122,569,84,24,22,-1,-1,-1
1150,116,519,118,31,25,-1,-1,-1
1150,119,480,156,44,50,-1,-1,-1
1150,120,328,99,42,32,-1,-1,-1
1150,121,621,95,22,21,-1,-1,-1
1150,122,572,83,23,21,-1,-1,-1
1151,116,525,114,29,25,-1,-1,-1
1151,121,623,94,21,20,-1,-1,-1
1151,122,575,81,23,20,-1,-1,-1
1152,116,531,112,28,24,-1,-1,-1
1152,121,624,93,21,20,-1,-1,-1
1152,122,577,79,23,20,-1,-1,-1
1153,116,534,111,28,24,-1,-1,-1
1153,122,580,77,23,20,-1,-1,-1
1154,116,535,110,27,24,-1,-1,-1
1154,122,582,75,23,20,-1,-1,-1
1155,122,584,73,23,20,-1,-1,-1
1155,123,547,103,25,22,-1,-1,-1
1155,116,506,125,28,25,-1,-1,-1
1155,126,533,139,28,28,-1,-1,-1
1156,122,586,71,23,20,-1,-1,-1
1156,123,551,101,24,21,-1,-1,-1
1156,116,511,123,27,24,-1,-1,-1
1156,126,536,137,28,27,-1,-1,-1
1157,122,588,70,23,20,-1,-1,-1
1157,123,553,99,24,20,-1,-1,-1
1157,116,515,120,27,24,-1,-1,-1
1157,126,539,134,28,27,-1,-1,-1
1158,122,589,69,24,20,-1,-1,-1
1158,123,557,97,24,20,-1,-1,-1
1158,116,521,116,26,23,-1,-1,-1
1158,126,544,131,27,26,-1,-1,-1
1159,122,590,68,24,20,-1,-1,-1
1159,123,560,96,24,20,-1,-1,-1
1159,116,526,113,26,24,-1,-1,-1
1159,126,548,128,27,27,-1,-1,-1
1160,122,591,68,24,20,-1,-1,-1
1160,123,563,94,23,20,-1,-1,-1
1160,116,530,110,26,23,-1,-1,-1
1160,126,553,123,26,27,-1,-1,-1
1161,123,565,94,23,20,-1,-1,-1
1161,116,534,108,26,23,-1,-1,-1
1161,125,477,178,42,36,-1,-1,-1
1161,126,559,118,25,27,-1,-1,-1
1162,123,566,94,23,21,-1,-1,-1
1162,116,539,105,25,23,-1,-1,-1
1162,125,484,173,40,35,-1,-1,-1
1162,126,563,114,25,27,-1,-1,-1
1163,116,544,102,25,22,-1,-1,-1
1163,125,491,169,38,34,-1,-1,-1
1163,126,566,113,25,27,-1,-1,-1
1164,116,548,100,24,21,-1,-1,-1
1164,125,499,163,37,32,-1,-1,-1
1164,126,567,111,25,27,-1,-1,-1
1165,116,552,98,24,21,-1,-1,-1
1165,125,503,160,36,30,-1,-1,-1
1166,116,556,95,24,20,-1,-1,-1
1166,125,506,159,36,30,-1,-1,-1
1167,116,560,93,24,20,-1,-1,-1
1168,116,563,91,24,21,-1,-1,-1
1168,130,534,139,31,22,-1,-1,-1
1169,116,567,89,25,21,-1,-1,-1
1169,130,539,135,29,22,-1,-1,-1
1170,116,570,87,25,21,-1,-1,-1
1170,127,581,94,26,23,-1,-1,-1
1170,130,542,133,28,22,-1,-1,-1
1171,116,573,85,25,21,-1,-1,-1
1171,127,581,93,26,22,-1,-1,-1
1171,128,561,162,30,24,-1,-1,-1
1171,130,546,129,27,22,-1,-1,-1
1172,116,575,83,25,20,-1,-1,-1
1172,127,582,93,25,22,-1,-1,-1
1172,128,563,160,29,24,-1,-1,-1
1172,130,550,126,26,21,-1,-1,-1
1173,116,576,81,24,18,-1,-1,-1
1173,128,563,159,29,24,-1,-1,-1
1173,130,555,122,24,20,-1,-1,-1
1174,116,578,80,24,17,-1,-1,-1
1174,129,507,127,31,22,-1,-1,-1
1174,130,559,118,23,19,-1,-1,-1
1175,116,579,79,23,17,-1,-1,-1
1175,129,512,124,30,22,-1,-1,-1
1175,130,563,114,23,18,-1,-1,-1
1176,116,580,79,23,17,-1,-1,-1
1176,129,516,121,29,21,-1,-1,-1
1176,130,567,111,22,17,-1,-1,-1
1177,116,580,78,23,17,-1,-1,-1
1177,129,522,118,28,20,-1,-1,-1
1177,130,571,108,22,17,-1,-1,-1
1178,129,526,115,27,20,-1,-1,-1
1178,130,574,106,22,16,-1,-1,-1
1179,129,530,113,26,20,-1,-1,-1
1179,130,577,103,22,16,-1,-1,-1
1180,129,535,111,25,19,-1,-1,-1
1180,130,579,102,21,16,-1,-1,-1
1181,129,537,109,25,19,-1,-1,-1
1181,130,582,99,21,15,-1,-1,-1
1182,129,539,108,24,19,-1,-1,-1
1182,130,585,97,21,15,-1,-1,-1
1183,130,588,95,21,14,-1,-1,-1
1183,131,607,110,21,14,-1,-1,-1
1183,132,554,98,25,15,-1,-1,-1
1184,130,591,94,21,14,-1,-1,-1
1184,131,608,108,21,14,-1,-1,-1
1184,132,555,97,25,15,-1,-1,-1
1185,130,592,93,22,14,-1,-1,-1
1185,131,608,108,21,14,-1,-1,-1
1185,132,556,97,25,15,-1,-1,-1
1186,130,593,93,22,14,-1,-1,-1
1186,131,609,107,21,14,-1,-1,-1
1214,133,605,107,26,22,-1,-1,-1
1215,133,607,106,25,21,-1,-1,-1
1216,133,608,105,24,20,-1,-1,-1
1217,133,609,105,24,20,-1,-1,-1
1218,133,610,105,24,19,-1,-1,-1
1235,134,353,97,26,19,-1,-1,-1
1236,134,353,97,26,19,-1,-1,-1
1237,134,353,97,26,19,-1,-1,-1
1238,134,353,97,26,20,-1,-1,-1
1239,134,353,97,26,20,-1,-1,-1
1240,134,353,97,26,20,-1,-1,-1
1244,134,351,96,29,20,-1,-1,-1
1245,134,351,96,28,19,-1,-1,-1
1246,134,351,96,27,19,-1,-1,-1
1247,134,352,96,27,19,-1,-1,-1
1248,134,353,96,26,19,-1,-1,-1
1249,136,558,120,21,20,-1,-1,-1
1250,136,560,118,22,21,-1,-1,-1
1251,136,561,116,22,21,-1,-1,-1
1252,136,563,113,24,21,-1,-1,-1
1253,136,566,109,24,22,-1,-1,-1
1254,136,567,107,25,22,-1,-1,-1
1255,136,569,106,24,22,-1,-1,-1
1256,144,539,187,34,31,-1,-1,-1
1257,144,544,182,33,29,-1,-1,-1
1258,144,548,177,33,28,-1,-1,-1
1259,138,524,120,26,20,-1,-1,-1
1259,144,554,171,31,27,-1,-1,-1
1260,138,528,117,26,20,-1,-1,-1
1260,144,559,164,30,26,-1,-1,-1
1261,138,531,115,26,20,-1,-1,-1
1261,144,565,158,29,26,-1,-1,-1
1262,138,534,112,27,20,-1,-1,-1
1262,144,571,152,28,25,-1,-1,-1
1263,136,507,153,34,29,-1,-1,-1
1263,138,538,109,27,20,-1,-1,-1
1263,144,575,146,27,24,-1,-1,-1
1264,136,513,149,33,28,-1,-1,-1
1264,138,544,106,26,20,-1,-1,-1
1264,144,580,141,26,23,-1,-1,-1
1265,136,517,146,33,27,-1,-1,-1
1265,138,549,103,25,19,-1,-1,-1
1265,144,585,136,25,22,-1,-1,-1
1266,136,523,142,32,27,-1,-1,-1
1266,138,553,100,24,19,-1,-1,-1
1266,144,589,132,24,21,-1,-1,-1
1267,136,528,138,31,26,-1,-1,-1
1267,138,558,98,22,18,-1,-1,-1
1267,144,593,128,23,20,-1,-1,-1
1268,136,533,134,30,25,-1,-1,-1
1268,138,562,95,21,17,-1,-1,-1
1268,144,596,124,22,19,-1,-1,-1
1269,136,538,130,29,25,-1,-1,-1
1269,138,565,93,20,16,-1,-1,-1
1269,144,599,119,22,19,-1,-1,-1
1270,136,543,126,28,24,-1,-1,-1
1270,138,568,91,20,16,-1,-1,-1
1270,144,602,115,22,19,-1,-1,-1
1271,136,548,122,27,24,-1,-1,-1
1271,138,570,89,20,16,-1,-1,-1
1271,144,604,112,21,18,-1,-1,-1
1272,136,553,118,26,23,-1,-1,-1
1272,138,572,87,20,16,-1,-1,-1
1272,144,606,110,21,17,-1,-1,-1
1273,136,558,114,25,22,-1,-1,-1
1273,138,574,85,20,16,-1,-1,-1
1273,144,609,107,21,17,-1,-1,-1
1274,136,562,111,24,22,-1,-1,-1
1274,138,576,83,21,16,-1,-1,-1
1274,144,611,104,21,17,-1,-1,-1
1275,136,566,108,23,21,-1,-1,-1
1275,138,579,81,20,15,-1,-1,-1
1275,144,614,101,21,17,-1,-1,-1
1276,136,570,106,22,20,-1,-1,-1
1276,138,581,80,20,15,-1,-1,-1
1276,144,616,98,21,17,-1,-1,-1
1277,136,573,104,21,19,-1,-1,-1
1277,138,583,79,19,15,-1,-1,-1
1277,144,618,96,21,17,-1,-1,-1
1278,136,575,104,21,19,-1,-1,-1
1278,138,584,78,19,14,-1,-1,-1
1278,144,620,94,21,17,-1,-1,-1
1279,136,576,103,20,18,-1,-1,-1
1279,138,585,78,18,14,-1,-1,-1
1279,144,623,91,22,17,-1,-1,-1
1280,140,542,182,36,38,-1,-1,-1
1280,144,625,89,23,17,-1,-1,-1
1281,140,546,177,36,36,-1,-1,-1
1281,144,626,87,24,18,-1,-1,-1
1282,140,551,172,35,36,-1,-1,-1
1282,144,627,85,25,19,-1,-1,-1
1283,140,557,165,34,35,-1,-1,-1
1283,144,628,84,25,19,-1,-1,-1
1284,140,563,159,32,34,-1,-1,-1
1284,144,628,83,25,19,-1,-1,-1
1285,139,595,83,21,18,-1,-1,-1
1285,140,569,152,31,33,-1,-1,-1
1285,144,629,83,25,20,-1,-1,-1
1286,139,597,82,20,17,-1,-1,-1
1286,140,574,147,29,31,-1,-1,-1
1286,144,629,83,25,20,-1,-1,-1
1287,139,598,81,19,17,-1,-1,-1
1287,140,579,141,28,30,-1,-1,-1
1287,144,629,82,25,20,-1,-1,-1
1288,139,601,80,19,17,-1,-1,-1
1288,140,583,136,27,29,-1,-1,-1
1288,144,629,82,25,20,-1,-1,-1
1289,139,603,78,18,17,-1,-1,-1
1289,140,588,131,28,29,-1,-1,-1
1289,144,629,82,25,20,-1,-1,-1
1290,139,605,77,18,17,-1,-1,-1
1290,140,592,127,27,28,-1,-1,-1
1290,144,629,81,25,20,-1,-1,-1
1291,139,605,76,18,17,-1,-1,-1
1291,140,595,123,27,27,-1,-1,-1
1291,144,629,81,25,20,-1,-1,-1
1292,139,606,76,18,17,-1,-1,-1
1292,140,598,120,25,26,-1,-1,-1
1292,141,419,156,113,93,-1,-1,-1
1292,144,629,81,25,20,-1,-1,-1
1293,140,601,116,25,25,-1,-1,-1
1293,141,423,153,111,92,-1,-1,-1
1293,144,629,81,25,20,-1,-1,-1
1294,140,604,113,25,25,-1,-1,-1
1294,141,424,153,111,91,-1,-1,-1
1294,144,629,80,25,20,-1,-1,-1
1295,140,606,109,25,26,-1,-1,-1
1295,144,629,80,25,20,-1,-1,-1
1296,140,608,105,25,26,-1,-1,-1
1296,144,630,80,25,20,-1,-1,-1
1297,140,611,101,25,26,-1,-1,-1
1297,142,340,101,37,26,-1,-1,-1
1297,144,630,79,25,20,-1,-1,-1
1298,140,612,99,25,26,-1,-1,-1
1298,142,331,104,37,25,-1,-1,-1
1298,143,504,122,62,58,-1,-1,-1
1298,144,630,79,25,20,-1,-1,-1
1299,140,612,98,25,26,-1,-1,-1
1299,142,325,106,38,26,-1,-1,-1
1299,143,505,121,62,59,-1,-1,-1
1299,144,630,79,25,20,-1,-1,-1
1300,142,315,110,38,26,-1,-1,-1
1300,143,507,120,61,59,-1,-1,-1
1300,144,630,79,25,20,-1,-1,-1
1301,142,304,113,38,25,-1,-1,-1
1301,144,630,78,25,20,-1,-1,-1
1302,142,292,117,38,26,-1,-1,-1
1302,144,630,78,25,20,-1,-1,-1
1303,142,279,120,39,26,-1,-1,-1
1303,144,630,78,25,20,-1,-1,-1
1304,142,273,122,40,27,-1,-1,-1
1304,144,630,78,25,20,-1,-1,-1
1305,142,267,123,42,27,-1,-1,-1
1305,144,630,77,25,20,-1,-1,-1
1306,144,630,77,25,20,-1,-1,-1
1307,144,631,77,25,20,-1,-1,-1
1308,144,631,77,24,20,-1,-1,-1
1309,144,631,77,23,19,-1,-1,-1
1310,144,632,77,23,18,-1,-1,-1
1311,144,633,77,22,17,-1,-1,-1
1312,144,634,76,21,16,-1,-1,-1
1313,144,635,76,21,16,-1,-1,-1
1314,144,635,76,21,16,-1,-1,-1
1323,145,564,161,33,33,-1,-1,-1
1324,145,567,157,32,31,-1,-1,-1
1325,145,571,152,32,30,-1,-1,-1
1326,145,575,147,31,30,-1,-1,-1
1327,145,580,142,30,29,-1,-1,-1
1328,145,584,137,30,28,-1,-1,-1
1329,145,588,132,29,27,-1,-1,-1
1330,145,591,128,28,27,-1,-1,-1
1331,145,595,124,28,26,-1,-1,-1
1332,145,597,123,28,25,-1,-1,-1
1332,146,569,152,29,27,-1,-1,-1
1333,145,598,122,27,25,-1,-1,-1
1333,146,572,147,29,27,-1,-1,-1
1334,146,575,144,30,26,-1,-1,-1
1335,146,579,140,30,26,-1,-1,-1
1336,146,583,135,30,25,-1,-1,-1
1337,146,585,133,30,25,-1,-1,-1
1338,146,587,130,30,26,-1,-1,-1
1340,147,361,93,41,24,-1,-1,-1
1341,147,359,94,40,24,-1,-1,-1
1342,147,358,94,40,25,-1,-1,-1
1342,146,584,137,27,25,-1,-1,-1
1343,146,588,134,26,23,-1,-1,-1
1344,146,590,131,26,22,-1,-1,-1
1345,146,592,129,25,22,-1,-1,-1
1346,146,593,128,25,22,-1,-1,-1
1347,149,620,88,30,23,-1,-1,-1
1348,149,622,87,29,22,-1,-1,-1
1349,149,624,86,29,22,-1,-1,-1
1349,147,440,74,33,26,-1,-1,-1
1350,149,626,84,28,22,-1,-1,-1
1350,147,434,75,34,26,-1,-1,-1
1351,149,627,82,28,23,-1,-1,-1
1351,147,430,76,34,27,-1,-1,-1
1352,149,628,80,29,23,-1,-1,-1
1352,147,423,77,35,27,-1,-1,-1
1353,149,630,79,29,23,-1,-1,-1
1353,147,416,79,37,28,-1,-1,-1
1354,149,631,77,28,22,-1,-1,-1
1354,147,408,81,38,29,-1,-1,-1
1355,149,632,76,27,20,-1,-1,-1
1355,147,400,83,40,30,-1,-1,-1
1356,149,633,76,27,19,-1,-1,-1
1356,147,392,85,41,30,-1,-1,-1
1357,149,633,75,26,18,-1,-1,-1
1357,147,384,87,43,31,-1,-1,-1
1357,146,586,136,26,29,-1,-1,-1
1358,149,634,74,25,18,-1,-1,-1
1358,147,376,89,44,32,-1,-1,-1
1358,146,589,133,26,28,-1,-1,-1
1359,149,635,72,25,18,-1,-1,-1
1359,147,368,92,43,33,-1,-1,-1
1359,146,591,130,25,27,-1,-1,-1
1360,149,636,70,25,19,-1,-1,-1
1360,147,359,94,41,34,-1,-1,-1
1360,146,594,127,25,25,-1,-1,-1
1361,149,637,70,25,19,-1,-1,-1
1361,147,350,96,39,34,-1,-1,-1
1361,146,596,124,24,24,-1,-1,-1
1362,149,637,69,25,19,-1,-1,-1
1362,147,345,98,38,34,-1,-1,-1
1362,146,599,120,24,23,-1,-1,-1
1363,147,342,99,38,34,-1,-1,-1
1363,151,403,86,33,31,-1,-1,-1
1363,146,602,116,23,22,-1,-1,-1
1363,153,548,176,34,37,-1,-1,-1
1364,151,396,86,34,34,-1,-1,-1
1364,146,603,114,23,22,-1,-1,-1
1364,153,553,170,33,37,-1,-1,-1
1365,151,390,87,34,33,-1,-1,-1
1365,146,604,113,23,22,-1,-1,-1
1365,153,557,165,33,36,-1,-1,-1
1366,151,382,89,34,33,-1,-1,-1
1366,153,562,159,32,35,-1,-1,-1
1367,151,378,90,33,32,-1,-1,-1
1367,153,566,152,32,35,-1,-1,-1
1367,154,613,102,21,19,-1,-1,-1
1368,151,375,91,34,32,-1,-1,-1
1368,153,571,146,32,34,-1,-1,-1
1368,154,615,101,20,18,-1,-1,-1
1369,153,577,141,31,33,-1,-1,-1
1369,154,615,99,20,18,-1,-1,-1
1370,153,581,137,30,31,-1,-1,-1
1370,154,616,97,20,18,-1,-1,-1
1371,153,586,132,30,30,-1,-1,-1
1371,154,617,96,20,18,-1,-1,-1
1372,153,589,128,29,28,-1,-1,-1
1372,154,618,95,20,17,-1,-1,-1
1373,153,592,125,29,27,-1,-1,-1
1373,154,617,95,20,17,-1,-1,-1
1374,153,595,122,28,25,-1,-1,-1
1374,154,617,96,21,17,-1,-1,-1
1375,153,599,119,27,25,-1,-1,-1
1375,154,617,96,21,17,-1,-1,-1
1376,153,603,115,26,24,-1,-1,-1
1376,154,616,97,22,17,-1,-1,-1
1377,153,604,112,26,24,-1,-1,-1
1377,154,616,98,22,17,-1,-1,-1
1378,153,605,111,26,23,-1,-1,-1
1378,154,615,99,23,17,-1,-1,-1
1379,154,615,99,23,18,-1,-1,-1
1380,154,615,99,23,18,-1,-1,-1
1381,154,616,99,23,19,-1,-1,-1
1382,154,616,98,23,20,-1,-1,-1
1383,154,616,98,22,19,-1,-1,-1
1385,155,578,101,21,15,-1,-1,-1
1386,155,580,100,22,15,-1,-1,-1
1386,156,528,188,38,37,-1,-1,-1
1387,155,580,99,23,15,-1,-1,-1
1387,156,535,181,35,36,-1,-1,-1
1388,155,581,98,23,15,-1,-1,-1
1388,156,540,175,34,36,-1,-1,-1
1389,156,547,168,33,34,-1,-1,-1
1390,156,553,162,31,32,-1,-1,-1
1391,156,560,156,29,30,-1,-1,-1
1392,156,565,150,29,29,-1,-1,-1
1393,156,570,145,29,29,-1,-1,-1
1393,157,355,88,28,26,-1,-1,-1
1394,156,574,139,29,28,-1,-1,-1
1394,157,355,87,29,26,-1,-1,-1
1395,156,579,134,29,27,-1,-1,-1
1395,157,355,87,29,26,-1,-1,-1
1396,156,583,129,29,27,-1,-1,-1
1396,157,355,87,29,26,-1,-1,-1
1397,156,587,125,28,26,-1,-1,-1
1397,157,355,88,29,26,-1,-1,-1
1398,156,591,121,28,25,-1,-1,-1
1398,157,354,88,29,25,-1,-1,-1
1399,156,595,117,27,23,-1,-1,-1
1399,157,353,89,28,25,-1,-1,-1
1400,156,598,113,27,23,-1,-1,-1
1400,157,353,90,28,25,-1,-1,-1
1401,156,600,110,27,22,-1,-1,-1
1401,157,353,90,28,24,-1,-1,-1
1402,156,603,106,26,21,-1,-1,-1
1402,157,353,90,28,24,-1,-1,-1
1403,156,606,103,24,21,-1,-1,-1
1403,157,353,90,28,24,-1,-1,-1
1403,158,586,137,23,24,-1,-1,-1
1404,156,607,102,23,20,-1,-1,-1
1404,157,353,90,28,24,-1,-1,-1
1404,158,589,133,22,23,-1,-1,-1
1405,156,608,101,23,20,-1,-1,-1
1405,157,354,89,28,24,-1,-1,-1
1405,158,591,130,22,22,-1,-1,-1
1406,157,355,89,27,24,-1,-1,-1
1406,158,593,127,23,21,-1,-1,-1
1407,157,356,89,27,23,-1,-1,-1
1407,158,595,123,24,21,-1,-1,-1
1408,157,356,89,26,23,-1,-1,-1
1408,158,598,119,23,21,-1,-1,-1
1409,157,356,89,26,22,-1,-1,-1
1409,158,601,115,23,21,-1,-1,-1
1410,157,357,90,26,22,-1,-1,-1
1410,158,604,112,22,20,-1,-1,-1
1411,157,358,90,25,22,-1,-1,-1
1411,158,607,109,22,20,-1,-1,-1
1412,157,358,90,26,22,-1,-1,-1
1412,158,610,106,21,19,-1,-1,-1
1413,157,358,90,26,22,-1,-1,-1
1413,158,613,102,20,18,-1,-1,-1
1414,157,358,90,27,23,-1,-1,-1
1414,158,616,99,20,18,-1,-1,-1
1415,157,358,90,29,23,-1,-1,-1
1415,158,618,96,21,19,-1,-1,-1
1416,157,358,90,30,23,-1,-1,-1
1416,158,620,93,22,19,-1,-1,-1
1417,157,358,90,31,23,-1,-1,-1
1417,158,621,92,22,19,-1,-1,-1
1418,157,359,90,31,23,-1,-1,-1
1418,158,621,91,22,19,-1,-1,-1
1426,159,371,106,35,22,-1,-1,-1
1427,159,368,107,36,22,-1,-1,-1
1427,160,542,107,23,19,-1,-1,-1
1428,159,367,107,36,22,-1,-1,-1
1428,160,546,104,23,19,-1,-1,-1
1429,160,549,102,22,19,-1,-1,-1
1430,160,552,100,21,19,-1,-1,-1
1431,160,554,99,21,19,-1,-1,-1
1432,160,555,98,21,19,-1,-1,-1
1435,160,543,112,23,17,-1,-1,-1
1435,163,488,138,31,26,-1,-1,-1
1436,160,546,110,23,17,-1,-1,-1
1436,162,575,83,20,20,-1,-1,-1
1436,163,494,134,31,25,-1,-1,-1
1437,160,549,108,22,17,-1,-1,-1
1437,162,577,82,20,19,-1,-1,-1
1437,163,499,131,30,24,-1,-1,-1
1438,160,553,105,21,17,-1,-1,-1
1438,162,579,82,20,19,-1,-1,-1
1438,163,506,127,30,23,-1,-1,-1
1439,160,557,102,20,16,-1,-1,-1
1439,162,580,81,21,18,-1,-1,-1
1439,163,513,123,29,22,-1,-1,-1
1440,160,560,100,21,16,-1,-1,-1
1440,162,581,80,21,18,-1,-1,-1
1440,163,519,120,27,21,-1,-1,-1
1441,160,564,97,21,16,-1,-1,-1
1441,162,582,80,21,18,-1,-1,-1
1441,163,526,115,26,20,-1,-1,-1
1442,160,565,96,21,15,-1,-1,-1
1442,163,532,112,25,19,-1,-1,-1
1443,160,566,95,21,15,-1,-1,-1
1443,163,538,108,24,18,-1,-1,-1
1444,163,543,105,24,18,-1,-1,-1
1445,163,545,103,23,18,-1,-1,-1
1446,163,547,102,23,18,-1,-1,-1
1448,160,567,96,22,19,-1,-1,-1
1449,160,568,95,22,19,-1,-1,-1
1449,162,541,106,29,23,-1,-1,-1
1450,160,568,95,22,19,-1,-1,-1
1450,162,545,104,28,23,-1,-1,-1
1451,162,548,102,28,23,-1,-1,-1
1452,162,553,99,29,24,-1,-1,-1
1453,162,557,96,29,24,-1,-1,-1
1454,162,560,94,30,23,-1,-1,-1
1455,162,563,92,31,22,-1,-1,-1
1456,162,566,90,31,22,-1,-1,-1
1457,165,355,95,24,20,-1,-1,-1
1457,162,570,87,31,22,-1,-1,-1
1458,165,355,95,24,20,-1,-1,-1
1458,162,573,85,30,21,-1,-1,-1
1459,165,355,95,24,20,-1,-1,-1
1459,162,576,82,29,21,-1,-1,-1
1460,162,577,81,28,21,-1,-1,-1
1461,162,578,80,28,21,-1,-1,-1
1466,167,601,110,25,23,-1,-1,-1
1467,167,602,109,25,23,-1,-1,-1
1468,167,603,109,25,23,-1,-1,-1
1511,168,570,109,23,18,-1,-1,-1
1512,168,572,107,22,18,-1,-1,-1
1513,168,575,105,22,18,-1,-1,-1
1514,168,578,103,22,17,-1,-1,-1
1515,168,580,101,22,17,-1,-1,-1
1516,168,582,98,21,16,-1,-1,-1
1517,168,584,97,21,16,-1,-1,-1
1517,170,608,111,24,21,-1,-1,-1
1518,168,584,96,21,16,-1,-1,-1
1518,169,566,161,31,27,-1,-1,-1
1518,170,607,108,25,22,-1,-1,-1
1519,169,569,157,31,27,-1,-1,-1
1519,170,607,106,26,22,-1,-1,-1
1520,169,572,153,31,27,-1,-1,-1
1520,170,609,104,27,22,-1,-1,-1
1521,169,576,148,31,26,-1,-1,-1
1521,170,611,102,27,21,-1,-1,-1
1522,169,580,143,30,26,-1,-1,-1
1522,170,614,100,26,21,-1,-1,-1
1523,169,584,138,29,25,-1,-1,-1
1523,170,616,97,25,20,-1,-1,-1
1524,169,587,134,28,23,-1,-1,-1
1524,170,618,95,24,19,-1,-1,-1
1525,169,590,129,29,23,-1,-1,-1
1525,170,619,93,24,19,-1,-1,-1
1526,169,592,127,29,22,-1,-1,-1
1526,170,619,92,24,19,-1,-1,-1
1527,169,593,126,30,23,-1,-1,-1
1527,170,619,91,25,20,-1,-1,-1
1529,171,608,110,27,22,-1,-1,-1
1529,172,548,103,28,18,-1,-1,-1
1530,171,608,109,27,22,-1,-1,-1
1530,172,551,101,27,17,-1,-1,-1
1530,173,612,77,25,17,-1,-1,-1
1531,171,608,109,27,21,-1,-1,-1
1531,172,552,100,27,17,-1,-1,-1
1531,173,612,77,25,17,-1,-1,-1
1532,172,554,99,26,17,-1,-1,-1
1532,173,612,77,25,17,-1,-1,-1
1536,170,621,93,25,15,-1,-1,-1
1537,170,622,92,24,15,-1,-1,-1
1538,170,622,92,24,14,-1,-1,-1
1539,170,622,91,24,15,-1,-1,-1
1543,175,630,81,23,16,-1,-1,-1
1544,175,630,80,22,16,-1,-1,-1
1545,175,630,79,22,17,-1,-1,-1
1546,175,630,78,22,17,-1,-1,-1
1547,175,630,77,22,18,-1,-1,-1
1602,176,563,160,35,31,-1,-1,-1
1603,176,567,155,34,29,-1,-1,-1
1603,177,605,107,27,23,-1,-1,-1
1604,176,571,151,34,28,-1,-1,-1
1604,177,607,107,26,21,-1,-1,-1
1605,176,576,147,32,27,-1,-1,-1
1605,177,609,105,25,20,-1,-1,-1
1606,176,580,142,31,26,-1,-1,-1
1606,177,611,104,24,19,-1,-1,-1
1607,176,585,137,30,25,-1,-1,-1
1607,177,613,102,23,18,-1,-1,-1
1608,176,589,133,30,25,-1,-1,-1
1608,177,615,100,22,18,-1,-1,-1
1609,176,592,128,29,24,-1,-1,-1
1609,177,617,97,22,18,-1,-1,-1
1610,176,595,124,29,23,-1,-1,-1
1610,177,619,94,23,18,-1,-1,-1
1611,176,597,122,28,23,-1,-1,-1
1611,177,619,91,24,18,-1,-1,-1
1612,176,598,121,29,22,-1,-1,-1
1612,177,619,88,26,20,-1,-1,-1
1613,177,620,86,26,21,-1,-1,-1
1614,177,621,84,27,21,-1,-1,-1
1614,182,436,74,32,21,-1,-1,-1
1615,177,621,83,26,22,-1,-1,-1
1615,182,432,74,33,21,-1,-1,-1
1616,177,622,83,26,21,-1,-1,-1
1616,182,427,74,35,22,-1,-1,-1
1617,176,590,135,26,26,-1,-1,-1
1617,182,420,74,38,24,-1,-1,-1
1618,176,592,132,26,25,-1,-1,-1
1618,182,412,74,43,26,-1,-1,-1
1619,176,593,129,27,24,-1,-1,-1
1619,182,405,75,48,28,-1,-1,-1
1620,176,595,125,28,24,-1,-1,-1
1620,182,398,76,51,29,-1,-1,-1
1621,176,596,121,28,24,-1,-1,-1
1621,182,391,78,53,30,-1,-1,-1
1622,176,599,117,28,24,-1,-1,-1
1622,182,383,80,54,30,-1,-1,-1
1623,176,602,113,27,24,-1,-1,-1
1623,182,375,83,53,30,-1,-1,-1
1624,176,605,110,28,23,-1,-1,-1
1624,182,366,86,52,30,-1,-1,-1
1625,176,608,108,28,22,-1,-1,-1
1625,182,357,89,50,30,-1,-1,-1
1626,176,611,105,27,21,-1,-1,-1
1626,182,347,93,49,29,-1,-1,-1
1627,176,613,103,26,20,-1,-1,-1
1627,182,337,96,48,28,-1,-1,-1
1628,176,614,101,25,20,-1,-1,-1
1628,182,326,100,48,28,-1,-1,-1
1629,176,614,100,24,19,-1,-1,-1
1629,179,592,128,26,23,-1,-1,-1
1629,182,314,104,48,27,-1,-1,-1
1630,179,593,127,25,23,-1,-1,-1
1630,182,302,109,46,27,-1,-1,-1
1631,179,594,126,25,23,-1,-1,-1
1631,182,289,114,45,26,-1,-1,-1
1632,182,274,118,45,27,-1,-1,-1
1633,180,357,95,23,19,-1,-1,-1
1633,182,258,122,46,28,-1,-1,-1
1634,180,357,95,24,21,-1,-1,-1
1634,181,630,77,26,18,-1,-1,-1
1634,182,242,127,47,28,-1,-1,-1
1635,180,357,94,24,22,-1,-1,-1
1635,181,629,76,26,18,-1,-1,-1
1635,182,228,131,47,28,-1,-1,-1
1636,180,357,94,24,23,-1,-1,-1
1636,181,629,76,26,18,-1,-1,-1
1636,182,217,134,47,28,-1,-1,-1
1637,180,357,93,24,23,-1,-1,-1
1637,181,629,76,26,18,-1,-1,-1
1637,182,210,136,47,28,-1,-1,-1
1638,180,357,93,24,24,-1,-1,-1
1638,181,629,76,26,18,-1,-1,-1
1638,182,207,136,47,28,-1,-1,-1
1639,180,357,93,24,24,-1,-1,-1
1639,181,629,76,26,18,-1,-1,-1
1639,182,205,137,47,28,-1,-1,-1
1640,180,357,93,24,24,-1,-1,-1
1640,181,629,76,26,18,-1,-1,-1
1640,182,204,137,47,28,-1,-1,-1
1641,180,357,93,24,25,-1,-1,-1
1641,181,629,76,26,18,-1,-1,-1
1641,182,203,137,47,28,-1,-1,-1
1642,180,357,93,24,25,-1,-1,-1
1642,181,629,76,26,18,-1,-1,-1
1642,182,203,137,47,28,-1,-1,-1
1643,180,357,93,24,25,-1,-1,-1
1643,181,629,76,26,18,-1,-1,-1
1643,182,203,137,47,28,-1,-1,-1
1644,180,357,93,24,25,-1,-1,-1
1644,181,629,76,26,18,-1,-1,-1
1644,182,203,137,47,28,-1,-1,-1
1645,180,357,93,24,25,-1,-1,-1
1645,181,629,76,26,18,-1,-1,-1
1645,182,203,137,47,28,-1,-1,-1
1646,180,357,93,24,24,-1,-1,-1
1646,181,629,76,26,18,-1,-1,-1
1646,182,203,137,47,28,-1,-1,-1
1647,180,357,94,24,23,-1,-1,-1
1647,181,629,76,26,18,-1,-1,-1
1647,182,203,137,47,28,-1,-1,-1
1648,180,357,94,24,23,-1,-1,-1
1648,181,629,76,26,18,-1,-1,-1
1648,182,203,137,47,28,-1,-1,-1
1649,180,357,94,24,23,-1,-1,-1
1649,181,629,76,26,18,-1,-1,-1
1649,182,203,137,47,28,-1,-1,-1
1650,180,357,94,24,23,-1,-1,-1
1650,181,629,76,26,18,-1,-1,-1
1650,182,203,137,47,28,-1,-1,-1
1652,183,541,177,44,44,-1,-1,-1
1653,183,548,172,40,41,-1,-1,-1
1654,183,554,168,37,39,-1,-1,-1
1655,183,559,161,35,38,-1,-1,-1
1656,183,565,155,35,37,-1,-1,-1
1657,183,571,148,34,36,-1,-1,-1
1658,183,577,143,33,34,-1,-1,-1
1659,183,582,139,31,32,-1,-1,-1
1660,183,587,136,29,28,-1,-1,-1
1661,183,592,132,28,27,-1,-1,-1
1662,183,596,126,28,27,-1,-1,-1
1663,183,600,121,27,27,-1,-1,-1
1664,183,603,116,28,28,-1,-1,-1
1665,183,607,111,29,28,-1,-1,-1
1666,183,609,107,30,28,-1,-1,-1
1667,183,611,105,31,27,-1,-1,-1
1667,184,518,147,35,27,-1,-1,-1
1668,183,613,102,31,27,-1,-1,-1
1668,184,523,143,34,26,-1,-1,-1
1669,183,615,99,30,27,-1,-1,-1
1669,184,526,141,32,26,-1,-1,-1
1670,183,617,97,31,26,-1,-1,-1
1670,184,532,137,31,25,-1,-1,-1
1671,183,618,94,30,26,-1,-1,-1
1671,184,537,133,30,24,-1,-1,-1
1672,183,619,93,30,25,-1,-1,-1
1672,184,543,129,29,24,-1,-1,-1
1673,183,620,92,30,25,-1,-1,-1
1673,184,548,125,28,23,-1,-1,-1
1674,184,553,121,27,23,-1,-1,-1
1675,184,558,117,26,23,-1,-1,-1
1675,185,583,134,26,25,-1,-1,-1
1676,184,563,114,26,23,-1,-1,-1
1676,185,587,130,25,23,-1,-1,-1
1677,184,567,111,26,23,-1,-1,-1
1677,185,589,127,24,23,-1,-1,-1
1678,184,571,108,25,22,-1,-1,-1
1678,185,593,123,23,22,-1,-1,-1
1679,184,575,106,24,21,-1,-1,-1
1679,185,595,121,22,22,-1,-1,-1
1680,184,578,103,22,19,-1,-1,-1
1680,185,596,119,22,22,-1,-1,-1
1681,184,581,100,22,19,-1,-1,-1
1682,184,583,98,22,18,-1,-1,-1
1683,184,585,96,21,18,-1,-1,-1
1684,184,585,95,21,18,-1,-1,-1
1688,186,538,111,25,17,-1,-1,-1
1689,186,542,109,23,16,-1,-1,-1
1690,186,545,107,23,16,-1,-1,-1
1691,186,548,104,23,16,-1,-1,-1
1692,186,551,102,24,16,-1,-1,-1
1693,186,552,101,25,16,-1,-1,-1
1694,186,553,100,25,16,-1,-1,-1
1695,187,377,197,57,37,-1,-1,-1
1696,187,377,197,57,37,-1,-1,-1
1697,187,377,197,57,37,-1,-1,-1
1698,187,377,197,57,37,-1,-1,-1
1699,187,377,197,57,37,-1,-1,-1
1700,187,377,197,57,37,-1,-1,-1
1701,187,377,197,57,37,-1,-1,-1
1702,187,377,197,57,37,-1,-1,-1
1703,187,377,197,57,37,-1,-1,-1
1704,187,377,197,57,37,-1,-1,-1
1705,187,377,197,57,37,-1,-1,-1
1706,187,377,197,57,37,-1,-1,-1
1707,187,377,197,57,37,-1,-1,-1
1708,187,377,197,57,37,-1,-1,-1
1712,188,396,158,27,27,-1,-1,-1
1712,189,438,154,34,24,-1,-1,-1
1713,188,396,158,27,26,-1,-1,-1
1713,189,438,153,34,24,-1,-1,-1
1714,188,396,159,26,26,-1,-1,-1
1714,189,438,154,33,24,-1,-1,-1
1715,188,397,159,26,25,-1,-1,-1
1715,189,438,154,32,24,-1,-1,-1
1716,188,397,159,25,24,-1,-1,-1
1716,189,438,154,31,25,-1,-1,-1
1717,188,397,160,25,24,-1,-1,-1
1717,189,439,155,30,25,-1,-1,-1
1718,189,440,155,30,26,-1,-1,-1
1719,189,441,155,29,26,-1,-1,-1
1720,189,441,155,29,26,-1,-1,-1
1721,189,442,155,29,26,-1,-1,-1
1743,190,322,101,45,33,-1,-1,-1
1744,190,311,105,47,31,-1,-1,-1
1745,190,308,107,46,31,-1,-1,-1
1746,190,304,109,46,30,-1,-1,-1
1753,192,592,121,27,23,-1,-1,-1
1754,192,595,117,26,24,-1,-1,-1
1755,192,597,114,26,24,-1,-1,-1
1756,192,600,111,26,24,-1,-1,-1
1757,192,603,108,25,23,-1,-1,-1
1758,192,606,106,24,21,-1,-1,-1
1759,191,356,98,37,25,-1,-1,-1
1759,192,609,104,24,21,-1,-1,-1
1760,191,353,99,37,25,-1,-1,-1
1760,192,610,101,24,20,-1,-1,-1
1761,191,352,100,36,25,-1,-1,-1
1761,192,612,98,24,20,-1,-1,-1
1762,192,614,95,25,20,-1,-1,-1
1763,192,616,93,25,21,-1,-1,-1
1764,192,618,90,24,21,-1,-1,-1
1765,192,620,88,24,21,-1,-1,-1
1766,192,621,86,25,20,-1,-1,-1
1767,192,623,84,25,20,-1,-1,-1
1768,192,624,82,26,19,-1,-1,-1
1769,192,625,81,26,19,-1,-1,-1
1770,192,627,79,26,19,-1,-1,-1
1771,192,627,78,26,19,-1,-1,-1
1772,192,627,78,25,19,-1,-1,-1
1777,193,399,76,56,31,-1,-1,-1
1778,193,396,76,57,31,-1,-1,-1
1779,193,396,76,57,32,-1,-1,-1
1783,194,589,98,30,23,-1,-1,-1
1784,194,589,97,30,23,-1,-1,-1
1784,195,352,98,38,25,-1,-1,-1
1785,194,590,97,30,22,-1,-1,-1
1785,195,346,99,40,25,-1,-1,-1
1786,194,592,96,28,21,-1,-1,-1
1786,195,340,100,42,26,-1,-1,-1
1787,194,593,95,26,21,-1,-1,-1
1787,195,331,101,45,27,-1,-1,-1
1787,196,567,153,30,26,-1,-1,-1
1788,194,593,95,25,20,-1,-1,-1
1788,195,327,102,46,27,-1,-1,-1
1788,196,571,149,28,25,-1,-1,-1
1789,194,594,94,24,21,-1,-1,-1
1789,195,323,103,47,27,-1,-1,-1
1789,196,574,145,27,24,-1,-1,-1
1790,196,576,143,26,24,-1,-1,-1
1790,197,597,90,21,17,-1,-1,-1
1791,196,577,142,26,23,-1,-1,-1
1791,197,598,88,21,16,-1,-1,-1
1792,197,599,88,21,16,-1,-1,-1
1793,197,599,88,21,16,-1,-1,-1
1793,203,591,121,26,22,-1,-1,-1
1794,203,593,119,25,21,-1,-1,-1
1795,203,595,117,25,20,-1,-1,-1
1796,203,597,116,25,20,-1,-1,-1
1797,203,598,115,25,20,-1,-1,-1
1798,203,599,115,25,20,-1,-1,-1
1799,203,599,114,25,20,-1,-1,-1
1800,203,600,114,25,20,-1,-1,-1
1801,202,373,106,36,25,-1,-1,-1
1801,203,600,114,25,20,-1,-1,-1
1802,202,365,108,38,25,-1,-1,-1
1802,203,600,114,25,20,-1,-1,-1
1803,202,359,110,38,25,-1,-1,-1
1803,203,601,114,24,20,-1,-1,-1
1804,202,351,112,39,25,-1,-1,-1
1804,203,601,114,24,20,-1,-1,-1
1805,202,342,115,40,25,-1,-1,-1
1805,203,601,113,24,20,-1,-1,-1
1806,202,334,117,40,25,-1,-1,-1
1806,203,602,113,24,20,-1,-1,-1
1807,200,542,133,23,23,-1,-1,-1
1807,202,325,120,41,26,-1,-1,-1
1807,203,602,113,24,20,-1,-1,-1
1808,200,546,130,23,22,-1,-1,-1
1808,202,315,123,41,26,-1,-1,-1
1808,203,602,113,24,20,-1,-1,-1
1809,200,549,127,23,22,-1,-1,-1
1809,202,306,126,41,27,-1,-1,-1
1809,203,603,113,24,20,-1,-1,-1
1810,198,631,75,25,22,-1,-1,-1
1810,200,553,124,23,21,-1,-1,-1
1810,196,577,148,25,25,-1,-1,-1
1810,202,297,129,42,27,-1,-1,-1
1810,203,603,113,23,20,-1,-1,-1
1811,198,632,74,25,22,-1,-1,-1
1811,200,557,121,23,20,-1,-1,-1
1811,196,581,144,24,24,-1,-1,-1
1811,202,288,131,42,28,-1,-1,-1
1811,203,603,113,23,20,-1,-1,-1
1812,198,633,74,25,21,-1,-1,-1
1812,200,561,118,22,19,-1,-1,-1
1812,196,585,141,23,24,-1,-1,-1
1812,202,279,134,43,28,-1,-1,-1
1812,203,604,113,23,20,-1,-1,-1
1813,198,634,74,24,21,-1,-1,-1
1813,199,367,107,33,23,-1,-1,-1
1813,200,566,114,21,19,-1,-1,-1
1813,196,589,136,22,23,-1,-1,-1
1813,202,269,137,43,28,-1,-1,-1
1813,203,604,112,23,20,-1,-1,-1
1814,198,635,74,24,21,-1,-1,-1
1814,199,365,107,33,23,-1,-1,-1
1814,200,570,111,21,18,-1,-1,-1
1814,196,593,132,21,23,-1,-1,-1
1814,202,260,140,43,29,-1,-1,-1
1814,203,604,112,23,20,-1,-1,-1
1815,199,364,107,33,23,-1,-1,-1
1815,200,574,108,20,17,-1,-1,-1
1815,196,596,127,21,22,-1,-1,-1
1815,202,251,143,44,29,-1,-1,-1
1815,203,605,112,23,20,-1,-1,-1
1816,200,577,105,20,17,-1,-1,-1
1816,196,599,123,22,22,-1,-1,-1
1816,202,242,146,44,30,-1,-1,-1
1816,203,605,112,22,20,-1,-1,-1
1817,200,580,102,20,17,-1,-1,-1
1817,196,602,118,22,22,-1,-1,-1
1817,202,232,148,45,30,-1,-1,-1
1817,203,605,112,22,20,-1,-1,-1
1818,200,582,101,20,17,-1,-1,-1
1818,196,605,114,22,22,-1,-1,-1
1818,202,223,151,45,31,-1,-1,-1
1818,203,606,112,22,20,-1,-1,-1
1819,200,583,101,20,17,-1,-1,-1
1819,196,608,110,22,21,-1,-1,-1
1819,202,214,154,45,31,-1,-1,-1
1819,203,606,112,22,20,-1,-1,-1
1820,196,611,107,22,21,-1,-1,-1
1820,202,205,157,46,32,-1,-1,-1
1820,203,606,112,22,20,-1,-1,-1
1821,196,613,105,21,20,-1,-1,-1
1821,202,195,160,46,32,-1,-1,-1
1821,203,607,111,22,20,-1,-1,-1
1822,196,615,102,21,20,-1,-1,-1
1822,202,186,163,47,32,-1,-1,-1
1822,203,607,111,22,20,-1,-1,-1
1823,196,618,99,21,20,-1,-1,-1
1823,202,177,165,47,33,-1,-1,-1
1823,203,607,111,21,20,-1,-1,-1
1824,196,620,97,21,20,-1,-1,-1
1824,202,168,168,47,33,-1,-1,-1
1824,203,608,111,21,20,-1,-1,-1
1825,196,622,94,21,20,-1,-1,-1
1825,202,158,171,48,34,-1,-1,-1
1825,203,608,111,21,20,-1,-1,-1
1826,196,624,92,22,20,-1,-1,-1
1826,202,149,174,48,34,-1,-1,-1
1826,203,608,111,21,20,-1,-1,-1
1827,196,624,89,22,20,-1,-1,-1
1827,202,140,177,49,35,-1,-1,-1
1827,203,609,111,21,20,-1,-1,-1
1828,196,624,88,23,20,-1,-1,-1
1828,202,132,179,49,35,-1,-1,-1
1828,203,609,110,21,20,-1,-1,-1
1829,196,623,86,24,20,-1,-1,-1
1829,202,127,181,49,35,-1,-1,-1
1829,203,609,110,21,20,-1,-1,-1
1829,204,364,218,51,37,-1,-1,-1
1829,206,493,168,45,34,-1,-1,-1
1830,196,623,85,24,20,-1,-1,-1
1830,202,124,182,50,35,-1,-1,-1
1830,203,609,110,21,19,-1,-1,-1
1830,204,365,218,51,38,-1,-1,-1
1830,206,495,167,44,34,-1,-1,-1
1831,196,623,85,24,20,-1,-1,-1
1831,202,122,183,50,35,-1,-1,-1
1831,203,609,110,21,19,-1,-1,-1
1831,204,365,218,52,38,-1,-1,-1
1831,206,497,166,42,34,-1,-1,-1
1832,202,121,183,50,35,-1,-1,-1
1832,203,609,110,21,19,-1,-1,-1
1832,204,365,218,52,38,-1,-1,-1
1832,206,501,164,40,34,-1,-1,-1
1833,202,120,184,51,34,-1,-1,-1
1833,203,609,110,21,19,-1,-1,-1
1833,206,505,163,39,34,-1,-1,-1
1834,203,609,110,21,19,-1,-1,-1
1834,206,509,161,37,33,-1,-1,-1
1835,203,609,110,21,19,-1,-1,-1
1835,206,513,160,36,33,-1,-1,-1
1836,203,609,110,21,19,-1,-1,-1
1836,206,518,158,35,32,-1,-1,-1
1837,203,609,110,21,19,-1,-1,-1
1837,206,522,157,35,31,-1,-1,-1
1838,203,609,110,21,19,-1,-1,-1
1838,206,526,155,34,31,-1,-1,-1
1839,203,609,110,21,19,-1,-1,-1
1839,206,531,154,33,30,-1,-1,-1
1840,203,609,110,21,19,-1,-1,-1
1840,206,535,152,32,29,-1,-1,-1
1841,203,609,110,21,19,-1,-1,-1
1841,206,540,151,31,29,-1,-1,-1
1842,203,609,110,21,19,-1,-1,-1
1842,205,584,101,20,15,-1,-1,-1
1842,206,544,149,31,28,-1,-1,-1
1843,203,609,110,21,19,-1,-1,-1
1843,205,584,101,20,15,-1,-1,-1
1843,206,549,148,30,28,-1,-1,-1
1844,203,608,110,21,19,-1,-1,-1
1844,205,584,100,20,15,-1,-1,-1
1844,206,553,146,29,27,-1,-1,-1
1845,203,608,110,21,19,-1,-1,-1
1845,206,558,145,28,26,-1,-1,-1
1846,203,608,110,21,19,-1,-1,-1
1846,206,562,143,27,26,-1,-1,-1
1847,203,608,110,21,19,-1,-1,-1
1847,206,567,142,27,25,-1,-1,-1
1848,203,608,110,21,19,-1,-1,-1
1848,206,571,140,26,24,-1,-1,-1
1849,203,608,110,21,19,-1,-1,-1
1849,206,576,139,25,24,-1,-1,-1
1850,203,608,110,21,19,-1,-1,-1
1850,206,580,137,25,23,-1,-1,-1
1851,203,608,110,21,19,-1,-1,-1
1851,206,585,134,24,23,-1,-1,-1
1852,203,608,110,21,19,-1,-1,-1
1852,206,588,130,24,23,-1,-1,-1
1853,203,608,110,21,19,-1,-1,-1
1853,206,592,126,24,22,-1,-1,-1
1854,203,608,110,21,19,-1,-1,-1
1854,206,593,124,24,22,-1,-1,-1
1855,203,608,110,21,19,-1,-1,-1
1855,206,595,123,23,21,-1,-1,-1
1856,203,608,110,22,19,-1,-1,-1
1857,203,608,108,22,19,-1,-1,-1
1858,203,609,106,22,19,-1,-1,-1
1858,207,517,49,28,26,-1,-1,-1
1858,208,576,150,28,27,-1,-1,-1
1859,203,610,104,23,19,-1,-1,-1
1859,207,516,49,28,26,-1,-1,-1
1859,208,579,145,29,27,-1,-1,-1
1860,203,612,102,23,18,-1,-1,-1
1860,207,515,50,29,25,-1,-1,-1
1860,208,582,141,29,26,-1,-1,-1
1861,203,613,99,23,18,-1,-1,-1
1861,207,514,52,29,24,-1,-1,-1
1861,208,586,135,29,26,-1,-1,-1
1862,203,615,96,23,17,-1,-1,-1
1862,207,512,54,29,24,-1,-1,-1
1862,208,590,131,29,25,-1,-1,-1
1863,203,617,94,23,16,-1,-1,-1
1863,207,511,56,28,23,-1,-1,-1
1863,208,593,126,29,25,-1,-1,-1
1864,203,619,91,23,16,-1,-1,-1
1864,207,509,56,28,23,-1,-1,-1
1864,208,597,121,29,26,-1,-1,-1
1865,203,620,89,23,16,-1,-1,-1
1865,207,507,57,28,24,-1,-1,-1
1865,208,601,117,28,25,-1,-1,-1
1866,203,622,87,22,15,-1,-1,-1
1866,207,504,57,28,24,-1,-1,-1
1866,208,604,112,27,25,-1,-1,-1
1867,203,623,85,22,15,-1,-1,-1
1867,207,503,57,28,24,-1,-1,-1
1867,208,608,109,26,23,-1,-1,-1
1868,203,624,84,23,15,-1,-1,-1
1868,207,502,57,28,24,-1,-1,-1
1868,208,611,105,26,22,-1,-1,-1
1869,203,626,82,23,14,-1,-1,-1
1869,208,613,103,24,21,-1,-1,-1
1870,203,627,81,23,14,-1,-1,-1
1870,208,616,100,24,20,-1,-1,-1
1871,203,628,80,23,14,-1,-1,-1
1871,208,618,98,24,20,-1,-1,-1
1872,203,628,80,23,14,-1,-1,-1
1872,208,619,97,24,20,-1,-1,-1
1873,208,620,96,24,20,-1,-1,-1
1874,209,354,95,24,18,-1,-1,-1
1875,209,354,95,24,18,-1,-1,-1
1876,209,354,95,23,18,-1,-1,-1
1877,209,355,95,23,18,-1,-1,-1
1878,209,355,95,23,18,-1,-1,-1
1918,210,582,82,29,18,-1,-1,-1
1918,211,587,123,29,29,-1,-1,-1
1919,210,582,82,29,18,-1,-1,-1
1919,211,587,123,29,29,-1,-1,-1
1920,210,582,82,29,18,-1,-1,-1
1920,211,587,123,29,29,-1,-1,-1
1921,210,582,82,29,18,-1,-1,-1
1921,211,587,123,29,29,-1,-1,-1
1922,210,582,82,29,18,-1,-1,-1
1922,211,587,123,29,29,-1,-1,-1
1923,210,582,82,29,18,-1,-1,-1
1923,211,587,123,29,29,-1,-1,-1
1924,210,582,82,29,18,-1,-1,-1
1924,211,587,123,29,29,-1,-1,-1
1925,210,582,82,29,18,-1,-1,-1
1925,211,587,123,29,29,-1,-1,-1
1926,210,582,82,29,18,-1,-1,-1
1926,211,587,123,29,29,-1,-1,-1
1927,210,582,82,29,18,-1,-1,-1
1927,211,587,123,29,29,-1,-1,-1
1928,210,582,82,29,18,-1,-1,-1
1928,211,587,123,29,29,-1,-1,-1
1929,210,582,82,29,18,-1,-1,-1
1929,211,587,123,29,29,-1,-1,-1
1930,210,582,82,29,18,-1,-1,-1
1930,211,587,123,29,29,-1,-1,-1
1931,210,582,82,29,18,-1,-1,-1
1931,211,587,123,29,29,-1,-1,-1
1932,210,582,82,29,18,-1,-1,-1
1932,211,587,123,29,29,-1,-1,-1
1933,210,581,82,29,18,-1,-1,-1
1933,211,587,122,29,28,-1,-1,-1
1934,210,581,81,28,18,-1,-1,-1
1934,211,588,122,28,27,-1,-1,-1
1935,210,581,81,28,18,-1,-1,-1
1935,211,591,120,27,25,-1,-1,-1
1936,210,581,81,27,18,-1,-1,-1
1936,211,594,118,26,24,-1,-1,-1
1937,211,595,115,26,23,-1,-1,-1
1938,211,598,111,26,23,-1,-1,-1
1939,211,601,108,25,23,-1,-1,-1
1940,211,604,105,25,23,-1,-1,-1
1941,211,606,103,25,22,-1,-1,-1
1942,211,609,100,25,21,-1,-1,-1
1942,212,358,95,24,18,-1,-1,-1
1943,211,611,98,24,20,-1,-1,-1
1943,212,358,94,24,18,-1,-1,-1
1944,211,614,96,24,19,-1,-1,-1
1944,212,357,94,24,19,-1,-1,-1
1945,211,615,95,24,19,-1,-1,-1
1945,212,357,93,24,19,-1,-1,-1
1946,211,616,94,24,19,-1,-1,-1
1946,212,357,93,25,19,-1,-1,-1
1947,212,357,93,25,20,-1,-1,-1
1960,213,361,109,38,22,-1,-1,-1
1961,213,354,111,39,22,-1,-1,-1
1962,213,348,113,40,22,-1,-1,-1
1963,213,343,115,41,22,-1,-1,-1
1964,213,339,116,42,23,-1,-1,-1
1972,214,322,107,35,24,-1,-1,-1
1972,215,578,139,27,22,-1,-1,-1
1973,214,314,109,36,24,-1,-1,-1
1973,215,581,135,26,22,-1,-1,-1
1974,214,307,111,36,25,-1,-1,-1
1974,215,584,131,26,22,-1,-1,-1
1975,214,297,114,37,26,-1,-1,-1
1975,215,587,127,26,22,-1,-1,-1
1976,214,285,117,39,27,-1,-1,-1
1976,215,589,121,26,22,-1,-1,-1
1977,214,272,120,41,27,-1,-1,-1
1977,215,592,116,26,22,-1,-1,-1
1978,214,259,124,43,27,-1,-1,-1
1978,215,594,111,27,22,-1,-1,-1
1979,214,244,129,43,26,-1,-1,-1
1979,215,597,108,27,21,-1,-1,-1
1980,214,226,135,43,26,-1,-1,-1
1980,215,600,105,27,21,-1,-1,-1
1981,214,207,140,45,27,-1,-1,-1
1981,215,602,102,27,20,-1,-1,-1
1982,214,187,144,48,29,-1,-1,-1
1982,215,605,99,26,20,-1,-1,-1
1983,214,179,146,50,30,-1,-1,-1
1983,215,608,97,25,19,-1,-1,-1
1984,214,171,148,52,31,-1,-1,-1
1984,215,611,94,25,19,-1,-1,-1
1985,215,614,91,24,18,-1,-1,-1
1986,215,616,89,23,18,-1,-1,-1
1987,215,618,86,23,18,-1,-1,-1
1988,215,620,85,22,17,-1,-1,-1
1989,215,622,84,22,17,-1,-1,-1
1990,215,623,83,22,17,-1,-1,-1
1991,215,624,83,22,16,-1,-1,-1
2001,216,357,95,22,19,-1,-1,-1
2002,216,358,95,22,19,-1,-1,-1
2003,216,357,95,22,18,-1,-1,-1
2003,224,488,147,58,48,-1,-1,-1
2004,216,358,95,23,18,-1,-1,-1
2004,224,493,146,55,46,-1,-1,-1
2005,216,357,95,23,18,-1,-1,-1
2005,224,496,146,53,45,-1,-1,-1
2006,216,358,95,23,18,-1,-1,-1
2006,217,462,71,35,18,-1,-1,-1
2006,224,497,146,51,44,-1,-1,-1
2007,216,358,95,23,18,-1,-1,-1
2007,217,462,71,35,18,-1,-1,-1
2007,224,498,146,50,44,-1,-1,-1
2008,216,358,95,23,18,-1,-1,-1
2008,217,462,71,35,18,-1,-1,-1
2008,224,499,146,50,44,-1,-1,-1
2009,216,358,95,23,18,-1,-1,-1
2009,217,462,71,35,18,-1,-1,-1
2009,224,499,146,50,44,-1,-1,-1
2010,216,358,95,23,18,-1,-1,-1
2010,217,462,71,35,18,-1,-1,-1
2010,224,499,146,50,44,-1,-1,-1
2011,216,358,95,23,18,-1,-1,-1
2011,217,462,71,35,18,-1,-1,-1
2011,224,499,146,50,44,-1,-1,-1
2012,216,358,95,23,18,-1,-1,-1
2012,217,462,71,35,18,-1,-1,-1
2012,224,499,146,50,44,-1,-1,-1
2013,216,358,95,23,18,-1,-1,-1
2013,217,462,71,35,18,-1,-1,-1
2013,224,499,146,50,44,-1,-1,-1
2014,216,358,95,23,18,-1,-1,-1
2014,217,462,71,35,18,-1,-1,-1
2014,224,499,146,50,44,-1,-1,-1
2015,216,358,95,23,18,-1,-1,-1
2015,217,462,71,35,18,-1,-1,-1
2015,224,499,146,50,44,-1,-1,-1
2016,216,358,95,23,18,-1,-1,-1
2016,224,499,146,50,44,-1,-1,-1
2017,216,358,95,23,18,-1,-1,-1
2017,224,499,146,49,43,-1,-1,-1
2018,216,358,95,23,18,-1,-1,-1
2018,224,499,146,49,43,-1,-1,-1
2019,224,499,146,49,43,-1,-1,-1
2020,224,499,147,48,43,-1,-1,-1
2021,224,499,148,48,42,-1,-1,-1
2022,218,583,86,31,29,-1,-1,-1
2022,224,499,148,47,42,-1,-1,-1
2023,218,585,84,30,28,-1,-1,-1
2023,224,499,149,47,42,-1,-1,-1
2024,218,587,83,30,28,-1,-1,-1
2024,224,498,150,46,41,-1,-1,-1
2025,218,588,81,30,28,-1,-1,-1
2025,224,498,150,46,41,-1,-1,-1
2026,218,590,79,30,28,-1,-1,-1
2026,224,498,151,45,41,-1,-1,-1
2027,218,592,78,30,28,-1,-1,-1
2027,224,498,152,44,40,-1,-1,-1
2028,218,594,77,30,28,-1,-1,-1
2028,224,498,152,44,40,-1,-1,-1
2029,218,595,76,30,28,-1,-1,-1
2029,219,427,93,36,24,-1,-1,-1
2029,220,521,145,39,35,-1,-1,-1
2029,224,498,153,43,40,-1,-1,-1
2030,218,595,76,30,28,-1,-1,-1
2030,219,424,93,36,24,-1,-1,-1
2030,220,526,141,41,34,-1,-1,-1
2030,224,497,154,43,39,-1,-1,-1
2031,219,423,93,37,25,-1,-1,-1
2031,220,531,137,39,33,-1,-1,-1
2031,224,497,154,42,39,-1,-1,-1
2032,220,536,134,39,32,-1,-1,-1
2032,221,543,176,34,33,-1,-1,-1
2032,224,497,155,42,39,-1,-1,-1
2033,220,542,130,36,30,-1,-1,-1
2033,221,547,171,33,31,-1,-1,-1
2033,224,497,156,41,38,-1,-1,-1
2034,220,548,127,35,28,-1,-1,-1
2034,221,551,167,34,30,-1,-1,-1
2034,224,497,156,40,38,-1,-1,-1
2035,220,553,123,34,26,-1,-1,-1
2035,221,557,160,32,28,-1,-1,-1
2035,224,497,157,40,38,-1,-1,-1
2036,220,557,120,32,25,-1,-1,-1
2036,221,563,154,32,27,-1,-1,-1
2036,224,496,158,39,37,-1,-1,-1
2037,220,560,117,30,23,-1,-1,-1
2037,221,569,148,30,26,-1,-1,-1
2037,224,496,158,39,37,-1,-1,-1
2038,220,563,114,28,22,-1,-1,-1
2038,221,574,142,29,25,-1,-1,-1
2038,224,496,159,38,37,-1,-1,-1
2039,220,567,111,27,21,-1,-1,-1
2039,221,579,137,28,24,-1,-1,-1
2039,224,496,160,38,36,-1,-1,-1
2040,220,571,108,26,20,-1,-1,-1
2040,221,583,132,27,23,-1,-1,-1
2040,224,496,160,37,36,-1,-1,-1
2041,220,574,105,26,19,-1,-1,-1
2041,221,588,127,26,23,-1,-1,-1
2041,224,496,161,36,36,-1,-1,-1
2041,227,510,129,28,27,-1,-1,-1
2042,220,578,103,26,19,-1,-1,-1
2042,221,592,122,25,22,-1,-1,-1
2042,224,495,162,36,35,-1,-1,-1
2042,227,514,126,27,26,-1,-1,-1
2043,220,581,101,26,19,-1,-1,-1
2043,221,596,117,25,21,-1,-1,-1
2043,224,495,162,35,35,-1,-1,-1
2043,227,517,124,27,26,-1,-1,-1
2044,220,582,100,25,18,-1,-1,-1
2044,221,600,113,26,21,-1,-1,-1
2044,224,495,163,35,35,-1,-1,-1
2044,227,522,121,27,25,-1,-1,-1
2045,220,583,99,25,18,-1,-1,-1
2045,221,602,111,26,21,-1,-1,-1
2045,224,495,164,34,34,-1,-1,-1
2045,227,527,118,26,24,-1,-1,-1
2046,221,603,109,27,21,-1,-1,-1
2046,224,495,164,34,34,-1,-1,-1
2046,227,531,115,26,23,-1,-1,-1
2047,222,489,58,26,25,-1,-1,-1
2047,224,495,165,33,34,-1,-1,-1
2047,227,534,113,26,23,-1,-1,-1
2048,222,489,58,26,25,-1,-1,-1
2048,223,163,184,50,36,-1,-1,-1
2048,224,495,165,33,34,-1,-1,-1
2048,225,205,135,40,32,-1,-1,-1
2048,226,583,194,29,25,-1,-1,-1
2048,227,536,112,26,22,-1,-1,-1
2048,228,510,213,48,38,-1,-1,-1
2049,222,489,58,26,25,-1,-1,-1
2049,223,163,184,50,36,-1,-1,-1
2049,224,495,165,33,34,-1,-1,-1
2049,225,205,135,40,32,-1,-1,-1
2049,226,583,194,28,25,-1,-1,-1
2049,227,537,111,26,22,-1,-1,-1
2049,228,510,213,48,38,-1,-1,-1
2050,222,489,58,26,25,-1,-1,-1
2050,223,163,184,49,36,-1,-1,-1
2050,224,495,165,33,34,-1,-1,-1
2050,225,206,135,38,32,-1,-1,-1
2050,226,583,194,28,25,-1,-1,-1
2050,227,537,111,26,22,-1,-1,-1
2050,228,510,213,48,38,-1,-1,-1
2051,222,489,58,26,25,-1,-1,-1
2051,223,163,184,49,36,-1,-1,-1
2051,224,495,165,33,34,-1,-1,-1
2051,225,206,135,37,32,-1,-1,-1
2051,226,583,194,28,25,-1,-1,-1
2051,227,537,111,26,22,-1,-1,-1
2051,228,510,213,48,38,-1,-1,-1
2052,222,489,58,26,25,-1,-1,-1
2052,223,163,184,49,36,-1,-1,-1
2052,224,495,165,33,34,-1,-1,-1
2052,225,206,135,37,32,-1,-1,-1
2052,226,583,194,28,25,-1,-1,-1
2052,227,537,111,26,22,-1,-1,-1
2052,228,510,213,48,38,-1,-1,-1
2053,222,489,58,26,25,-1,-1,-1
2053,223,163,184,49,36,-1,-1,-1
2053,224,495,165,33,34,-1,-1,-1
2053,225,206,135,37,32,-1,-1,-1
2053,226,583,194,28,25,-1,-1,-1
2053,227,537,111,26,22,-1,-1,-1
2053,228,510,213,48,38,-1,-1,-1
2054,222,489,58,26,25,-1,-1,-1
2054,223,163,184,49,36,-1,-1,-1
2054,224,495,165,33,34,-1,-1,-1
2054,225,206,135,37,32,-1,-1,-1
2054,226,583,194,28,25,-1,-1,-1
2054,227,538,111,26,22,-1,-1,-1
2054,228,510,213,48,38,-1,-1,-1
2055,222,489,58,26,25,-1,-1,-1
2055,223,163,184,49,36,-1,-1,-1
2055,224,495,165,33,34,-1,-1,-1
2055,225,206,135,37,32,-1,-1,-1
2055,226,583,194,28,25,-1,-1,-1
2055,227,538,111,26,22,-1,-1,-1
2055,228,510,213,48,38,-1,-1,-1
2056,222,489,58,26,25,-1,-1,-1
2056,223,163,184,49,36,-1,-1,-1
2056,224,495,165,33,34,-1,-1,-1
2056,225,206,135,37,32,-1,-1,-1
2056,226,583,194,28,25,-1,-1,-1
2056,227,538,111,26,22,-1,-1,-1
2056,228,510,213,48,38,-1,-1,-1
2057,222,489,58,26,25,-1,-1,-1
2057,223,163,184,49,36,-1,-1,-1
2057,224,495,165,33,34,-1,-1,-1
2057,225,206,135,37,32,-1,-1,-1
2057,226,583,194,28,25,-1,-1,-1
2057,227,538,111,26,22,-1,-1,-1
2057,228,510,213,48,38,-1,-1,-1
2058,222,489,58,26,25,-1,-1,-1
2058,223,163,184,49,36,-1,-1,-1
2058,224,495,165,33,34,-1,-1,-1
2058,225,206,135,37,32,-1,-1,-1
2058,226,583,194,28,25,-1,-1,-1
2058,227,538,111,26,22,-1,-1,-1
2058,228,510,213,48,38,-1,-1,-1
2059,222,489,58,26,25,-1,-1,-1
2059,223,163,184,49,36,-1,-1,-1
2059,224,495,165,33,34,-1,-1,-1
2059,225,206,135,37,32,-1,-1,-1
2059,226,583,194,28,25,-1,-1,-1
2059,227,538,111,26,22,-1,-1,-1
2059,228,509,214,49,38,-1,-1,-1
2060,222,489,58,26,25,-1,-1,-1
2060,223,163,184,49,36,-1,-1,-1
2060,224,495,165,33,34,-1,-1,-1
2060,225,206,135,37,32,-1,-1,-1
2060,226,583,194,28,25,-1,-1,-1
2060,227,538,111,26,22,-1,-1,-1
2060,228,506,216,49,39,-1,-1,-1
2061,228,503,220,50,42,-1,-1,-1
2062,228,498,225,51,44,-1,-1,-1
2063,228,494,231,52,47,-1,-1,-1
2064,228,491,233,53,49,-1,-1,-1
2065,228,494,230,53,49,-1,-1,-1
2066,228,501,222,52,47,-1,-1,-1
2067,228,510,212,50,45,-1,-1,-1
2068,228,520,202,48,43,-1,-1,-1
2069,228,529,192,46,41,-1,-1,-1
2070,228,538,182,42,39,-1,-1,-1
2071,228,547,174,39,37,-1,-1,-1
2072,228,556,166,37,34,-1,-1,-1
2073,228,563,160,34,32,-1,-1,-1
2074,228,571,152,32,30,-1,-1,-1
2075,228,576,146,31,29,-1,-1,-1
2076,228,582,139,30,29,-1,-1,-1
2077,228,587,133,28,28,-1,-1,-1
2078,228,591,128,27,27,-1,-1,-1
2079,228,595,123,26,26,-1,-1,-1
2080,228,598,119,26,25,-1,-1,-1
2081,228,602,115,25,24,-1,-1,-1
2082,228,606,111,24,23,-1,-1,-1
2083,228,609,107,24,22,-1,-1,-1
2084,228,613,103,24,22,-1,-1,-1
2085,228,615,100,24,23,-1,-1,-1
2086,228,617,97,24,23,-1,-1,-1
2086,229,529,59,25,19,-1,-1,-1
2087,228,619,95,24,22,-1,-1,-1
2087,229,527,60,25,19,-1,-1,-1
2088,228,621,94,24,22,-1,-1,-1
2088,229,526,60,25,19,-1,-1,-1
2089,228,622,93,24,21,-1,-1,-1
2089,229,524,61,26,19,-1,-1,-1
2090,228,623,92,24,21,-1,-1,-1
2090,229,523,61,26,19,-1,-1,-1
2090,230,539,138,24,21,-1,-1,-1
2090,231,577,151,21,19,-1,-1,-1
2090,232,38,180,52,41,-1,-1,-1
2091,228,623,92,24,21,-1,-1,-1
2091,229,523,61,26,19,-1,-1,-1
2091,230,539,138,24,21,-1,-1,-1
2091,231,577,151,21,19,-1,-1,-1
2091,232,38,180,52,41,-1,-1,-1
2092,228,623,91,24,21,-1,-1,-1
2092,229,523,61,26,19,-1,-1,-1
2092,230,539,138,24,21,-1,-1,-1
2092,231,577,151,21,19,-1,-1,-1
2092,232,38,180,52,41,-1,-1,-1
2093,228,623,91,24,21,-1,-1,-1
2093,229,523,61,26,19,-1,-1,-1
2093,230,539,138,24,21,-1,-1,-1
2093,231,577,151,21,19,-1,-1,-1
2093,232,38,180,52,41,-1,-1,-1
2094,228,623,91,24,21,-1,-1,-1
2094,229,523,61,26,19,-1,-1,-1
2094,230,539,138,24,21,-1,-1,-1
2094,231,577,151,21,19,-1,-1,-1
2094,232,38,180,52,41,-1,-1,-1
2095,228,623,91,24,21,-1,-1,-1
2095,229,523,61,26,19,-1,-1,-1
2095,230,539,138,24,21,-1,-1,-1
2095,231,577,151,21,19,-1,-1,-1
2095,232,38,180,52,41,-1,-1,-1
2096,228,623,91,24,21,-1,-1,-1
2096,229,523,61,26,19,-1,-1,-1
2096,230,539,138,24,21,-1,-1,-1
2096,231,577,151,21,19,-1,-1,-1
2096,232,38,180,52,41,-1,-1,-1
2097,228,623,91,24,21,-1,-1,-1
2097,229,523,61,26,19,-1,-1,-1
2097,230,539,138,24,21,-1,-1,-1
2097,231,577,151,21,19,-1,-1,-1
2097,232,38,180,52,40,-1,-1,-1
2098,228,623,91,24,21,-1,-1,-1
2098,229,523,61,26,19,-1,-1,-1
2098,230,539,138,24,21,-1,-1,-1
2098,231,577,151,21,19,-1,-1,-1
2098,232,38,180,52,40,-1,-1,-1
2099,228,623,91,24,21,-1,-1,-1
2099,229,523,61,26,19,-1,-1,-1
2099,230,539,138,24,21,-1,-1,-1
2099,231,577,151,21,19,-1,-1,-1
2099,232,38,180,52,40,-1,-1,-1
2100,228,623,91,24,21,-1,-1,-1
2100,229,523,61,26,19,-1,-1,-1
2100,230,539,138,24,21,-1,-1,-1
2100,231,577,151,21,19,-1,-1,-1
2100,232,38,180,52,40,-1,-1,-1
