1,1,373,106,36,25,-1,-1,-1
2,1,365,108,38,25,-1,-1,-1
3,1,359,110,38,24,-1,-1,-1
4,1,349,113,39,24,-1,-1,-1
5,1,339,116,40,25,-1,-1,-1
6,1,328,120,41,25,-1,-1,-1
7,1,315,123,43,26,-1,-1,-1
7,4,542,133,23,23,-1,-1,-1
8,1,308,126,43,26,-1,-1,-1
8,4,546,130,23,22,-1,-1,-1
9,1,303,127,44,26,-1,-1,-1
9,4,549,127,23,22,-1,-1,-1
10,2,631,75,25,22,-1,-1,-1
10,4,553,124,23,21,-1,-1,-1
10,5,577,148,25,25,-1,-1,-1
11,2,632,74,25,22,-1,-1,-1
11,4,557,121,23,20,-1,-1,-1
11,5,581,144,24,24,-1,-1,-1
12,2,633,74,25,21,-1,-1,-1
12,4,561,118,22,19,-1,-1,-1
12,5,585,141,23,24,-1,-1,-1
13,2,634,74,24,21,-1,-1,-1
13,3,367,107,33,23,-1,-1,-1
13,4,566,114,21,19,-1,-1,-1
13,5,589,136,22,23,-1,-1,-1
14,2,635,74,24,21,-1,-1,-1
14,3,365,107,33,23,-1,-1,-1
14,4,570,111,21,18,-1,-1,-1
14,5,593,132,21,23,-1,-1,-1
15,3,364,107,33,23,-1,-1,-1
15,4,574,108,20,17,-1,-1,-1
15,5,596,127,21,22,-1,-1,-1
16,4,577,105,20,17,-1,-1,-1
16,5,599,123,22,22,-1,-1,-1
17,4,580,102,20,17,-1,-1,-1
17,5,602,118,22,22,-1,-1,-1
18,4,582,101,20,17,-1,-1,-1
18,5,605,114,22,22,-1,-1,-1
19,4,583,101,20,17,-1,-1,-1
19,5,608,110,22,21,-1,-1,-1
20,5,611,107,22,21,-1,-1,-1
21,5,613,105,21,20,-1,-1,-1
22,5,615,102,21,20,-1,-1,-1
23,5,618,99,21,20,-1,-1,-1
24,5,620,97,21,20,-1,-1,-1
25,5,622,94,21,20,-1,-1,-1
26,5,624,92,22,20,-1,-1,-1
27,5,624,89,22,20,-1,-1,-1
28,5,624,88,23,20,-1,-1,-1
29,5,623,86,24,20,-1,-1,-1
29,6,121,183,50,36,-1,-1,-1
29,7,364,218,51,37,-1,-1,-1
29,9,493,168,45,34,-1,-1,-1
29,12,610,110,21,20,-1,-1,-1
30,5,623,85,24,20,-1,-1,-1
30,6,120,183,50,36,-1,-1,-1
30,7,365,218,51,38,-1,-1,-1
30,9,495,167,44,34,-1,-1,-1
30,12,609,110,21,19,-1,-1,-1
31,5,623,85,24,20,-1,-1,-1
31,6,120,184,50,35,-1,-1,-1
31,7,365,218,52,38,-1,-1,-1
31,9,497,166,42,34,-1,-1,-1
31,12,609,110,21,19,-1,-1,-1
32,6,120,184,50,35,-1,-1,-1
32,7,365,218,52,38,-1,-1,-1
32,9,501,164,40,34,-1,-1,-1
32,12,609,110,21,19,-1,-1,-1
33,6,119,184,51,35,-1,-1,-1
33,9,505,163,39,34,-1,-1,-1
33,12,609,110,21,19,-1,-1,-1
34,9,509,161,37,33,-1,-1,-1
34,12,609,110,21,19,-1,-1,-1
35,9,513,160,36,33,-1,-1,-1
35,12,609,110,21,19,-1,-1,-1
36,9,518,158,35,32,-1,-1,-1
36,12,609,110,21,19,-1,-1,-1
37,9,522,157,35,31,-1,-1,-1
37,12,609,110,21,19,-1,-1,-1
38,9,526,155,34,31,-1,-1,-1
38,12,609,110,21,19,-1,-1,-1
39,9,531,154,33,30,-1,-1,-1
39,12,609,110,21,19,-1,-1,-1
40,9,535,152,32,29,-1,-1,-1
40,12,609,110,21,19,-1,-1,-1
41,9,540,151,31,29,-1,-1,-1
41,12,609,110,21,19,-1,-1,-1
42,8,584,101,20,15,-1,-1,-1
42,9,544,149,31,28,-1,-1,-1
42,12,609,110,21,19,-1,-1,-1
43,8,584,101,20,15,-1,-1,-1
43,9,549,148,30,28,-1,-1,-1
43,12,609,110,21,19,-1,-1,-1
44,8,584,100,20,15,-1,-1,-1
44,9,553,146,29,27,-1,-1,-1
44,12,608,110,21,19,-1,-1,-1
45,9,558,145,28,26,-1,-1,-1
45,12,608,110,21,19,-1,-1,-1
46,9,562,143,27,26,-1,-1,-1
46,12,608,110,21,19,-1,-1,-1
47,9,567,142,27,25,-1,-1,-1
47,12,608,110,21,19,-1,-1,-1
48,9,571,140,26,24,-1,-1,-1
48,12,608,110,21,19,-1,-1,-1
49,9,576,139,25,24,-1,-1,-1
49,12,608,110,21,19,-1,-1,-1
50,9,580,137,25,23,-1,-1,-1
50,12,608,110,21,19,-1,-1,-1
51,9,585,134,24,23,-1,-1,-1
51,12,608,110,21,19,-1,-1,-1
52,9,588,130,24,23,-1,-1,-1
52,12,608,110,21,19,-1,-1,-1
53,9,592,126,24,22,-1,-1,-1
53,12,608,110,21,19,-1,-1,-1
54,9,593,124,24,22,-1,-1,-1
54,12,608,110,21,19,-1,-1,-1
55,9,595,123,23,21,-1,-1,-1
55,12,608,110,21,19,-1,-1,-1
56,12,608,110,22,19,-1,-1,-1
57,12,608,108,22,19,-1,-1,-1
58,10,576,150,28,27,-1,-1,-1
58,11,517,49,28,26,-1,-1,-1
58,12,609,106,22,19,-1,-1,-1
59,10,579,145,29,27,-1,-1,-1
59,11,516,49,28,26,-1,-1,-1
59,12,610,104,23,19,-1,-1,-1
60,10,582,141,29,26,-1,-1,-1
60,11,515,50,29,25,-1,-1,-1
60,12,612,102,23,18,-1,-1,-1
61,10,586,135,29,26,-1,-1,-1
61,11,514,52,29,24,-1,-1,-1
61,12,613,99,23,18,-1,-1,-1
62,10,590,131,29,25,-1,-1,-1
62,11,512,54,29,24,-1,-1,-1
62,12,615,96,23,17,-1,-1,-1
63,10,593,126,29,25,-1,-1,-1
63,11,511,56,28,23,-1,-1,-1
63,12,617,94,23,16,-1,-1,-1
64,10,597,121,29,26,-1,-1,-1
64,11,509,56,28,23,-1,-1,-1
64,12,619,91,23,16,-1,-1,-1
65,10,601,117,28,25,-1,-1,-1
65,11,507,57,28,24,-1,-1,-1
65,12,620,89,23,16,-1,-1,-1
66,10,604,112,27,25,-1,-1,-1
66,11,504,57,28,24,-1,-1,-1
66,12,622,87,22,15,-1,-1,-1
67,10,608,109,26,23,-1,-1,-1
67,11,503,57,28,24,-1,-1,-1
67,12,623,85,22,15,-1,-1,-1
68,10,611,105,26,22,-1,-1,-1
68,11,502,57,28,24,-1,-1,-1
68,12,624,84,23,15,-1,-1,-1
69,10,613,103,24,21,-1,-1,-1
69,12,626,82,23,14,-1,-1,-1
70,10,616,100,24,20,-1,-1,-1
70,12,627,81,23,14,-1,-1,-1
71,10,618,98,24,20,-1,-1,-1
71,12,628,80,23,14,-1,-1,-1
72,10,619,97,24,20,-1,-1,-1
72,12,628,80,23,14,-1,-1,-1
73,10,620,96,24,20,-1,-1,-1
74,13,354,95,24,18,-1,-1,-1
75,13,354,95,24,18,-1,-1,-1
76,13,354,95,23,18,-1,-1,-1
77,13,355,95,23,18,-1,-1,-1
78,13,355,95,23,18,-1,-1,-1
118,14,582,82,29,18,-1,-1,-1
118,15,587,123,29,29,-1,-1,-1
119,14,582,82,29,18,-1,-1,-1
119,15,587,123,29,29,-1,-1,-1
120,14,582,82,29,18,-1,-1,-1
120,15,587,123,29,29,-1,-1,-1
121,14,582,82,29,18,-1,-1,-1
121,15,587,123,29,29,-1,-1,-1
122,14,582,82,29,18,-1,-1,-1
122,15,587,123,29,29,-1,-1,-1
123,14,582,82,29,18,-1,-1,-1
123,15,587,123,29,29,-1,-1,-1
124,14,582,82,29,18,-1,-1,-1
124,15,587,123,29,29,-1,-1,-1
125,14,582,82,29,18,-1,-1,-1
125,15,587,123,29,29,-1,-1,-1
126,14,582,82,29,18,-1,-1,-1
126,15,587,123,29,29,-1,-1,-1
127,14,582,82,29,18,-1,-1,-1
127,15,587,123,29,29,-1,-1,-1
128,14,582,82,29,18,-1,-1,-1
128,15,587,123,29,29,-1,-1,-1
129,14,582,82,29,18,-1,-1,-1
129,15,587,123,29,29,-1,-1,-1
130,14,582,82,29,18,-1,-1,-1
130,15,587,123,29,29,-1,-1,-1
131,14,582,82,29,18,-1,-1,-1
131,15,587,123,29,29,-1,-1,-1
132,14,582,82,29,18,-1,-1,-1
132,15,587,123,29,29,-1,-1,-1
133,14,581,82,29,18,-1,-1,-1
133,15,587,122,29,28,-1,-1,-1
134,14,581,81,28,18,-1,-1,-1
134,15,588,122,28,27,-1,-1,-1
135,14,581,81,28,18,-1,-1,-1
135,15,591,120,27,25,-1,-1,-1
136,14,581,81,27,18,-1,-1,-1
136,15,594,118,26,24,-1,-1,-1
137,15,595,115,26,23,-1,-1,-1
138,15,598,111,26,23,-1,-1,-1
139,15,601,108,25,23,-1,-1,-1
140,15,604,105,25,23,-1,-1,-1
141,15,606,103,25,22,-1,-1,-1
142,15,609,100,25,21,-1,-1,-1
142,16,358,95,24,18,-1,-1,-1
143,15,611,98,24,20,-1,-1,-1
143,16,358,94,24,18,-1,-1,-1
144,15,614,96,24,19,-1,-1,-1
144,16,357,94,24,19,-1,-1,-1
145,15,615,95,24,19,-1,-1,-1
145,16,357,93,24,19,-1,-1,-1
146,15,616,94,24,19,-1,-1,-1
146,16,357,93,25,19,-1,-1,-1
147,16,357,93,25,20,-1,-1,-1
160,17,361,109,38,22,-1,-1,-1
161,17,354,111,39,22,-1,-1,-1
162,17,348,113,40,22,-1,-1,-1
163,17,343,115,41,22,-1,-1,-1
164,17,339,116,42,23,-1,-1,-1
172,18,322,107,35,24,-1,-1,-1
172,19,578,139,27,22,-1,-1,-1
173,18,314,109,36,24,-1,-1,-1
173,19,581,135,26,22,-1,-1,-1
174,18,307,111,36,25,-1,-1,-1
174,19,584,131,26,22,-1,-1,-1
175,18,297,114,37,26,-1,-1,-1
175,19,587,127,26,22,-1,-1,-1
176,18,285,117,39,27,-1,-1,-1
176,19,589,121,26,22,-1,-1,-1
177,18,272,120,41,27,-1,-1,-1
177,19,592,116,26,22,-1,-1,-1
178,18,259,124,43,27,-1,-1,-1
178,19,594,111,27,22,-1,-1,-1
179,18,244,129,43,26,-1,-1,-1
179,19,597,108,27,21,-1,-1,-1
180,18,226,135,43,26,-1,-1,-1
180,19,600,105,27,21,-1,-1,-1
181,18,207,140,45,27,-1,-1,-1
181,19,602,102,27,20,-1,-1,-1
182,18,187,144,48,29,-1,-1,-1
182,19,605,99,26,20,-1,-1,-1
183,18,179,146,50,30,-1,-1,-1
183,19,608,97,25,19,-1,-1,-1
184,18,171,148,52,31,-1,-1,-1
184,19,611,94,25,19,-1,-1,-1
185,19,614,91,24,18,-1,-1,-1
186,19,616,89,23,18,-1,-1,-1
187,19,618,86,23,18,-1,-1,-1
188,19,620,85,22,17,-1,-1,-1
189,19,622,84,22,17,-1,-1,-1
190,19,623,83,22,17,-1,-1,-1
191,19,624,83,22,16,-1,-1,-1
201,20,357,95,22,19,-1,-1,-1
202,20,358,95,22,19,-1,-1,-1
203,20,357,95,22,18,-1,-1,-1
203,28,488,147,58,48,-1,-1,-1
204,20,358,95,23,18,-1,-1,-1
204,28,493,146,55,46,-1,-1,-1
205,20,357,95,23,18,-1,-1,-1
205,28,496,146,53,45,-1,-1,-1
206,20,358,95,23,18,-1,-1,-1
206,21,462,71,35,18,-1,-1,-1
206,28,497,146,51,44,-1,-1,-1
207,20,358,95,23,18,-1,-1,-1
207,21,462,71,35,18,-1,-1,-1
207,28,498,146,50,44,-1,-1,-1
208,20,358,95,23,18,-1,-1,-1
208,21,462,71,35,18,-1,-1,-1
208,28,499,146,50,44,-1,-1,-1
209,20,358,95,23,18,-1,-1,-1
209,21,462,71,35,18,-1,-1,-1
209,28,499,146,50,44,-1,-1,-1
210,20,358,95,23,18,-1,-1,-1
210,21,462,71,35,18,-1,-1,-1
210,28,499,146,50,44,-1,-1,-1
211,20,358,95,23,18,-1,-1,-1
211,21,462,71,35,18,-1,-1,-1
211,28,499,146,50,44,-1,-1,-1
212,20,358,95,23,18,-1,-1,-1
212,21,462,71,35,18,-1,-1,-1
212,28,499,146,50,44,-1,-1,-1
213,20,358,95,23,18,-1,-1,-1
213,21,462,71,35,18,-1,-1,-1
213,28,499,146,50,44,-1,-1,-1
214,20,358,95,23,18,-1,-1,-1
214,21,462,71,35,18,-1,-1,-1
214,28,499,146,50,44,-1,-1,-1
215,20,358,95,23,18,-1,-1,-1
215,21,462,71,35,18,-1,-1,-1
215,28,499,146,50,44,-1,-1,-1
216,20,358,95,23,18,-1,-1,-1
216,28,499,146,50,44,-1,-1,-1
217,20,358,95,23,18,-1,-1,-1
217,28,499,146,49,43,-1,-1,-1
218,20,358,95,23,18,-1,-1,-1
218,28,499,146,49,43,-1,-1,-1
219,28,499,146,49,43,-1,-1,-1
220,28,499,147,48,43,-1,-1,-1
221,28,499,148,48,42,-1,-1,-1
222,22,583,86,31,29,-1,-1,-1
222,28,499,148,47,42,-1,-1,-1
223,22,585,84,30,28,-1,-1,-1
223,28,499,149,47,42,-1,-1,-1
224,22,587,83,30,28,-1,-1,-1
224,28,498,150,46,41,-1,-1,-1
225,22,588,81,30,28,-1,-1,-1
225,28,498,150,46,41,-1,-1,-1
226,22,590,79,30,28,-1,-1,-1
226,28,498,151,45,41,-1,-1,-1
227,22,592,78,30,28,-1,-1,-1
227,28,498,152,44,40,-1,-1,-1
228,22,594,77,30,28,-1,-1,-1
228,28,498,152,44,40,-1,-1,-1
229,22,595,76,30,28,-1,-1,-1
229,23,427,93,36,24,-1,-1,-1
229,24,521,145,39,35,-1,-1,-1
229,28,498,153,43,40,-1,-1,-1
230,22,595,76,30,28,-1,-1,-1
230,23,424,93,36,24,-1,-1,-1
230,24,526,141,41,34,-1,-1,-1
230,28,497,154,43,39,-1,-1,-1
231,23,423,93,37,25,-1,-1,-1
231,24,531,137,39,33,-1,-1,-1
231,28,497,154,42,39,-1,-1,-1
232,24,536,134,39,32,-1,-1,-1
232,25,543,176,34,33,-1,-1,-1
232,28,497,155,42,39,-1,-1,-1
233,24,542,130,36,30,-1,-1,-1
233,25,547,171,33,31,-1,-1,-1
233,28,497,156,41,38,-1,-1,-1
234,24,548,127,35,28,-1,-1,-1
234,25,551,167,34,30,-1,-1,-1
234,28,497,156,40,38,-1,-1,-1
235,24,553,123,34,26,-1,-1,-1
235,25,557,160,32,28,-1,-1,-1
235,28,497,157,40,38,-1,-1,-1
236,24,557,120,32,25,-1,-1,-1
236,25,563,154,32,27,-1,-1,-1
236,28,496,158,39,37,-1,-1,-1
237,24,560,117,30,23,-1,-1,-1
237,25,569,148,30,26,-1,-1,-1
237,28,496,158,39,37,-1,-1,-1
238,24,563,114,28,22,-1,-1,-1
238,25,574,142,29,25,-1,-1,-1
238,28,496,159,38,37,-1,-1,-1
239,24,567,111,27,21,-1,-1,-1
239,25,579,137,28,24,-1,-1,-1
239,28,496,160,38,36,-1,-1,-1
240,24,571,108,26,20,-1,-1,-1
240,25,583,132,27,23,-1,-1,-1
240,28,496,160,37,36,-1,-1,-1
241,24,574,105,26,19,-1,-1,-1
241,25,588,127,26,23,-1,-1,-1
241,28,496,161,36,36,-1,-1,-1
241,31,510,129,28,27,-1,-1,-1
242,24,578,103,26,19,-1,-1,-1
242,25,592,122,25,22,-1,-1,-1
242,28,495,162,36,35,-1,-1,-1
242,31,514,126,27,26,-1,-1,-1
243,24,581,101,26,19,-1,-1,-1
243,25,596,117,25,21,-1,-1,-1
243,28,495,162,35,35,-1,-1,-1
243,31,517,124,27,26,-1,-1,-1
244,24,582,100,25,18,-1,-1,-1
244,25,600,113,26,21,-1,-1,-1
244,28,495,163,35,35,-1,-1,-1
244,31,522,121,27,25,-1,-1,-1
245,24,583,99,25,18,-1,-1,-1
245,25,602,111,26,21,-1,-1,-1
245,28,495,164,34,34,-1,-1,-1
245,31,527,118,26,24,-1,-1,-1
246,25,603,109,27,21,-1,-1,-1
246,28,495,164,34,34,-1,-1,-1
246,31,531,115,26,23,-1,-1,-1
247,26,489,58,26,25,-1,-1,-1
247,28,495,165,33,34,-1,-1,-1
247,31,534,113,26,23,-1,-1,-1
248,26,489,58,26,25,-1,-1,-1
248,27,163,184,50,36,-1,-1,-1
248,28,495,165,33,34,-1,-1,-1
248,29,205,135,40,32,-1,-1,-1
248,30,583,194,29,25,-1,-1,-1
248,31,536,112,26,22,-1,-1,-1
248,32,510,213,48,38,-1,-1,-1
249,26,489,58,26,25,-1,-1,-1
249,27,163,184,50,36,-1,-1,-1
249,28,495,165,33,34,-1,-1,-1
249,29,205,135,40,32,-1,-1,-1
249,30,583,194,28,25,-1,-1,-1
249,31,537,111,26,22,-1,-1,-1
249,32,510,213,48,38,-1,-1,-1
250,26,489,58,26,25,-1,-1,-1
250,27,163,184,49,36,-1,-1,-1
250,28,495,165,33,34,-1,-1,-1
250,29,206,135,38,32,-1,-1,-1
250,30,583,194,28,25,-1,-1,-1
250,31,537,111,26,22,-1,-1,-1
250,32,510,213,48,38,-1,-1,-1
251,26,489,58,26,25,-1,-1,-1
251,27,163,184,49,36,-1,-1,-1
251,28,495,165,33,34,-1,-1,-1
251,29,206,135,37,32,-1,-1,-1
251,30,583,194,28,25,-1,-1,-1
251,31,537,111,26,22,-1,-1,-1
251,32,510,213,48,38,-1,-1,-1
252,26,489,58,26,25,-1,-1,-1
252,27,163,184,49,36,-1,-1,-1
252,28,495,165,33,34,-1,-1,-1
252,29,206,135,37,32,-1,-1,-1
252,30,583,194,28,25,-1,-1,-1
252,31,537,111,26,22,-1,-1,-1
252,32,510,213,48,38,-1,-1,-1
253,26,489,58,26,25,-1,-1,-1
253,27,163,184,49,36,-1,-1,-1
253,28,495,165,33,34,-1,-1,-1
253,29,206,135,37,32,-1,-1,-1
253,30,583,194,28,25,-1,-1,-1
253,31,537,111,26,22,-1,-1,-1
253,32,510,213,48,38,-1,-1,-1
254,26,489,58,26,25,-1,-1,-1
254,27,163,184,49,36,-1,-1,-1
254,28,495,165,33,34,-1,-1,-1
254,29,206,135,37,32,-1,-1,-1
254,30,583,194,28,25,-1,-1,-1
254,31,538,111,26,22,-1,-1,-1
254,32,510,213,48,38,-1,-1,-1
255,26,489,58,26,25,-1,-1,-1
255,27,163,184,49,36,-1,-1,-1
255,28,495,165,33,34,-1,-1,-1
255,29,206,135,37,32,-1,-1,-1
255,30,583,194,28,25,-1,-1,-1
255,31,538,111,26,22,-1,-1,-1
255,32,510,213,48,38,-1,-1,-1
256,26,489,58,26,25,-1,-1,-1
256,27,163,184,49,36,-1,-1,-1
256,28,495,165,33,34,-1,-1,-1
256,29,206,135,37,32,-1,-1,-1
256,30,583,194,28,25,-1,-1,-1
256,31,538,111,26,22,-1,-1,-1
256,32,510,213,48,38,-1,-1,-1
257,26,489,58,26,25,-1,-1,-1
257,27,163,184,49,36,-1,-1,-1
257,28,495,165,33,34,-1,-1,-1
257,29,206,135,37,32,-1,-1,-1
257,30,583,194,28,25,-1,-1,-1
257,31,538,111,26,22,-1,-1,-1
257,32,510,213,48,38,-1,-1,-1
258,26,489,58,26,25,-1,-1,-1
258,27,163,184,49,36,-1,-1,-1
258,28,495,165,33,34,-1,-1,-1
258,29,206,135,37,32,-1,-1,-1
258,30,583,194,28,25,-1,-1,-1
258,31,538,111,26,22,-1,-1,-1
258,32,510,213,48,38,-1,-1,-1
259,26,489,58,26,25,-1,-1,-1
259,27,163,184,49,36,-1,-1,-1
259,28,495,165,33,34,-1,-1,-1
259,29,206,135,37,32,-1,-1,-1
259,30,583,194,28,25,-1,-1,-1
259,31,538,111,26,22,-1,-1,-1
259,32,509,214,49,38,-1,-1,-1
260,26,489,58,26,25,-1,-1,-1
260,27,163,184,49,36,-1,-1,-1
260,28,495,165,33,34,-1,-1,-1
260,29,206,135,37,32,-1,-1,-1
260,30,583,194,28,25,-1,-1,-1
260,31,538,111,26,22,-1,-1,-1
260,32,506,216,49,39,-1,-1,-1
261,32,503,220,50,42,-1,-1,-1
262,32,498,225,51,44,-1,-1,-1
263,32,494,231,52,47,-1,-1,-1
264,32,491,233,53,49,-1,-1,-1
265,32,494,230,53,49,-1,-1,-1
266,32,501,222,52,47,-1,-1,-1
267,32,510,212,50,45,-1,-1,-1
268,32,520,202,48,43,-1,-1,-1
269,32,529,192,46,41,-1,-1,-1
270,32,538,182,42,39,-1,-1,-1
271,32,547,174,39,37,-1,-1,-1
272,32,556,166,37,34,-1,-1,-1
273,32,563,160,34,32,-1,-1,-1
274,32,571,152,32,30,-1,-1,-1
275,32,576,146,31,29,-1,-1,-1
276,32,582,139,30,29,-1,-1,-1
277,32,587,133,28,28,-1,-1,-1
278,32,591,128,27,27,-1,-1,-1
279,32,595,123,26,26,-1,-1,-1
280,32,598,119,26,25,-1,-1,-1
281,32,602,115,25,24,-1,-1,-1
282,32,606,111,24,23,-1,-1,-1
283,32,609,107,24,22,-1,-1,-1
284,32,613,103,24,22,-1,-1,-1
285,32,615,100,24,23,-1,-1,-1
286,32,617,97,24,23,-1,-1,-1
286,33,529,59,25,19,-1,-1,-1
287,32,619,95,24,22,-1,-1,-1
287,33,527,60,25,19,-1,-1,-1
288,32,621,94,24,22,-1,-1,-1
288,33,526,60,25,19,-1,-1,-1
289,32,622,93,24,21,-1,-1,-1
289,33,524,61,26,19,-1,-1,-1
290,32,623,92,24,21,-1,-1,-1
290,33,523,61,26,19,-1,-1,-1
290,34,539,138,24,21,-1,-1,-1
290,35,577,151,21,19,-1,-1,-1
290,36,38,180,52,41,-1,-1,-1
291,32,623,92,24,21,-1,-1,-1
291,33,523,61,26,19,-1,-1,-1
291,34,539,138,24,21,-1,-1,-1
291,35,577,151,21,19,-1,-1,-1
291,36,38,180,52,41,-1,-1,-1
292,32,623,91,24,21,-1,-1,-1
292,33,523,61,26,19,-1,-1,-1
292,34,539,138,24,21,-1,-1,-1
292,35,577,151,21,19,-1,-1,-1
292,36,38,180,52,41,-1,-1,-1
293,32,623,91,24,21,-1,-1,-1
293,33,523,61,26,19,-1,-1,-1
293,34,539,138,24,21,-1,-1,-1
293,35,577,151,21,19,-1,-1,-1
293,36,38,180,52,41,-1,-1,-1
294,32,623,91,24,21,-1,-1,-1
294,33,523,61,26,19,-1,-1,-1
294,34,539,138,24,21,-1,-1,-1
294,35,577,151,21,19,-1,-1,-1
294,36,38,180,52,41,-1,-1,-1
295,32,623,91,24,21,-1,-1,-1
295,33,523,61,26,19,-1,-1,-1
295,34,539,138,24,21,-1,-1,-1
295,35,577,151,21,19,-1,-1,-1
295,36,38,180,52,41,-1,-1,-1
296,32,623,91,24,21,-1,-1,-1
296,33,523,61,26,19,-1,-1,-1
296,34,539,138,24,21,-1,-1,-1
296,35,577,151,21,19,-1,-1,-1
296,36,38,180,52,41,-1,-1,-1
297,32,623,91,24,21,-1,-1,-1
297,33,523,61,26,19,-1,-1,-1
297,34,539,138,24,21,-1,-1,-1
297,35,577,151,21,19,-1,-1,-1
297,36,38,180,52,40,-1,-1,-1
298,32,623,91,24,21,-1,-1,-1
298,33,523,61,26,19,-1,-1,-1
298,34,539,138,24,21,-1,-1,-1
298,35,577,151,21,19,-1,-1,-1
298,36,38,180,52,40,-1,-1,-1
299,32,623,91,24,21,-1,-1,-1
299,33,523,61,26,19,-1,-1,-1
299,34,539,138,24,21,-1,-1,-1
299,35,577,151,21,19,-1,-1,-1
299,36,38,180,52,40,-1,-1,-1
300,32,623,91,24,21,-1,-1,-1
300,33,523,61,26,19,-1,-1,-1
300,34,539,138,24,21,-1,-1,-1
300,35,577,151,21,19,-1,-1,-1
300,36,38,180,52,40,-1,-1,-1
301,32,623,91,24,21,-1,-1,-1
301,33,523,61,26,19,-1,-1,-1
301,34,539,138,24,21,-1,-1,-1
301,35,577,151,21,19,-1,-1,-1
301,36,38,180,52,40,-1,-1,-1
302,32,623,91,24,21,-1,-1,-1
302,33,523,61,26,19,-1,-1,-1
302,34,539,138,24,21,-1,-1,-1
302,35,577,151,21,19,-1,-1,-1
302,36,38,180,52,40,-1,-1,-1
303,32,623,91,24,21,-1,-1,-1
303,33,523,61,26,19,-1,-1,-1
303,34,539,138,24,21,-1,-1,-1
303,35,577,151,21,19,-1,-1,-1
303,36,38,180,52,40,-1,-1,-1
306,37,448,82,37,21,-1,-1,-1
307,37,444,84,36,20,-1,-1,-1
308,37,441,85,35,20,-1,-1,-1
309,37,436,88,35,20,-1,-1,-1
310,37,434,89,35,20,-1,-1,-1
311,37,432,89,35,21,-1,-1,-1
336,38,377,275,55,44,-1,-1,-1
337,38,377,275,54,44,-1,-1,-1
338,38,377,277,54,43,-1,-1,-1
346,39,575,83,35,40,-1,-1,-1
347,39,577,82,34,39,-1,-1,-1
348,39,579,81,33,39,-1,-1,-1
349,39,581,82,32,37,-1,-1,-1
350,39,584,80,31,36,-1,-1,-1
351,39,587,80,31,33,-1,-1,-1
352,39,588,79,32,32,-1,-1,-1
353,39,589,79,31,31,-1,-1,-1
363,40,341,99,37,25,-1,-1,-1
364,40,337,100,36,25,-1,-1,-1
365,40,335,101,36,25,-1,-1,-1
370,41,568,127,26,19,-1,-1,-1
371,41,573,123,25,19,-1,-1,-1
371,42,523,115,27,21,-1,-1,-1
372,41,576,121,24,19,-1,-1,-1
372,42,527,112,26,21,-1,-1,-1
373,41,581,116,23,18,-1,-1,-1
373,42,530,110,25,21,-1,-1,-1
374,41,585,113,22,18,-1,-1,-1
374,42,535,107,25,20,-1,-1,-1
375,41,590,109,22,18,-1,-1,-1
375,42,539,105,24,20,-1,-1,-1
376,41,593,106,21,17,-1,-1,-1
376,42,544,102,24,20,-1,-1,-1
377,41,597,102,21,17,-1,-1,-1
377,42,549,99,24,20,-1,-1,-1
378,41,600,100,21,17,-1,-1,-1
378,42,553,96,24,20,-1,-1,-1
379,41,603,97,21,17,-1,-1,-1
379,42,557,94,23,19,-1,-1,-1
380,41,605,95,22,17,-1,-1,-1
380,42,560,92,24,19,-1,-1,-1
381,41,608,93,22,17,-1,-1,-1
381,42,564,89,23,19,-1,-1,-1
382,41,610,91,23,17,-1,-1,-1
382,42,568,87,23,19,-1,-1,-1
383,41,613,88,23,17,-1,-1,-1
383,42,571,85,23,19,-1,-1,-1
384,41,615,86,24,17,-1,-1,-1
384,42,574,83,23,19,-1,-1,-1
385,41,618,84,24,18,-1,-1,-1
385,42,576,81,24,18,-1,-1,-1
386,41,620,83,24,18,-1,-1,-1
386,42,578,80,23,18,-1,-1,-1
387,41,622,81,23,18,-1,-1,-1
387,42,581,78,22,17,-1,-1,-1
388,41,624,80,22,17,-1,-1,-1
388,42,584,77,21,17,-1,-1,-1
389,41,626,79,21,17,-1,-1,-1
389,42,586,75,21,17,-1,-1,-1
390,41,627,78,21,16,-1,-1,-1
390,42,588,73,21,17,-1,-1,-1
391,41,627,78,20,16,-1,-1,-1
391,42,590,72,22,17,-1,-1,-1
392,42,590,71,22,17,-1,-1,-1
393,42,591,71,22,17,-1,-1,-1
423,44,544,115,36,40,-1,-1,-1
424,44,548,112,35,38,-1,-1,-1
425,44,551,110,34,37,-1,-1,-1
426,44,555,107,33,37,-1,-1,-1
427,44,559,105,32,36,-1,-1,-1
428,44,563,102,31,35,-1,-1,-1
429,44,567,100,30,33,-1,-1,-1
430,44,571,97,29,31,-1,-1,-1
431,44,575,95,29,29,-1,-1,-1
432,44,578,93,28,28,-1,-1,-1
433,43,555,124,26,22,-1,-1,-1
433,44,582,92,27,27,-1,-1,-1
434,43,558,122,25,21,-1,-1,-1
434,44,585,90,25,26,-1,-1,-1
435,43,559,121,25,21,-1,-1,-1
435,44,588,89,25,26,-1,-1,-1
435,45,379,106,32,19,-1,-1,-1
436,43,560,121,25,20,-1,-1,-1
436,44,589,88,24,25,-1,-1,-1
436,45,373,107,33,19,-1,-1,-1
437,44,590,88,24,25,-1,-1,-1
437,45,368,108,33,20,-1,-1,-1
438,45,364,109,33,20,-1,-1,-1
438,46,300,115,37,23,-1,-1,-1
439,45,363,110,33,20,-1,-1,-1
439,46,291,117,38,23,-1,-1,-1
439,47,580,105,19,18,-1,-1,-1
440,46,284,120,39,24,-1,-1,-1
440,47,582,103,19,18,-1,-1,-1
441,46,273,124,40,24,-1,-1,-1
441,47,583,101,20,18,-1,-1,-1
442,46,261,127,42,24,-1,-1,-1
442,47,584,99,20,18,-1,-1,-1
443,46,246,131,43,24,-1,-1,-1
443,47,584,98,20,19,-1,-1,-1
443,48,609,75,22,22,-1,-1,-1
444,46,230,134,45,26,-1,-1,-1
444,48,610,74,21,22,-1,-1,-1
445,46,214,139,46,27,-1,-1,-1
445,48,610,74,21,22,-1,-1,-1
446,46,206,141,46,27,-1,-1,-1
447,46,201,143,46,27,-1,-1,-1
447,50,418,78,34,22,-1,-1,-1
448,50,413,79,36,22,-1,-1,-1
449,50,409,81,36,23,-1,-1,-1
450,49,600,121,26,22,-1,-1,-1
450,50,402,83,37,23,-1,-1,-1
451,49,603,117,27,22,-1,-1,-1
451,50,394,85,38,24,-1,-1,-1
451,47,548,124,29,26,-1,-1,-1
452,49,605,114,27,21,-1,-1,-1
452,50,386,87,39,24,-1,-1,-1
452,47,552,120,28,26,-1,-1,-1
453,49,607,111,26,20,-1,-1,-1
453,50,379,89,40,24,-1,-1,-1
453,47,555,118,27,25,-1,-1,-1
454,49,609,108,25,19,-1,-1,-1
454,50,372,91,39,25,-1,-1,-1
454,47,559,115,26,24,-1,-1,-1
455,49,612,104,24,18,-1,-1,-1
455,50,367,92,39,25,-1,-1,-1
455,47,563,112,25,23,-1,-1,-1
456,49,615,101,23,18,-1,-1,-1
456,50,360,94,39,25,-1,-1,-1
456,47,567,109,24,22,-1,-1,-1
457,49,617,98,22,19,-1,-1,-1
457,50,353,96,38,27,-1,-1,-1
457,47,571,106,23,21,-1,-1,-1
458,49,620,95,23,19,-1,-1,-1
458,50,345,97,39,28,-1,-1,-1
458,47,575,104,22,20,-1,-1,-1
459,49,620,94,23,18,-1,-1,-1
459,50,341,98,40,29,-1,-1,-1
459,47,578,101,22,19,-1,-1,-1
460,49,621,93,23,18,-1,-1,-1
460,50,338,99,41,29,-1,-1,-1
460,47,581,98,22,19,-1,-1,-1
461,47,584,96,22,19,-1,-1,-1
462,47,586,94,22,19,-1,-1,-1
463,47,589,92,22,19,-1,-1,-1
464,47,590,91,22,20,-1,-1,-1
465,47,590,90,22,19,-1,-1,-1
467,52,398,96,35,23,-1,-1,-1
468,52,391,97,36,23,-1,-1,-1
468,54,451,66,39,23,-1,-1,-1
469,52,385,99,37,24,-1,-1,-1
469,54,449,66,37,22,-1,-1,-1
470,52,377,102,37,23,-1,-1,-1
470,54,447,67,36,22,-1,-1,-1
471,52,369,104,37,23,-1,-1,-1
471,54,443,69,35,21,-1,-1,-1
472,52,360,107,38,24,-1,-1,-1
472,53,515,150,29,23,-1,-1,-1
472,54,437,71,35,21,-1,-1,-1
472,55,550,129,28,21,-1,-1,-1
473,52,350,110,38,24,-1,-1,-1
473,53,520,146,28,22,-1,-1,-1
473,54,431,73,37,22,-1,-1,-1
473,55,553,126,27,21,-1,-1,-1
474,52,345,111,39,25,-1,-1,-1
474,53,524,142,27,22,-1,-1,-1
474,54,424,74,39,24,-1,-1,-1
474,55,556,123,26,21,-1,-1,-1
475,52,341,113,39,24,-1,-1,-1
475,53,527,140,26,22,-1,-1,-1
475,54,416,75,41,26,-1,-1,-1
475,55,559,121,26,20,-1,-1,-1
476,53,529,139,26,21,-1,-1,-1
476,54,408,75,44,27,-1,-1,-1
476,55,563,117,25,20,-1,-1,-1
477,54,401,76,45,28,-1,-1,-1
477,55,566,114,25,19,-1,-1,-1
478,54,394,77,46,29,-1,-1,-1
478,55,570,111,24,19,-1,-1,-1
479,54,387,79,48,30,-1,-1,-1
479,55,574,107,23,18,-1,-1,-1
480,54,380,80,49,31,-1,-1,-1
480,55,577,104,22,18,-1,-1,-1
481,54,373,81,50,31,-1,-1,-1
481,55,579,102,22,19,-1,-1,-1
482,54,366,83,50,31,-1,-1,-1
482,55,581,99,22,21,-1,-1,-1
483,54,359,86,48,31,-1,-1,-1
483,55,582,98,23,22,-1,-1,-1
484,54,349,89,44,32,-1,-1,-1
484,55,583,96,23,22,-1,-1,-1
485,54,339,93,41,32,-1,-1,-1
485,55,585,94,22,21,-1,-1,-1
486,54,328,97,40,32,-1,-1,-1
486,55,588,92,22,21,-1,-1,-1
487,54,323,99,39,32,-1,-1,-1
487,55,591,89,21,21,-1,-1,-1
488,54,320,100,39,32,-1,-1,-1
488,55,594,87,21,21,-1,-1,-1
489,55,597,85,22,20,-1,-1,-1
489,56,511,62,27,27,-1,-1,-1
489,57,404,104,29,27,-1,-1,-1
490,55,598,84,22,20,-1,-1,-1
490,56,510,62,27,27,-1,-1,-1
490,57,395,106,29,27,-1,-1,-1
491,55,598,83,22,20,-1,-1,-1
491,56,509,62,27,27,-1,-1,-1
491,57,387,109,30,26,-1,-1,-1
492,57,376,113,31,27,-1,-1,-1
493,57,364,116,33,29,-1,-1,-1
494,57,359,117,34,30,-1,-1,-1
495,57,355,118,34,31,-1,-1,-1
501,58,531,142,27,21,-1,-1,-1
501,59,554,100,25,18,-1,-1,-1
502,58,532,141,28,21,-1,-1,-1
502,59,557,99,24,18,-1,-1,-1
502,64,565,118,23,17,-1,-1,-1
503,58,532,140,28,21,-1,-1,-1
503,59,560,99,24,18,-1,-1,-1
503,64,568,116,23,17,-1,-1,-1
504,59,563,98,25,19,-1,-1,-1
504,64,569,114,23,18,-1,-1,-1
505,59,565,96,27,19,-1,-1,-1
505,64,571,112,23,18,-1,-1,-1
506,59,567,95,28,19,-1,-1,-1
506,64,573,111,23,18,-1,-1,-1
507,59,569,93,29,20,-1,-1,-1
507,64,574,110,22,18,-1,-1,-1
508,59,571,92,29,20,-1,-1,-1
508,64,576,109,22,18,-1,-1,-1
509,59,573,91,29,20,-1,-1,-1
509,64,577,108,22,18,-1,-1,-1
510,59,575,89,29,20,-1,-1,-1
510,64,579,108,22,18,-1,-1,-1
511,59,577,88,29,20,-1,-1,-1
511,64,580,107,22,18,-1,-1,-1
512,59,579,87,29,20,-1,-1,-1
512,64,582,106,22,18,-1,-1,-1
513,59,581,86,29,21,-1,-1,-1
513,64,583,105,22,18,-1,-1,-1
514,59,583,84,29,21,-1,-1,-1
514,64,585,104,22,18,-1,-1,-1
515,59,586,83,28,21,-1,-1,-1
515,64,587,103,22,18,-1,-1,-1
516,59,588,82,28,21,-1,-1,-1
516,64,588,103,22,18,-1,-1,-1
517,59,590,80,28,21,-1,-1,-1
517,64,590,102,22,18,-1,-1,-1
518,59,592,79,28,21,-1,-1,-1
518,64,591,101,22,18,-1,-1,-1
519,59,594,78,28,22,-1,-1,-1
519,64,593,100,22,18,-1,-1,-1
520,59,596,77,28,22,-1,-1,-1
520,64,594,99,22,18,-1,-1,-1
520,65,496,132,36,26,-1,-1,-1
521,59,598,75,28,22,-1,-1,-1
521,64,596,98,22,18,-1,-1,-1
521,65,501,129,35,25,-1,-1,-1
522,59,600,74,28,22,-1,-1,-1
522,64,597,98,22,18,-1,-1,-1
522,65,504,127,35,25,-1,-1,-1
523,59,602,73,27,22,-1,-1,-1
523,64,599,97,22,18,-1,-1,-1
523,65,509,124,34,24,-1,-1,-1
524,59,605,72,26,21,-1,-1,-1
524,61,585,134,28,26,-1,-1,-1
524,64,601,96,22,18,-1,-1,-1
524,65,515,121,33,23,-1,-1,-1
525,59,607,71,25,20,-1,-1,-1
525,61,588,130,28,25,-1,-1,-1
525,64,602,95,22,18,-1,-1,-1
525,65,520,118,32,22,-1,-1,-1
526,59,608,71,25,20,-1,-1,-1
526,61,591,127,27,24,-1,-1,-1
526,64,604,94,22,18,-1,-1,-1
526,65,525,115,32,22,-1,-1,-1
527,59,609,71,24,19,-1,-1,-1
527,61,594,123,26,23,-1,-1,-1
527,64,605,93,22,18,-1,-1,-1
527,65,530,112,31,22,-1,-1,-1
528,60,352,88,28,25,-1,-1,-1
528,61,597,120,25,22,-1,-1,-1
528,64,607,93,22,18,-1,-1,-1
528,65,535,110,31,22,-1,-1,-1
529,60,353,87,27,26,-1,-1,-1
529,61,600,116,24,21,-1,-1,-1
529,64,608,92,22,18,-1,-1,-1
529,65,540,108,31,22,-1,-1,-1
530,60,353,87,27,26,-1,-1,-1
530,61,603,113,23,20,-1,-1,-1
530,64,610,91,22,18,-1,-1,-1
530,65,544,106,30,22,-1,-1,-1
531,60,354,87,26,26,-1,-1,-1
531,61,606,110,23,20,-1,-1,-1
531,64,611,90,22,18,-1,-1,-1
531,65,548,103,29,21,-1,-1,-1
532,61,607,109,23,20,-1,-1,-1
532,64,613,89,22,18,-1,-1,-1
532,65,552,101,27,20,-1,-1,-1
533,61,607,108,23,20,-1,-1,-1
533,64,615,88,22,18,-1,-1,-1
533,65,556,99,26,20,-1,-1,-1
534,63,489,141,32,23,-1,-1,-1
534,64,616,88,22,18,-1,-1,-1
534,65,559,97,25,19,-1,-1,-1
535,63,494,138,31,21,-1,-1,-1
535,64,618,87,22,18,-1,-1,-1
535,65,563,95,24,18,-1,-1,-1
536,63,499,135,31,20,-1,-1,-1
536,64,619,86,22,18,-1,-1,-1
536,65,566,93,24,17,-1,-1,-1
537,62,403,76,50,35,-1,-1,-1
537,63,506,131,29,19,-1,-1,-1
537,64,621,85,22,18,-1,-1,-1
537,65,569,91,23,17,-1,-1,-1
538,62,398,77,53,36,-1,-1,-1
538,63,512,127,28,19,-1,-1,-1
538,64,622,84,22,18,-1,-1,-1
538,65,573,89,22,16,-1,-1,-1
539,62,394,78,54,36,-1,-1,-1
539,63,517,124,27,18,-1,-1,-1
539,64,624,83,22,19,-1,-1,-1
539,65,576,87,22,15,-1,-1,-1
540,62,391,79,55,36,-1,-1,-1
540,63,521,122,26,18,-1,-1,-1
540,64,625,82,22,19,-1,-1,-1
540,65,579,86,21,14,-1,-1,-1
541,62,390,80,54,36,-1,-1,-1
541,63,522,121,26,17,-1,-1,-1
541,64,626,81,22,19,-1,-1,-1
541,65,581,84,21,14,-1,-1,-1
542,64,627,81,21,18,-1,-1,-1
542,65,584,83,21,14,-1,-1,-1
543,64,629,80,21,18,-1,-1,-1
543,65,585,82,20,13,-1,-1,-1
544,64,630,80,21,17,-1,-1,-1
544,65,585,82,20,13,-1,-1,-1
545,64,630,79,21,17,-1,-1,-1
559,66,18,192,50,36,-1,-1,-1
560,66,18,192,50,36,-1,-1,-1
561,66,18,192,50,36,-1,-1,-1
562,66,18,192,50,36,-1,-1,-1
563,66,18,192,50,36,-1,-1,-1
586,67,354,93,30,24,-1,-1,-1
587,67,354,93,31,24,-1,-1,-1
588,67,354,93,30,24,-1,-1,-1
589,67,355,93,30,23,-1,-1,-1
590,67,355,93,30,23,-1,-1,-1
591,67,355,93,30,23,-1,-1,-1
607,68,470,65,47,35,-1,-1,-1
608,68,467,66,47,34,-1,-1,-1
609,68,466,67,47,34,-1,-1,-1
610,68,466,67,46,34,-1,-1,-1
614,69,515,150,38,34,-1,-1,-1
615,69,522,146,35,33,-1,-1,-1
616,69,526,142,34,33,-1,-1,-1
617,69,530,139,34,33,-1,-1,-1
618,69,532,137,33,33,-1,-1,-1
621,70,486,137,34,29,-1,-1,-1
622,70,492,133,34,28,-1,-1,-1
622,71,564,109,28,26,-1,-1,-1
623,70,496,131,33,28,-1,-1,-1
623,71,567,106,27,25,-1,-1,-1
624,70,503,127,33,28,-1,-1,-1
624,71,570,104,27,25,-1,-1,-1
625,70,508,123,33,27,-1,-1,-1
625,71,573,101,26,24,-1,-1,-1
626,70,515,119,33,26,-1,-1,-1
626,71,576,99,26,24,-1,-1,-1
627,70,521,114,32,26,-1,-1,-1
627,71,579,98,25,24,-1,-1,-1
628,70,524,112,32,26,-1,-1,-1
628,71,582,96,25,24,-1,-1,-1
629,70,525,111,32,26,-1,-1,-1
629,71,585,94,26,24,-1,-1,-1
630,71,587,92,27,24,-1,-1,-1
631,71,589,91,28,24,-1,-1,-1
631,78,546,95,31,26,-1,-1,-1
632,71,590,90,28,24,-1,-1,-1
632,78,546,94,32,27,-1,-1,-1
633,78,546,93,32,27,-1,-1,-1
637,75,493,145,40,35,-1,-1,-1
638,75,501,140,37,34,-1,-1,-1
639,72,440,26,27,25,-1,-1,-1
639,75,506,136,37,34,-1,-1,-1
640,72,439,26,27,25,-1,-1,-1
640,75,515,131,36,33,-1,-1,-1
641,72,439,26,27,25,-1,-1,-1
641,75,522,126,35,33,-1,-1,-1
642,75,530,120,35,33,-1,-1,-1
643,75,537,115,34,33,-1,-1,-1
644,75,543,111,32,31,-1,-1,-1
645,75,549,106,31,30,-1,-1,-1
646,75,554,101,30,28,-1,-1,-1
647,74,607,101,25,24,-1,-1,-1
647,75,559,97,28,26,-1,-1,-1
648,73,574,148,29,30,-1,-1,-1
648,74,608,100,25,23,-1,-1,-1
648,75,565,92,27,24,-1,-1,-1
649,73,577,144,28,30,-1,-1,-1
649,74,609,98,24,23,-1,-1,-1
649,75,570,89,25,22,-1,-1,-1
649,77,397,75,54,37,-1,-1,-1
650,73,580,141,28,30,-1,-1,-1
650,74,611,97,24,23,-1,-1,-1
650,75,573,86,25,22,-1,-1,-1
650,76,378,104,35,25,-1,-1,-1
650,77,394,75,55,36,-1,-1,-1
651,73,584,137,28,29,-1,-1,-1
651,74,613,96,24,23,-1,-1,-1
651,75,576,84,25,22,-1,-1,-1
651,76,371,106,36,24,-1,-1,-1
651,77,391,76,55,35,-1,-1,-1
652,73,587,133,28,28,-1,-1,-1
652,74,615,94,24,22,-1,-1,-1
652,75,579,82,25,22,-1,-1,-1
652,76,365,108,36,24,-1,-1,-1
652,77,387,78,53,32,-1,-1,-1
652,79,541,130,30,27,-1,-1,-1
653,73,591,130,28,28,-1,-1,-1
653,74,617,92,24,22,-1,-1,-1
653,75,581,81,24,20,-1,-1,-1
653,76,358,111,35,24,-1,-1,-1
653,77,382,82,48,30,-1,-1,-1
653,79,545,126,29,26,-1,-1,-1
654,73,595,126,28,26,-1,-1,-1
654,74,619,91,25,22,-1,-1,-1
654,75,584,80,24,20,-1,-1,-1
654,76,348,114,35,24,-1,-1,-1
654,77,377,85,42,27,-1,-1,-1
654,79,549,124,28,25,-1,-1,-1
655,73,598,122,27,25,-1,-1,-1
655,74,621,89,25,22,-1,-1,-1
655,75,587,79,23,19,-1,-1,-1
655,76,338,118,36,24,-1,-1,-1
655,77,371,89,38,26,-1,-1,-1
655,79,554,120,27,23,-1,-1,-1
656,73,601,119,26,24,-1,-1,-1
656,74,623,87,25,22,-1,-1,-1
656,75,590,79,23,18,-1,-1,-1
656,76,332,120,36,24,-1,-1,-1
656,77,364,91,36,25,-1,-1,-1
656,79,559,117,25,22,-1,-1,-1
657,73,604,115,26,24,-1,-1,-1
657,74,624,85,24,22,-1,-1,-1
657,75,594,78,21,17,-1,-1,-1
657,76,327,121,37,24,-1,-1,-1
657,77,357,92,36,26,-1,-1,-1
657,79,564,113,24,21,-1,-1,-1
657,81,568,156,28,29,-1,-1,-1
658,73,607,112,25,23,-1,-1,-1
658,74,626,84,24,21,-1,-1,-1
658,75,596,77,20,17,-1,-1,-1
658,77,349,92,35,28,-1,-1,-1
658,79,567,110,24,21,-1,-1,-1
658,81,572,152,27,29,-1,-1,-1
659,73,610,109,24,22,-1,-1,-1
659,74,628,83,23,20,-1,-1,-1
659,75,598,76,20,17,-1,-1,-1
659,77,341,93,36,31,-1,-1,-1
659,79,571,107,24,21,-1,-1,-1
659,81,575,149,27,28,-1,-1,-1
660,73,613,107,24,21,-1,-1,-1
660,74,629,83,22,20,-1,-1,-1
660,75,599,75,20,17,-1,-1,-1
660,77,333,95,36,32,-1,-1,-1
660,79,574,104,23,20,-1,-1,-1
660,81,579,144,26,27,-1,-1,-1
660,83,508,190,54,63,-1,-1,-1
661,73,615,104,23,21,-1,-1,-1
661,74,630,82,21,19,-1,-1,-1
661,77,323,99,38,33,-1,-1,-1
661,79,578,101,23,20,-1,-1,-1
661,81,583,140,26,26,-1,-1,-1
661,83,516,182,53,61,-1,-1,-1
662,73,617,102,22,20,-1,-1,-1
662,74,632,80,21,19,-1,-1,-1
662,77,313,103,39,32,-1,-1,-1
662,79,582,98,21,20,-1,-1,-1
662,80,564,120,23,23,-1,-1,-1
662,81,588,135,25,26,-1,-1,-1
662,83,522,177,51,59,-1,-1,-1
663,73,619,100,22,20,-1,-1,-1
663,74,633,78,21,19,-1,-1,-1
663,77,303,106,39,32,-1,-1,-1
663,79,586,96,21,19,-1,-1,-1
663,80,565,119,23,23,-1,-1,-1
663,81,591,130,25,25,-1,-1,-1
663,83,530,170,50,57,-1,-1,-1
664,73,619,100,22,20,-1,-1,-1
664,74,635,77,21,19,-1,-1,-1
664,77,290,110,39,33,-1,-1,-1
664,79,588,95,21,19,-1,-1,-1
664,80,565,119,23,23,-1,-1,-1
664,81,593,128,25,25,-1,-1,-1
664,83,537,163,47,54,-1,-1,-1
665,74,635,77,21,19,-1,-1,-1
665,77,276,113,41,34,-1,-1,-1
665,79,588,95,21,18,-1,-1,-1
665,81,593,126,25,24,-1,-1,-1
665,83,546,156,44,51,-1,-1,-1
666,74,636,76,21,19,-1,-1,-1
666,77,262,118,42,33,-1,-1,-1
666,83,554,149,39,49,-1,-1,-1
667,74,636,76,21,18,-1,-1,-1
667,77,256,119,42,33,-1,-1,-1
667,83,560,143,36,47,-1,-1,-1
668,74,636,75,21,18,-1,-1,-1
668,77,252,121,40,33,-1,-1,-1
668,82,610,107,22,20,-1,-1,-1
668,83,566,137,34,46,-1,-1,-1
669,74,636,75,21,18,-1,-1,-1
669,82,610,104,23,21,-1,-1,-1
669,83,572,133,32,44,-1,-1,-1
670,74,636,75,21,17,-1,-1,-1
670,82,610,102,24,21,-1,-1,-1
670,83,575,131,31,44,-1,-1,-1
671,74,636,75,21,17,-1,-1,-1
671,82,611,99,25,21,-1,-1,-1
671,83,576,129,31,44,-1,-1,-1
672,82,613,96,24,21,-1,-1,-1
673,82,615,93,24,21,-1,-1,-1
674,82,617,92,24,21,-1,-1,-1
674,80,557,120,26,25,-1,-1,-1
675,82,617,92,24,20,-1,-1,-1
675,80,560,117,25,25,-1,-1,-1
676,80,562,114,25,25,-1,-1,-1
677,80,566,110,25,25,-1,-1,-1
677,86,366,96,38,21,-1,-1,-1
678,80,568,108,25,24,-1,-1,-1
678,86,361,97,37,22,-1,-1,-1
679,80,570,107,25,24,-1,-1,-1
679,86,357,98,37,22,-1,-1,-1
680,85,621,79,27,19,-1,-1,-1
680,86,351,100,37,22,-1,-1,-1
681,85,622,77,27,18,-1,-1,-1
681,86,343,102,38,22,-1,-1,-1
682,85,623,76,27,18,-1,-1,-1
682,86,334,104,39,23,-1,-1,-1
682,87,433,78,34,21,-1,-1,-1
682,88,563,155,28,26,-1,-1,-1
683,85,624,74,27,18,-1,-1,-1
683,86,323,107,40,23,-1,-1,-1
683,87,431,78,34,21,-1,-1,-1
683,88,567,150,28,26,-1,-1,-1
684,85,624,73,27,18,-1,-1,-1
684,86,312,110,40,23,-1,-1,-1
684,87,430,78,33,21,-1,-1,-1
684,88,570,146,27,26,-1,-1,-1
685,85,624,71,27,19,-1,-1,-1
685,86,300,114,40,23,-1,-1,-1
685,88,574,142,26,25,-1,-1,-1
685,89,575,108,23,19,-1,-1,-1
686,85,624,71,27,18,-1,-1,-1
686,86,289,117,41,23,-1,-1,-1
686,88,578,137,25,24,-1,-1,-1
686,89,578,107,22,20,-1,-1,-1
687,86,275,120,43,24,-1,-1,-1
687,88,580,135,25,23,-1,-1,-1
687,89,578,106,22,20,-1,-1,-1
688,86,268,122,44,24,-1,-1,-1
688,88,581,133,24,23,-1,-1,-1
688,89,579,106,22,21,-1,-1,-1
689,86,263,123,45,25,-1,-1,-1
694,90,611,64,33,26,-1,-1,-1
695,90,611,64,33,26,-1,-1,-1
696,90,611,64,33,26,-1,-1,-1
711,91,404,96,34,21,-1,-1,-1
712,91,398,98,34,22,-1,-1,-1
713,91,392,100,34,22,-1,-1,-1
714,91,384,103,34,22,-1,-1,-1
715,91,380,104,34,22,-1,-1,-1
716,91,377,105,34,23,-1,-1,-1
733,92,436,76,30,20,-1,-1,-1
734,92,431,76,31,20,-1,-1,-1
735,92,426,76,33,21,-1,-1,-1
736,92,419,76,36,22,-1,-1,-1
737,92,413,78,37,23,-1,-1,-1
738,92,408,80,37,23,-1,-1,-1
739,92,402,83,37,23,-1,-1,-1
740,92,397,86,37,23,-1,-1,-1
741,92,391,87,37,23,-1,-1,-1
742,92,383,88,38,23,-1,-1,-1
743,92,375,90,38,24,-1,-1,-1
744,92,367,91,40,26,-1,-1,-1
745,92,358,93,40,27,-1,-1,-1
746,92,348,96,40,28,-1,-1,-1
747,92,343,97,39,27,-1,-1,-1
748,92,340,99,39,27,-1,-1,-1
750,93,575,145,28,28,-1,-1,-1
750,94,570,84,35,42,-1,-1,-1
751,93,579,142,28,27,-1,-1,-1
751,94,573,82,35,41,-1,-1,-1
752,93,579,140,28,27,-1,-1,-1
752,94,575,81,34,40,-1,-1,-1
753,93,581,139,28,27,-1,-1,-1
753,94,578,79,34,38,-1,-1,-1
754,94,580,77,32,35,-1,-1,-1
755,94,584,77,30,32,-1,-1,-1
756,94,588,76,29,29,-1,-1,-1
757,94,592,76,28,27,-1,-1,-1
758,94,594,75,26,26,-1,-1,-1
759,94,597,74,25,25,-1,-1,-1
760,94,598,73,24,25,-1,-1,-1
761,94,599,73,23,24,-1,-1,-1
764,95,623,92,20,18,-1,-1,-1
765,95,623,92,20,17,-1,-1,-1
766,95,623,92,20,17,-1,-1,-1
768,96,107,101,49,47,-1,-1,-1
768,100,621,57,31,30,-1,-1,-1
769,96,107,101,49,47,-1,-1,-1
769,100,621,58,29,29,-1,-1,-1
770,96,107,101,50,47,-1,-1,-1
770,100,621,59,28,27,-1,-1,-1
771,100,620,61,28,27,-1,-1,-1
772,100,619,62,27,26,-1,-1,-1
773,100,618,63,27,25,-1,-1,-1
774,100,618,64,26,25,-1,-1,-1
775,100,617,65,26,24,-1,-1,-1
776,100,616,67,26,24,-1,-1,-1
777,100,615,68,26,23,-1,-1,-1
778,100,614,69,25,23,-1,-1,-1
779,100,613,70,25,22,-1,-1,-1
780,100,612,71,25,22,-1,-1,-1
781,100,611,72,25,22,-1,-1,-1
782,99,561,164,34,30,-1,-1,-1
782,100,610,74,24,21,-1,-1,-1
783,99,565,159,33,28,-1,-1,-1
783,100,609,75,24,21,-1,-1,-1
784,99,569,155,32,28,-1,-1,-1
784,100,608,76,24,20,-1,-1,-1
785,99,573,151,31,27,-1,-1,-1
785,100,607,77,23,20,-1,-1,-1
786,97,581,139,30,25,-1,-1,-1
786,99,577,146,30,26,-1,-1,-1
786,100,606,78,23,19,-1,-1,-1
787,97,584,135,30,25,-1,-1,-1
787,99,581,142,29,25,-1,-1,-1
787,100,605,80,23,19,-1,-1,-1
788,97,587,133,29,24,-1,-1,-1
788,98,592,91,22,18,-1,-1,-1
788,99,585,137,28,24,-1,-1,-1
788,100,604,81,23,18,-1,-1,-1
789,97,590,129,28,23,-1,-1,-1
789,98,595,89,21,18,-1,-1,-1
789,99,589,133,27,24,-1,-1,-1
789,100,603,82,22,18,-1,-1,-1
790,97,591,128,28,22,-1,-1,-1
790,98,595,89,22,18,-1,-1,-1
790,99,593,128,26,23,-1,-1,-1
790,100,602,83,22,17,-1,-1,-1
791,97,593,127,27,22,-1,-1,-1
791,98,596,88,22,18,-1,-1,-1
791,99,597,124,25,22,-1,-1,-1
791,100,602,84,22,17,-1,-1,-1
792,99,600,119,25,21,-1,-1,-1
792,100,602,84,21,17,-1,-1,-1
793,99,603,115,25,20,-1,-1,-1
793,100,603,83,21,16,-1,-1,-1
794,99,605,112,25,19,-1,-1,-1
794,100,604,82,22,16,-1,-1,-1
795,99,608,108,25,18,-1,-1,-1
795,100,606,80,22,16,-1,-1,-1
796,99,609,105,25,18,-1,-1,-1
796,100,607,78,23,16,-1,-1,-1
797,99,611,102,25,18,-1,-1,-1
797,100,608,77,23,17,-1,-1,-1
798,99,611,101,26,18,-1,-1,-1
798,100,609,75,24,17,-1,-1,-1
799,99,611,100,26,18,-1,-1,-1
799,100,610,73,25,18,-1,-1,-1
800,100,611,71,26,19,-1,-1,-1
801,100,613,70,26,18,-1,-1,-1
802,100,614,69,26,18,-1,-1,-1
803,100,616,68,26,18,-1,-1,-1
804,100,618,67,26,18,-1,-1,-1
805,100,618,66,26,18,-1,-1,-1
806,100,619,66,26,18,-1,-1,-1
816,101,355,89,32,26,-1,-1,-1
817,101,355,89,32,26,-1,-1,-1
818,101,355,89,31,26,-1,-1,-1
819,101,355,89,31,26,-1,-1,-1
820,101,355,89,31,26,-1,-1,-1
821,101,355,89,30,25,-1,-1,-1
822,101,355,89,30,25,-1,-1,-1
823,101,355,89,30,25,-1,-1,-1
824,101,355,89,29,25,-1,-1,-1
825,101,355,89,29,25,-1,-1,-1
826,101,355,89,29,25,-1,-1,-1
826,102,517,123,29,25,-1,-1,-1
827,101,355,89,29,25,-1,-1,-1
827,102,521,120,28,24,-1,-1,-1
828,102,525,118,28,24,-1,-1,-1
828,103,493,173,33,31,-1,-1,-1
829,102,531,115,27,24,-1,-1,-1
829,103,499,169,32,29,-1,-1,-1
830,102,537,111,26,23,-1,-1,-1
830,103,504,165,32,27,-1,-1,-1
831,102,543,108,24,22,-1,-1,-1
831,103,511,160,31,26,-1,-1,-1
832,102,547,107,24,21,-1,-1,-1
832,103,518,154,30,26,-1,-1,-1
833,102,548,107,23,21,-1,-1,-1
833,103,526,148,29,25,-1,-1,-1
834,103,533,142,28,24,-1,-1,-1
835,103,541,136,27,24,-1,-1,-1
836,103,548,131,27,23,-1,-1,-1
836,104,569,91,26,20,-1,-1,-1
837,103,554,125,26,22,-1,-1,-1
837,104,572,89,26,20,-1,-1,-1
838,103,559,121,25,21,-1,-1,-1
838,104,575,87,25,20,-1,-1,-1
839,103,563,116,24,21,-1,-1,-1
839,104,578,85,25,20,-1,-1,-1
839,108,567,163,29,30,-1,-1,-1
839,110,493,140,48,41,-1,-1,-1
840,103,564,114,24,21,-1,-1,-1
840,104,580,84,25,20,-1,-1,-1
840,108,570,159,29,29,-1,-1,-1
840,110,498,136,48,40,-1,-1,-1
841,103,566,113,24,20,-1,-1,-1
841,104,583,82,26,20,-1,-1,-1
841,108,573,155,29,29,-1,-1,-1
841,110,504,133,47,38,-1,-1,-1
842,104,585,81,27,20,-1,-1,-1
842,108,576,151,28,29,-1,-1,-1
842,110,512,129,45,35,-1,-1,-1
843,104,588,78,28,21,-1,-1,-1
843,105,430,87,36,21,-1,-1,-1
843,108,580,146,28,28,-1,-1,-1
843,110,521,125,41,33,-1,-1,-1
844,104,590,76,30,21,-1,-1,-1
844,105,428,88,35,20,-1,-1,-1
844,108,585,142,27,27,-1,-1,-1
844,110,529,120,38,32,-1,-1,-1
845,104,590,75,30,22,-1,-1,-1
845,105,427,88,35,20,-1,-1,-1
845,108,589,137,26,27,-1,-1,-1
845,110,538,115,36,31,-1,-1,-1
846,104,591,75,31,22,-1,-1,-1
846,108,593,132,24,26,-1,-1,-1
846,110,544,111,35,30,-1,-1,-1
847,108,596,127,24,26,-1,-1,-1
847,110,549,109,33,29,-1,-1,-1
848,106,391,89,48,32,-1,-1,-1
848,108,600,122,23,25,-1,-1,-1
848,110,551,107,33,29,-1,-1,-1
849,106,388,90,48,32,-1,-1,-1
849,107,607,63,34,27,-1,-1,-1
849,108,604,117,23,24,-1,-1,-1
849,110,553,106,33,28,-1,-1,-1
850,106,387,91,48,31,-1,-1,-1
850,107,610,63,33,27,-1,-1,-1
850,108,607,113,22,22,-1,-1,-1
850,110,554,105,33,28,-1,-1,-1
851,107,612,62,32,27,-1,-1,-1
851,108,610,108,22,21,-1,-1,-1
851,110,554,104,33,28,-1,-1,-1
852,107,614,62,32,26,-1,-1,-1
852,108,613,105,22,20,-1,-1,-1
852,109,578,93,25,24,-1,-1,-1
852,110,555,103,33,29,-1,-1,-1
853,107,614,62,32,25,-1,-1,-1
853,108,614,103,22,20,-1,-1,-1
853,109,581,91,24,23,-1,-1,-1
853,110,555,102,33,29,-1,-1,-1
854,107,614,62,32,25,-1,-1,-1
854,108,614,103,21,19,-1,-1,-1
854,109,581,91,24,23,-1,-1,-1
854,110,555,101,34,29,-1,-1,-1
855,109,582,90,24,22,-1,-1,-1
855,110,555,100,34,29,-1,-1,-1
856,110,555,99,34,29,-1,-1,-1
857,110,555,98,34,30,-1,-1,-1
858,110,555,97,35,30,-1,-1,-1
859,110,555,96,35,30,-1,-1,-1
860,110,556,96,34,29,-1,-1,-1
861,110,557,96,33,27,-1,-1,-1
862,110,558,96,31,25,-1,-1,-1
863,110,559,96,31,25,-1,-1,-1
868,111,607,106,25,23,-1,-1,-1
869,111,608,105,24,23,-1,-1,-1
870,111,608,105,24,23,-1,-1,-1
879,111,576,146,29,27,-1,-1,-1
880,111,580,141,28,27,-1,-1,-1
881,112,239,131,48,27,-1,-1,-1
881,111,583,137,28,27,-1,-1,-1
881,114,363,103,36,25,-1,-1,-1
882,112,229,135,48,26,-1,-1,-1
882,111,587,132,27,26,-1,-1,-1
882,114,356,104,37,26,-1,-1,-1
883,112,218,138,49,26,-1,-1,-1
883,111,590,128,27,26,-1,-1,-1
883,114,350,105,40,28,-1,-1,-1
884,112,211,140,50,26,-1,-1,-1
884,111,594,123,26,26,-1,-1,-1
884,114,340,108,43,30,-1,-1,-1
885,112,205,141,50,26,-1,-1,-1
885,111,597,119,26,26,-1,-1,-1
885,114,329,110,47,31,-1,-1,-1
886,111,600,115,25,26,-1,-1,-1
886,114,315,115,49,30,-1,-1,-1
887,111,604,111,25,25,-1,-1,-1
887,114,300,119,51,31,-1,-1,-1
888,111,607,108,24,23,-1,-1,-1
888,114,284,124,53,32,-1,-1,-1
889,111,609,104,24,22,-1,-1,-1
889,114,269,128,56,33,-1,-1,-1
890,111,612,102,24,20,-1,-1,-1
890,114,261,131,57,33,-1,-1,-1
891,111,614,99,24,19,-1,-1,-1
891,114,256,132,59,33,-1,-1,-1
892,111,617,97,25,18,-1,-1,-1
893,111,618,96,25,18,-1,-1,-1
894,111,619,95,25,18,-1,-1,-1
894,115,534,109,28,22,-1,-1,-1
895,115,539,107,26,22,-1,-1,-1
896,115,543,104,25,21,-1,-1,-1
897,115,546,102,26,21,-1,-1,-1
898,115,551,99,26,21,-1,-1,-1
898,116,435,73,32,21,-1,-1,-1
899,115,554,97,27,21,-1,-1,-1
899,116,430,73,33,21,-1,-1,-1
900,115,559,94,26,21,-1,-1,-1
900,116,426,73,35,22,-1,-1,-1
901,115,563,92,26,21,-1,-1,-1
901,116,420,74,36,23,-1,-1,-1
902,115,567,89,25,21,-1,-1,-1
902,116,415,75,38,24,-1,-1,-1
903,115,571,87,25,21,-1,-1,-1
903,116,408,76,39,24,-1,-1,-1
904,115,574,84,25,21,-1,-1,-1
904,116,402,77,40,25,-1,-1,-1
905,115,577,83,26,21,-1,-1,-1
905,116,395,79,41,26,-1,-1,-1
906,115,578,81,26,21,-1,-1,-1
906,116,389,80,41,26,-1,-1,-1
907,115,578,81,27,21,-1,-1,-1
907,116,382,82,42,27,-1,-1,-1
908,116,376,83,43,28,-1,-1,-1
909,116,368,85,44,29,-1,-1,-1
910,116,359,87,45,30,-1,-1,-1
911,116,355,88,46,30,-1,-1,-1
912,116,351,89,46,30,-1,-1,-1
951,117,287,112,46,30,-1,-1,-1
951,119,577,83,36,42,-1,-1,-1
952,117,277,115,46,30,-1,-1,-1
952,119,579,82,36,40,-1,-1,-1
953,117,274,116,46,31,-1,-1,-1
953,119,580,81,36,39,-1,-1,-1
954,117,269,117,46,31,-1,-1,-1
954,119,583,80,35,38,-1,-1,-1
955,119,585,81,34,36,-1,-1,-1
956,119,587,82,33,32,-1,-1,-1
957,119,590,82,32,29,-1,-1,-1
958,119,593,81,31,28,-1,-1,-1
959,119,595,80,30,27,-1,-1,-1
960,119,597,79,30,26,-1,-1,-1
961,119,598,76,30,26,-1,-1,-1
962,119,599,74,29,26,-1,-1,-1
963,119,603,71,28,26,-1,-1,-1
964,119,606,68,27,25,-1,-1,-1
965,119,609,66,25,23,-1,-1,-1
966,119,611,65,25,23,-1,-1,-1
967,118,559,157,33,35,-1,-1,-1
967,119,612,65,26,23,-1,-1,-1
968,118,563,153,32,34,-1,-1,-1
968,119,613,64,27,24,-1,-1,-1
969,118,567,149,31,32,-1,-1,-1
969,119,613,64,27,24,-1,-1,-1
970,118,572,144,30,30,-1,-1,-1
970,119,613,63,27,24,-1,-1,-1
971,118,577,137,30,30,-1,-1,-1
971,119,614,62,26,23,-1,-1,-1
972,118,581,131,30,30,-1,-1,-1
972,119,615,61,26,23,-1,-1,-1
973,118,585,125,30,29,-1,-1,-1
973,119,617,59,26,24,-1,-1,-1
974,118,589,121,29,28,-1,-1,-1
974,119,618,59,25,24,-1,-1,-1
975,118,592,117,28,27,-1,-1,-1
975,119,619,58,25,25,-1,-1,-1
976,118,597,113,27,26,-1,-1,-1
976,119,619,58,25,24,-1,-1,-1
977,118,600,110,27,24,-1,-1,-1
978,118,604,107,26,22,-1,-1,-1
979,118,607,104,25,21,-1,-1,-1
980,118,610,101,25,21,-1,-1,-1
981,118,613,98,24,21,-1,-1,-1
982,118,615,95,24,21,-1,-1,-1
983,118,617,93,24,22,-1,-1,-1
984,118,619,90,24,22,-1,-1,-1
985,118,622,87,24,23,-1,-1,-1
986,118,623,86,24,23,-1,-1,-1
987,118,624,85,25,23,-1,-1,-1
989,120,559,86,38,43,-1,-1,-1
990,120,561,83,38,45,-1,-1,-1
991,120,564,81,38,46,-1,-1,-1
992,120,567,78,37,47,-1,-1,-1
993,120,570,75,37,46,-1,-1,-1
994,120,574,74,36,44,-1,-1,-1
995,120,576,74,35,43,-1,-1,-1
996,120,577,73,34,43,-1,-1,-1
1152,123,541,110,26,21,-1,-1,-1
1153,123,545,107,26,20,-1,-1,-1
1154,123,548,105,26,20,-1,-1,-1
1155,123,551,103,27,20,-1,-1,-1
1156,123,554,101,27,20,-1,-1,-1
1157,121,504,130,27,20,-1,-1,-1
1157,122,393,101,36,34,-1,-1,-1
1157,123,555,99,28,20,-1,-1,-1
1158,121,504,130,27,20,-1,-1,-1
1158,122,393,101,36,34,-1,-1,-1
1158,123,556,98,27,20,-1,-1,-1
1158,124,563,124,27,20,-1,-1,-1
1158,125,277,134,41,25,-1,-1,-1
1159,121,504,130,27,20,-1,-1,-1
1159,122,393,101,36,34,-1,-1,-1
1159,123,557,98,28,20,-1,-1,-1
1159,124,563,124,27,20,-1,-1,-1
1159,125,277,134,41,25,-1,-1,-1
1160,121,504,130,27,20,-1,-1,-1
1160,122,393,101,36,34,-1,-1,-1
1160,123,557,98,27,20,-1,-1,-1
1160,124,563,124,27,20,-1,-1,-1
1160,125,277,134,41,25,-1,-1,-1
1161,121,504,130,28,20,-1,-1,-1
1161,122,393,101,36,34,-1,-1,-1
1161,123,557,98,28,20,-1,-1,-1
1161,124,563,124,27,20,-1,-1,-1
1161,125,277,134,41,25,-1,-1,-1
1162,121,504,130,27,20,-1,-1,-1
1162,122,393,101,36,34,-1,-1,-1
1162,123,557,98,28,20,-1,-1,-1
1162,124,563,124,27,20,-1,-1,-1
1162,125,277,134,41,25,-1,-1,-1
1163,121,504,130,27,20,-1,-1,-1
1163,122,393,101,36,34,-1,-1,-1
1163,123,557,98,28,20,-1,-1,-1
1163,124,563,124,27,20,-1,-1,-1
1163,125,277,134,41,25,-1,-1,-1
1164,121,504,130,27,20,-1,-1,-1
1164,122,393,101,36,34,-1,-1,-1
1164,123,557,98,28,20,-1,-1,-1
1164,124,563,124,27,20,-1,-1,-1
1164,125,277,134,41,25,-1,-1,-1
1165,121,504,130,27,20,-1,-1,-1
1165,122,393,101,36,34,-1,-1,-1
1165,123,557,98,28,20,-1,-1,-1
1165,124,563,124,27,20,-1,-1,-1
1165,125,277,134,41,25,-1,-1,-1
1166,121,504,130,28,20,-1,-1,-1
1166,122,393,101,36,34,-1,-1,-1
1166,123,557,98,28,20,-1,-1,-1
1166,124,563,124,27,20,-1,-1,-1
1166,125,277,134,41,25,-1,-1,-1
1167,121,504,130,28,20,-1,-1,-1
1167,122,393,101,36,34,-1,-1,-1
1167,123,557,98,28,20,-1,-1,-1
1167,124,563,124,27,20,-1,-1,-1
1167,125,277,134,41,25,-1,-1,-1
1168,121,504,130,28,20,-1,-1,-1
1168,122,393,101,36,34,-1,-1,-1
1168,123,557,98,28,20,-1,-1,-1
1168,124,563,124,27,20,-1,-1,-1
1168,125,277,134,41,25,-1,-1,-1
1169,121,504,130,28,20,-1,-1,-1
1169,122,393,101,36,34,-1,-1,-1
1169,123,557,98,28,20,-1,-1,-1
1169,124,563,124,27,20,-1,-1,-1
1169,125,277,134,41,25,-1,-1,-1
1170,121,504,130,28,20,-1,-1,-1
1170,122,393,101,36,34,-1,-1,-1
1170,123,557,98,28,20,-1,-1,-1
1170,124,563,124,27,20,-1,-1,-1
1170,125,277,134,41,25,-1,-1,-1
1171,121,504,130,28,20,-1,-1,-1
1171,122,393,101,36,34,-1,-1,-1
1171,123,557,98,28,20,-1,-1,-1
1171,124,563,124,27,20,-1,-1,-1
1171,125,277,134,41,25,-1,-1,-1
1178,126,598,121,24,22,-1,-1,-1
1179,126,599,120,23,21,-1,-1,-1
1180,126,601,120,23,21,-1,-1,-1
1181,127,442,84,34,23,-1,-1,-1
1182,127,438,86,33,22,-1,-1,-1
1183,127,434,87,33,22,-1,-1,-1
1183,128,321,109,40,23,-1,-1,-1
1184,127,429,89,32,21,-1,-1,-1
1184,128,318,110,40,23,-1,-1,-1
1185,127,426,90,31,21,-1,-1,-1
1185,128,317,110,40,23,-1,-1,-1
1186,127,424,90,31,21,-1,-1,-1
1189,129,374,104,41,25,-1,-1,-1
1190,129,366,104,43,27,-1,-1,-1
1191,129,359,105,44,28,-1,-1,-1
1192,129,349,108,44,29,-1,-1,-1
1193,129,338,111,43,29,-1,-1,-1
1194,129,326,115,43,29,-1,-1,-1
1195,129,314,120,44,28,-1,-1,-1
1196,129,307,121,45,29,-1,-1,-1
1197,129,303,123,45,29,-1,-1,-1
1222,131,550,118,36,33,-1,-1,-1
1223,131,553,115,35,31,-1,-1,-1
1224,131,555,114,34,29,-1,-1,-1
1225,131,559,111,33,27,-1,-1,-1
1226,130,358,91,29,23,-1,-1,-1
1226,131,563,108,31,25,-1,-1,-1
1227,130,357,91,29,23,-1,-1,-1
1227,131,567,106,29,24,-1,-1,-1
1228,130,357,90,30,24,-1,-1,-1
1228,131,571,103,29,24,-1,-1,-1
1229,130,357,90,30,24,-1,-1,-1
1229,131,574,100,30,24,-1,-1,-1
1230,130,356,89,31,25,-1,-1,-1
1230,131,577,97,31,25,-1,-1,-1
1231,131,580,94,32,26,-1,-1,-1
1232,131,583,91,31,26,-1,-1,-1
1233,131,586,89,31,26,-1,-1,-1
1234,131,589,88,29,25,-1,-1,-1
1235,131,592,86,28,24,-1,-1,-1
1236,131,595,84,27,23,-1,-1,-1
1236,132,527,139,35,33,-1,-1,-1
1237,131,597,82,27,23,-1,-1,-1
1237,132,532,135,34,32,-1,-1,-1
1238,131,600,81,28,22,-1,-1,-1
1238,132,535,132,34,31,-1,-1,-1
1239,131,602,79,28,21,-1,-1,-1
1239,132,540,128,34,29,-1,-1,-1
1240,131,603,79,28,21,-1,-1,-1
1240,132,545,125,33,27,-1,-1,-1
1241,131,604,79,28,21,-1,-1,-1
1241,132,550,120,32,26,-1,-1,-1
1242,132,555,116,31,25,-1,-1,-1
1243,132,559,112,31,24,-1,-1,-1
1244,132,561,110,30,24,-1,-1,-1
1245,132,562,109,30,24,-1,-1,-1
1292,133,610,77,26,20,-1,-1,-1
1293,133,611,76,26,20,-1,-1,-1
1294,133,612,76,25,20,-1,-1,-1
1299,134,262,121,47,28,-1,-1,-1
1300,134,251,124,47,28,-1,-1,-1
1301,134,248,125,48,28,-1,-1,-1
1302,134,243,127,48,28,-1,-1,-1
1316,135,324,102,45,28,-1,-1,-1
1317,135,316,104,45,28,-1,-1,-1
1318,135,310,108,43,27,-1,-1,-1
1319,135,300,111,43,27,-1,-1,-1
1320,135,296,114,42,25,-1,-1,-1
1321,135,292,115,42,26,-1,-1,-1
1324,136,388,78,57,37,-1,-1,-1
1325,136,382,81,54,35,-1,-1,-1
1326,136,378,83,51,34,-1,-1,-1
1327,136,374,84,50,33,-1,-1,-1
1328,136,372,84,50,33,-1,-1,-1
1362,137,343,113,49,26,-1,-1,-1
1363,137,336,115,51,26,-1,-1,-1
1364,137,330,118,52,26,-1,-1,-1
1365,137,318,120,55,26,-1,-1,-1
1366,137,306,124,58,27,-1,-1,-1
1367,137,291,128,59,29,-1,-1,-1
1368,137,274,133,59,30,-1,-1,-1
1369,137,265,135,58,30,-1,-1,-1
1370,137,260,137,57,30,-1,-1,-1
1375,138,321,136,35,24,-1,-1,-1
1375,139,456,80,25,25,-1,-1,-1
1376,138,319,136,34,24,-1,-1,-1
1376,139,456,80,25,25,-1,-1,-1
1376,140,74,198,56,32,-1,-1,-1
1376,141,375,109,31,24,-1,-1,-1
1376,142,305,325,30,28,-1,-1,-1
1377,138,319,136,34,24,-1,-1,-1
1377,139,456,80,25,25,-1,-1,-1
1377,140,74,198,56,32,-1,-1,-1
1377,141,375,109,31,24,-1,-1,-1
1377,142,305,325,30,28,-1,-1,-1
1378,138,319,136,34,24,-1,-1,-1
1378,139,456,80,25,25,-1,-1,-1
1378,140,74,198,56,32,-1,-1,-1
1378,141,375,109,31,24,-1,-1,-1
1378,142,305,325,30,28,-1,-1,-1
1379,138,319,136,34,24,-1,-1,-1
1379,139,456,80,25,25,-1,-1,-1
1379,140,74,198,56,32,-1,-1,-1
1379,141,375,109,31,24,-1,-1,-1
1379,142,305,325,30,28,-1,-1,-1
1380,138,319,136,34,24,-1,-1,-1
1380,139,456,80,25,24,-1,-1,-1
1380,140,74,198,56,32,-1,-1,-1
1380,141,375,109,31,24,-1,-1,-1
1380,142,305,325,30,28,-1,-1,-1
1381,138,319,136,34,24,-1,-1,-1
1381,139,456,80,25,25,-1,-1,-1
1381,140,74,198,56,32,-1,-1,-1
1381,141,375,109,31,24,-1,-1,-1
1381,142,305,325,30,28,-1,-1,-1
1382,138,319,136,34,24,-1,-1,-1
1382,139,456,80,25,25,-1,-1,-1
1382,140,74,198,56,32,-1,-1,-1
1382,141,375,109,31,24,-1,-1,-1
1382,142,305,325,30,28,-1,-1,-1
1383,138,319,136,34,24,-1,-1,-1
1383,139,456,80,25,25,-1,-1,-1
1383,140,74,198,56,32,-1,-1,-1
1383,141,375,109,31,24,-1,-1,-1
1383,142,305,325,30,28,-1,-1,-1
1384,138,319,136,34,24,-1,-1,-1
1384,139,456,80,25,25,-1,-1,-1
1384,140,74,198,56,32,-1,-1,-1
1384,141,375,109,31,24,-1,-1,-1
1384,142,305,325,30,28,-1,-1,-1
1385,138,319,136,34,24,-1,-1,-1
1385,139,456,80,25,25,-1,-1,-1
1385,140,74,198,56,32,-1,-1,-1
1385,141,375,109,31,24,-1,-1,-1
1385,142,305,325,30,28,-1,-1,-1
1386,138,319,136,34,24,-1,-1,-1
1386,139,456,80,25,25,-1,-1,-1
1386,140,74,198,56,32,-1,-1,-1
1386,141,375,109,31,24,-1,-1,-1
1386,142,305,325,30,28,-1,-1,-1
1387,138,319,136,34,24,-1,-1,-1
1387,139,456,80,25,24,-1,-1,-1
1387,140,74,198,56,32,-1,-1,-1
1387,141,375,109,31,24,-1,-1,-1
1387,142,305,325,30,28,-1,-1,-1
1388,138,319,136,34,24,-1,-1,-1
1388,139,455,80,25,24,-1,-1,-1
1388,140,74,198,56,32,-1,-1,-1
1388,141,375,109,31,24,-1,-1,-1
1388,142,305,325,30,28,-1,-1,-1
1389,138,319,136,34,24,-1,-1,-1
1389,139,455,80,25,24,-1,-1,-1
1389,140,74,198,56,32,-1,-1,-1
1389,141,375,109,31,24,-1,-1,-1
1389,142,305,325,30,28,-1,-1,-1
1390,139,455,80,26,24,-1,-1,-1
1393,143,517,59,29,20,-1,-1,-1
1394,143,516,59,29,20,-1,-1,-1
1395,143,516,59,29,20,-1,-1,-1
1398,144,391,80,54,39,-1,-1,-1
1399,144,385,80,56,41,-1,-1,-1
1400,144,380,82,54,40,-1,-1,-1
1401,144,372,86,51,39,-1,-1,-1
1402,144,363,91,47,37,-1,-1,-1
1403,144,351,97,46,35,-1,-1,-1
1404,144,345,99,46,35,-1,-1,-1
1405,144,341,102,47,34,-1,-1,-1
1430,145,532,135,28,26,-1,-1,-1
1431,145,537,132,26,24,-1,-1,-1
1432,145,541,130,25,23,-1,-1,-1
1433,145,547,125,24,23,-1,-1,-1
1434,145,552,121,24,23,-1,-1,-1
1435,145,557,117,24,23,-1,-1,-1
1436,145,561,113,23,23,-1,-1,-1
1437,145,563,112,23,23,-1,-1,-1
1438,145,566,110,23,22,-1,-1,-1
1439,145,567,110,22,22,-1,-1,-1
1440,145,569,109,22,22,-1,-1,-1
1441,145,571,108,22,22,-1,-1,-1
1442,145,572,108,22,22,-1,-1,-1
1443,145,574,107,22,22,-1,-1,-1
1444,145,575,107,22,22,-1,-1,-1
1445,145,577,106,22,22,-1,-1,-1
1446,145,578,106,22,22,-1,-1,-1
1447,145,580,105,22,22,-1,-1,-1
1448,145,581,105,21,22,-1,-1,-1
1449,145,582,104,21,22,-1,-1,-1
1450,145,584,104,21,22,-1,-1,-1
1451,145,585,103,21,22,-1,-1,-1
1452,145,587,103,21,22,-1,-1,-1
1453,145,588,102,21,22,-1,-1,-1
1454,145,590,102,21,21,-1,-1,-1
1455,145,591,101,21,21,-1,-1,-1
1456,145,593,101,21,21,-1,-1,-1
1457,145,594,100,21,21,-1,-1,-1
1458,145,596,100,21,21,-1,-1,-1
1459,145,597,99,21,21,-1,-1,-1
1460,145,598,99,20,21,-1,-1,-1
1461,145,600,98,20,21,-1,-1,-1
1462,145,601,98,20,21,-1,-1,-1
1463,145,603,97,20,21,-1,-1,-1
1464,145,604,97,20,21,-1,-1,-1
1465,145,606,96,20,21,-1,-1,-1
1466,145,607,96,20,21,-1,-1,-1
1467,145,609,95,20,21,-1,-1,-1
1468,145,610,95,20,21,-1,-1,-1
1469,145,612,94,20,21,-1,-1,-1
1470,145,613,94,20,21,-1,-1,-1
1471,145,615,93,20,21,-1,-1,-1
1472,145,615,92,20,21,-1,-1,-1
1473,145,616,92,20,22,-1,-1,-1
1480,146,531,140,28,22,-1,-1,-1
1481,146,536,136,28,21,-1,-1,-1
1482,146,540,132,27,21,-1,-1,-1
1483,146,545,128,27,20,-1,-1,-1
1484,146,550,124,26,20,-1,-1,-1
1485,146,556,120,26,20,-1,-1,-1
1486,146,558,118,26,21,-1,-1,-1
1487,146,559,116,26,21,-1,-1,-1
1493,147,607,105,21,19,-1,-1,-1
1494,147,608,104,20,18,-1,-1,-1
1495,147,610,102,19,18,-1,-1,-1
1496,147,611,100,19,18,-1,-1,-1
1497,147,613,98,19,17,-1,-1,-1
1498,147,616,97,19,17,-1,-1,-1
1499,147,618,95,20,17,-1,-1,-1
1500,147,620,93,20,17,-1,-1,-1
1501,147,621,91,20,18,-1,-1,-1
1502,147,622,89,20,19,-1,-1,-1
1503,147,622,88,21,19,-1,-1,-1
1504,147,622,87,21,19,-1,-1,-1
1504,148,563,158,35,33,-1,-1,-1
1505,148,567,152,33,33,-1,-1,-1
1506,148,571,148,33,32,-1,-1,-1
1507,148,576,143,31,30,-1,-1,-1
1508,148,580,138,30,28,-1,-1,-1
1509,148,585,134,29,26,-1,-1,-1
1510,148,590,130,27,24,-1,-1,-1
1511,148,594,126,26,23,-1,-1,-1
1511,149,350,83,53,43,-1,-1,-1
1512,148,598,122,25,22,-1,-1,-1
1512,149,346,83,52,43,-1,-1,-1
1512,151,553,143,33,30,-1,-1,-1
1513,148,601,118,24,22,-1,-1,-1
1513,149,345,84,52,43,-1,-1,-1
1513,151,557,139,32,28,-1,-1,-1
1514,148,604,114,24,21,-1,-1,-1
1514,151,561,136,31,27,-1,-1,-1
1515,148,606,113,24,20,-1,-1,-1
1515,151,566,131,31,26,-1,-1,-1
1516,148,606,111,24,20,-1,-1,-1
1516,151,572,127,30,25,-1,-1,-1
1517,151,576,123,29,24,-1,-1,-1
1518,150,618,98,20,16,-1,-1,-1
1518,151,581,118,28,24,-1,-1,-1
1519,150,619,97,20,16,-1,-1,-1
1519,151,585,113,28,24,-1,-1,-1
1520,150,619,96,20,16,-1,-1,-1
1520,151,589,109,28,25,-1,-1,-1
1521,151,592,105,28,25,-1,-1,-1
1522,151,595,101,28,25,-1,-1,-1
1523,151,599,98,28,24,-1,-1,-1
1524,151,602,96,28,23,-1,-1,-1
1525,151,605,94,28,22,-1,-1,-1
1526,151,608,92,27,21,-1,-1,-1
1527,151,610,90,27,21,-1,-1,-1
1528,151,611,88,27,22,-1,-1,-1
1529,151,613,85,27,22,-1,-1,-1
1530,151,614,82,28,22,-1,-1,-1
1531,151,615,81,29,22,-1,-1,-1
1532,151,615,80,30,22,-1,-1,-1
1534,152,626,76,25,19,-1,-1,-1
1534,153,395,79,55,32,-1,-1,-1
1535,152,627,75,24,19,-1,-1,-1
1535,153,394,80,54,32,-1,-1,-1
1536,152,627,75,24,19,-1,-1,-1
1536,153,395,81,53,31,-1,-1,-1
1537,152,628,75,23,19,-1,-1,-1
1548,154,64,181,62,34,-1,-1,-1
1548,155,396,243,58,43,-1,-1,-1
1549,154,63,181,62,34,-1,-1,-1
1549,155,396,242,59,43,-1,-1,-1
1549,156,296,135,40,24,-1,-1,-1
1550,154,63,181,62,34,-1,-1,-1
1550,155,396,242,59,43,-1,-1,-1
1550,156,296,135,40,24,-1,-1,-1
1551,154,63,181,62,34,-1,-1,-1
1551,155,396,242,59,43,-1,-1,-1
1551,156,296,135,40,24,-1,-1,-1
1552,154,63,181,62,34,-1,-1,-1
1552,155,396,242,59,43,-1,-1,-1
1552,156,296,135,40,24,-1,-1,-1
1553,154,63,181,62,34,-1,-1,-1
1553,155,396,242,59,43,-1,-1,-1
1553,156,296,135,40,24,-1,-1,-1
1554,154,63,181,62,34,-1,-1,-1
1554,155,396,242,59,43,-1,-1,-1
1554,156,296,135,40,24,-1,-1,-1
1555,154,63,181,62,34,-1,-1,-1
1555,155,396,242,59,43,-1,-1,-1
1555,156,296,135,40,24,-1,-1,-1
1556,154,63,181,62,34,-1,-1,-1
1556,155,396,242,59,43,-1,-1,-1
1556,156,296,135,40,24,-1,-1,-1
1557,154,63,181,62,34,-1,-1,-1
1557,155,396,242,59,43,-1,-1,-1
1557,156,296,135,40,24,-1,-1,-1
1558,154,63,181,62,34,-1,-1,-1
1558,155,396,242,59,43,-1,-1,-1
1558,156,296,135,40,24,-1,-1,-1
1559,154,63,181,62,34,-1,-1,-1
1559,155,396,242,59,43,-1,-1,-1
1559,156,296,135,40,24,-1,-1,-1
1560,154,63,181,62,34,-1,-1,-1
1560,155,396,242,59,43,-1,-1,-1
1560,156,296,135,40,24,-1,-1,-1
1569,157,487,143,31,24,-1,-1,-1
1569,158,583,97,21,21,-1,-1,-1
1570,157,489,141,30,24,-1,-1,-1
1570,158,584,97,21,20,-1,-1,-1
1571,157,491,141,30,24,-1,-1,-1
1571,158,584,97,21,20,-1,-1,-1
1572,158,584,97,21,20,-1,-1,-1
1576,159,351,91,29,24,-1,-1,-1
1577,159,351,90,29,25,-1,-1,-1
1578,159,352,90,29,25,-1,-1,-1
1579,159,352,90,28,24,-1,-1,-1
1580,159,353,91,28,24,-1,-1,-1
1581,159,354,92,27,23,-1,-1,-1
1582,159,354,93,26,22,-1,-1,-1
1583,159,355,93,25,21,-1,-1,-1
1583,160,521,149,33,25,-1,-1,-1
1584,159,355,93,25,21,-1,-1,-1
1584,160,525,145,32,25,-1,-1,-1
1585,159,355,94,26,21,-1,-1,-1
1585,160,527,144,32,25,-1,-1,-1
1586,159,354,94,26,21,-1,-1,-1
1586,160,529,142,31,25,-1,-1,-1
1587,159,354,94,27,21,-1,-1,-1
1588,159,354,94,27,21,-1,-1,-1
1594,161,579,104,21,15,-1,-1,-1
1594,162,617,100,20,14,-1,-1,-1
1595,161,581,102,20,14,-1,-1,-1
1595,162,619,98,20,13,-1,-1,-1
1596,161,583,100,20,14,-1,-1,-1
1596,162,620,96,20,13,-1,-1,-1
1597,161,585,98,20,14,-1,-1,-1
1597,162,622,94,20,13,-1,-1,-1
1598,161,588,96,20,14,-1,-1,-1
1598,162,623,92,20,13,-1,-1,-1
1599,161,590,95,20,14,-1,-1,-1
1599,162,625,89,19,13,-1,-1,-1
1600,161,591,94,20,14,-1,-1,-1
1600,162,626,87,19,13,-1,-1,-1
1601,162,628,85,18,13,-1,-1,-1
1602,162,629,83,17,13,-1,-1,-1
1603,162,630,82,17,13,-1,-1,-1
1604,162,630,81,17,13,-1,-1,-1
1610,163,552,125,27,19,-1,-1,-1
1611,163,556,122,26,19,-1,-1,-1
1612,163,558,120,25,18,-1,-1,-1
1613,163,560,119,24,17,-1,-1,-1
1614,163,561,118,25,17,-1,-1,-1
1624,163,545,136,29,20,-1,-1,-1
1625,163,549,132,27,19,-1,-1,-1
1626,163,553,130,26,18,-1,-1,-1
1627,163,557,126,25,17,-1,-1,-1
1628,163,562,123,23,16,-1,-1,-1
1629,163,566,119,22,15,-1,-1,-1
1630,164,525,119,27,18,-1,-1,-1
1630,163,571,116,20,15,-1,-1,-1
1631,164,527,118,26,18,-1,-1,-1
1631,163,572,114,20,15,-1,-1,-1
1632,164,528,118,26,18,-1,-1,-1
1632,163,574,113,19,15,-1,-1,-1
1637,166,555,99,26,19,-1,-1,-1
1638,166,557,98,26,19,-1,-1,-1
1639,166,559,96,26,18,-1,-1,-1
1640,166,561,95,25,18,-1,-1,-1
1641,166,562,94,25,17,-1,-1,-1
1642,166,562,93,25,17,-1,-1,-1
1650,166,561,97,26,15,-1,-1,-1
1651,166,562,95,26,16,-1,-1,-1
1651,168,356,96,24,21,-1,-1,-1
1652,166,562,95,27,16,-1,-1,-1
1652,168,356,96,23,20,-1,-1,-1
1653,166,563,94,27,16,-1,-1,-1
1653,168,356,95,23,20,-1,-1,-1
1654,168,356,95,23,20,-1,-1,-1
1655,168,355,95,23,20,-1,-1,-1
1656,168,355,95,23,19,-1,-1,-1
1657,168,355,95,23,19,-1,-1,-1
1658,168,355,95,23,19,-1,-1,-1
1672,169,396,73,57,39,-1,-1,-1
1673,169,390,74,57,39,-1,-1,-1
1674,169,386,74,56,39,-1,-1,-1
1675,169,384,75,55,39,-1,-1,-1
1676,169,382,76,54,39,-1,-1,-1
1680,170,328,101,37,33,-1,-1,-1
1681,170,324,101,38,34,-1,-1,-1
1682,170,322,102,37,34,-1,-1,-1
1682,172,536,137,28,27,-1,-1,-1
1683,172,541,133,28,26,-1,-1,-1
1684,172,544,130,27,26,-1,-1,-1
1685,172,549,126,27,25,-1,-1,-1
1686,171,356,92,26,26,-1,-1,-1
1686,172,554,123,26,24,-1,-1,-1
1687,171,355,92,26,25,-1,-1,-1
1687,172,560,119,25,23,-1,-1,-1
1688,171,355,93,26,24,-1,-1,-1
1688,172,565,115,24,22,-1,-1,-1
1689,171,355,93,26,23,-1,-1,-1
1689,172,570,111,23,22,-1,-1,-1
1690,171,355,93,25,22,-1,-1,-1
1690,172,575,108,23,22,-1,-1,-1
1691,172,578,106,23,21,-1,-1,-1
1692,172,582,103,22,21,-1,-1,-1
1693,172,584,100,22,20,-1,-1,-1
1694,172,587,98,22,20,-1,-1,-1
1694,173,550,123,24,23,-1,-1,-1
1695,172,590,96,22,21,-1,-1,-1
1695,173,554,120,23,23,-1,-1,-1
1696,172,592,94,22,20,-1,-1,-1
1696,173,558,117,23,22,-1,-1,-1
1697,172,594,91,22,20,-1,-1,-1
1697,173,563,114,22,21,-1,-1,-1
1698,172,596,90,21,19,-1,-1,-1
1698,173,567,111,21,20,-1,-1,-1
1699,172,596,89,22,19,-1,-1,-1
1699,173,571,108,20,19,-1,-1,-1
1699,174,594,125,20,21,-1,-1,-1
1700,173,575,106,19,19,-1,-1,-1
1700,174,596,123,19,20,-1,-1,-1
1701,173,577,105,19,19,-1,-1,-1
1701,174,599,120,20,20,-1,-1,-1
1702,173,578,104,19,19,-1,-1,-1
1702,174,601,116,21,20,-1,-1,-1
1703,174,604,112,22,21,-1,-1,-1
1704,174,605,110,23,21,-1,-1,-1
1705,174,605,109,24,21,-1,-1,-1
1713,176,595,105,40,55,-1,-1,-1
1714,176,598,101,39,53,-1,-1,-1
1715,176,600,99,38,50,-1,-1,-1
1716,175,580,93,26,23,-1,-1,-1
1716,176,604,96,35,46,-1,-1,-1
1717,175,582,92,25,22,-1,-1,-1
1717,176,607,94,34,44,-1,-1,-1
1718,175,584,91,24,21,-1,-1,-1
1718,176,610,92,32,41,-1,-1,-1
1719,175,585,91,24,21,-1,-1,-1
1719,176,614,88,31,37,-1,-1,-1
1720,175,586,90,24,21,-1,-1,-1
1720,176,617,86,30,35,-1,-1,-1
1721,176,618,83,31,34,-1,-1,-1
1722,176,620,81,31,35,-1,-1,-1
1723,176,622,80,30,34,-1,-1,-1
1724,176,624,78,29,32,-1,-1,-1
1725,176,625,78,27,31,-1,-1,-1
1725,178,424,91,29,18,-1,-1,-1
1726,176,627,77,26,30,-1,-1,-1
1726,178,419,92,31,18,-1,-1,-1
1727,176,629,77,25,29,-1,-1,-1
1727,178,415,92,33,19,-1,-1,-1
1728,176,630,76,24,28,-1,-1,-1
1728,178,410,93,34,20,-1,-1,-1
1729,176,630,77,23,28,-1,-1,-1
1729,177,338,105,35,22,-1,-1,-1
1729,178,404,95,36,20,-1,-1,-1
1730,177,332,106,36,22,-1,-1,-1
1730,178,398,97,36,21,-1,-1,-1
1731,177,330,106,36,22,-1,-1,-1
1731,178,390,100,38,21,-1,-1,-1
1732,177,328,107,36,22,-1,-1,-1
1732,178,383,102,38,21,-1,-1,-1
1733,178,375,104,39,21,-1,-1,-1
1734,178,366,107,39,22,-1,-1,-1
1735,178,356,110,38,22,-1,-1,-1
1736,178,345,114,38,22,-1,-1,-1
1737,178,334,118,38,22,-1,-1,-1
1738,178,322,121,40,23,-1,-1,-1
1739,178,310,124,41,24,-1,-1,-1
1740,178,295,128,43,25,-1,-1,-1
1741,178,288,130,44,25,-1,-1,-1
1742,178,283,132,45,25,-1,-1,-1
1744,179,373,99,37,34,-1,-1,-1
1745,179,370,100,37,33,-1,-1,-1
1746,179,368,100,37,34,-1,-1,-1
1809,180,101,189,61,48,-1,-1,-1
1810,180,102,188,58,48,-1,-1,-1
1811,180,102,188,57,48,-1,-1,-1
1823,181,354,93,36,27,-1,-1,-1
1824,181,351,94,36,27,-1,-1,-1
1825,181,349,94,36,27,-1,-1,-1
1845,182,565,145,33,37,-1,-1,-1
1846,182,567,144,32,36,-1,-1,-1
1847,182,568,144,32,36,-1,-1,-1
1860,183,543,120,33,29,-1,-1,-1
1861,183,546,116,32,29,-1,-1,-1
1862,183,547,115,32,30,-1,-1,-1
1863,183,548,112,32,30,-1,-1,-1
1882,184,383,84,50,29,-1,-1,-1
1883,184,376,85,49,29,-1,-1,-1
1883,185,559,156,35,36,-1,-1,-1
1884,184,371,86,49,30,-1,-1,-1
1884,185,563,152,34,34,-1,-1,-1
1885,184,363,89,48,30,-1,-1,-1
1885,185,566,148,34,34,-1,-1,-1
1886,184,355,91,45,30,-1,-1,-1
1886,185,571,144,33,32,-1,-1,-1
1887,184,347,94,44,31,-1,-1,-1
1887,185,576,139,33,32,-1,-1,-1
1888,184,337,96,44,32,-1,-1,-1
1888,185,580,134,33,31,-1,-1,-1
1889,184,326,98,46,33,-1,-1,-1
1889,185,584,129,33,30,-1,-1,-1
1890,184,321,100,46,33,-1,-1,-1
1890,185,588,125,32,28,-1,-1,-1
1891,184,317,101,47,33,-1,-1,-1
1891,185,592,121,31,27,-1,-1,-1
1892,185,596,117,31,27,-1,-1,-1
1893,185,599,113,31,26,-1,-1,-1
1894,185,601,110,31,26,-1,-1,-1
1895,185,602,108,31,25,-1,-1,-1
1896,185,604,107,30,24,-1,-1,-1
1897,185,606,104,29,23,-1,-1,-1
1898,185,608,102,28,22,-1,-1,-1
1898,186,254,129,53,45,-1,-1,-1
1899,185,610,99,26,21,-1,-1,-1
1899,186,253,129,55,47,-1,-1,-1
1900,185,613,96,25,21,-1,-1,-1
1900,186,250,130,56,49,-1,-1,-1
1901,185,615,93,24,20,-1,-1,-1
1901,186,246,132,57,50,-1,-1,-1
1902,185,618,90,23,20,-1,-1,-1
1902,186,246,132,55,46,-1,-1,-1
1903,185,620,88,23,19,-1,-1,-1
1903,186,250,132,51,40,-1,-1,-1
1904,185,622,85,22,18,-1,-1,-1
1904,186,257,130,46,32,-1,-1,-1
1905,185,623,84,22,18,-1,-1,-1
1905,186,260,129,43,30,-1,-1,-1
1906,185,624,84,22,18,-1,-1,-1
1906,186,261,129,43,29,-1,-1,-1
1941,187,579,139,28,25,-1,-1,-1
1942,187,582,135,28,25,-1,-1,-1
1943,187,584,132,27,24,-1,-1,-1
1944,187,587,128,27,24,-1,-1,-1
1945,187,591,124,26,23,-1,-1,-1
1946,187,592,121,25,23,-1,-1,-1
1947,187,593,120,25,23,-1,-1,-1
1957,188,354,94,24,19,-1,-1,-1
1958,188,354,94,24,19,-1,-1,-1
1959,188,354,94,24,19,-1,-1,-1
1960,188,354,95,24,19,-1,-1,-1
1976,189,377,95,42,25,-1,-1,-1
1977,189,372,98,38,25,-1,-1,-1
1978,189,366,98,37,27,-1,-1,-1
1979,189,359,98,36,29,-1,-1,-1
1980,189,350,98,38,32,-1,-1,-1
1981,189,343,98,40,33,-1,-1,-1
1982,189,338,98,42,35,-1,-1,-1
1983,189,337,99,42,35,-1,-1,-1
1984,189,336,99,41,35,-1,-1,-1
1985,189,336,99,39,35,-1,-1,-1
1986,189,337,100,38,35,-1,-1,-1
1987,189,337,100,36,34,-1,-1,-1
1988,189,337,101,36,34,-1,-1,-1
1989,189,337,101,35,34,-1,-1,-1
1994,190,552,125,27,24,-1,-1,-1
1995,190,556,123,26,23,-1,-1,-1
1996,190,559,120,25,23,-1,-1,-1
1997,190,562,117,25,22,-1,-1,-1
1998,190,564,116,25,22,-1,-1,-1
1999,190,565,115,24,21,-1,-1,-1
2001,191,534,115,23,19,-1,-1,-1
2002,191,537,112,23,18,-1,-1,-1
2002,192,466,57,40,23,-1,-1,-1
2003,191,540,110,24,18,-1,-1,-1
2003,192,462,57,41,24,-1,-1,-1
2003,193,413,92,39,20,-1,-1,-1
2004,191,544,107,24,18,-1,-1,-1
2004,192,459,56,43,26,-1,-1,-1
2004,193,407,94,40,20,-1,-1,-1
2005,191,547,105,25,17,-1,-1,-1
2005,192,455,56,45,28,-1,-1,-1
2005,193,402,95,40,20,-1,-1,-1
2006,191,550,102,25,17,-1,-1,-1
2006,192,451,56,46,30,-1,-1,-1
2006,193,395,98,40,20,-1,-1,-1
2007,191,552,100,25,17,-1,-1,-1
2007,192,449,56,46,31,-1,-1,-1
2007,193,387,100,41,21,-1,-1,-1
2008,191,553,99,26,17,-1,-1,-1
2008,192,447,57,47,31,-1,-1,-1
2008,193,379,102,42,21,-1,-1,-1
2009,193,371,105,42,22,-1,-1,-1
2010,193,363,107,44,23,-1,-1,-1
2011,193,354,108,46,24,-1,-1,-1
2012,193,345,110,48,26,-1,-1,-1
2012,195,417,63,53,33,-1,-1,-1
2013,193,335,112,49,28,-1,-1,-1
2013,195,413,64,53,34,-1,-1,-1
2014,193,324,114,51,30,-1,-1,-1
2014,195,410,65,54,34,-1,-1,-1
2015,193,313,118,54,32,-1,-1,-1
2015,195,405,65,56,36,-1,-1,-1
2016,193,300,121,54,34,-1,-1,-1
2016,195,398,66,58,37,-1,-1,-1
2017,193,287,125,55,37,-1,-1,-1
2017,195,392,66,60,38,-1,-1,-1
2018,193,272,128,55,39,-1,-1,-1
2018,195,386,68,60,37,-1,-1,-1
2019,193,257,132,55,40,-1,-1,-1
2019,195,380,70,55,37,-1,-1,-1
2020,193,242,136,56,41,-1,-1,-1
2020,195,373,72,52,36,-1,-1,-1
2021,193,234,138,56,42,-1,-1,-1
2021,195,364,74,48,35,-1,-1,-1
2022,193,228,139,57,43,-1,-1,-1
2022,195,354,76,48,35,-1,-1,-1
2023,194,453,81,32,19,-1,-1,-1
2023,195,346,78,47,35,-1,-1,-1
2024,194,452,81,32,19,-1,-1,-1
2024,195,338,80,46,35,-1,-1,-1
2025,194,451,82,32,19,-1,-1,-1
2025,195,329,82,46,35,-1,-1,-1
2026,195,320,84,44,35,-1,-1,-1
2027,195,311,86,45,36,-1,-1,-1
2028,195,300,87,46,38,-1,-1,-1
2029,195,289,89,48,40,-1,-1,-1
2030,195,277,91,49,42,-1,-1,-1
2031,195,265,94,51,44,-1,-1,-1
2032,195,258,95,52,46,-1,-1,-1
2032,196,386,98,34,26,-1,-1,-1
2033,195,253,96,53,46,-1,-1,-1
2033,196,383,99,35,25,-1,-1,-1
2034,196,382,100,34,25,-1,-1,-1
2064,197,424,80,29,21,-1,-1,-1
2065,197,420,81,29,20,-1,-1,-1
2065,199,539,136,27,27,-1,-1,-1
2066,197,418,81,30,20,-1,-1,-1
2066,199,544,132,26,26,-1,-1,-1
2067,197,417,82,30,20,-1,-1,-1
2067,199,548,129,26,25,-1,-1,-1
2068,198,263,138,45,27,-1,-1,-1
2068,199,553,125,25,24,-1,-1,-1
2068,200,326,105,35,25,-1,-1,-1
2069,198,258,138,46,28,-1,-1,-1
2069,199,558,121,24,23,-1,-1,-1
2069,200,320,106,36,25,-1,-1,-1
2070,198,256,139,46,29,-1,-1,-1
2070,199,563,117,24,22,-1,-1,-1
2070,200,314,108,36,25,-1,-1,-1
2070,202,608,75,23,19,-1,-1,-1
2071,199,567,113,24,21,-1,-1,-1
2071,200,306,110,37,26,-1,-1,-1
2071,201,719,259,54,26,-1,-1,-1
2071,202,609,75,23,18,-1,-1,-1
2072,199,571,110,23,20,-1,-1,-1
2072,200,298,112,37,28,-1,-1,-1
2072,201,707,257,52,26,-1,-1,-1
2072,202,610,74,23,18,-1,-1,-1
2073,199,576,107,22,19,-1,-1,-1
2073,200,289,114,37,29,-1,-1,-1
2073,201,697,255,51,26,-1,-1,-1
2073,202,612,73,23,18,-1,-1,-1
2073,203,417,91,32,22,-1,-1,-1
2074,199,578,106,21,18,-1,-1,-1
2074,200,284,116,37,29,-1,-1,-1
2074,201,690,254,51,27,-1,-1,-1
2074,202,613,72,23,19,-1,-1,-1
2074,203,412,93,32,22,-1,-1,-1
2075,199,579,105,21,18,-1,-1,-1
2075,200,281,117,37,29,-1,-1,-1
2075,201,685,253,51,27,-1,-1,-1
2075,202,614,70,24,20,-1,-1,-1
2075,203,407,94,31,22,-1,-1,-1
2076,202,615,69,24,20,-1,-1,-1
2076,203,400,96,32,23,-1,-1,-1
2077,202,617,68,24,20,-1,-1,-1
2077,203,393,98,32,24,-1,-1,-1
2078,202,619,67,24,20,-1,-1,-1
2078,203,385,100,32,24,-1,-1,-1
2079,202,620,66,24,20,-1,-1,-1
2079,203,377,102,33,24,-1,-1,-1
2080,202,621,66,24,20,-1,-1,-1
2080,203,368,105,34,25,-1,-1,-1
2080,204,311,105,50,30,-1,-1,-1
2081,202,621,65,25,20,-1,-1,-1
2081,203,359,107,34,25,-1,-1,-1
2081,204,308,106,50,30,-1,-1,-1
2081,206,596,87,25,19,-1,-1,-1
2082,202,621,65,25,20,-1,-1,-1
2082,203,354,108,34,25,-1,-1,-1
2082,204,307,106,51,30,-1,-1,-1
2082,206,597,86,25,19,-1,-1,-1
2083,203,351,109,34,26,-1,-1,-1
2083,206,599,84,25,18,-1,-1,-1
2083,209,433,77,31,19,-1,-1,-1
2084,201,736,263,49,26,-1,-1,-1
2084,206,602,83,24,17,-1,-1,-1
2084,209,429,77,32,20,-1,-1,-1
2085,201,719,261,51,25,-1,-1,-1
2085,206,604,80,23,17,-1,-1,-1
2085,209,425,76,34,21,-1,-1,-1
2086,201,707,259,50,25,-1,-1,-1
2086,206,605,80,23,17,-1,-1,-1
2086,209,419,76,37,22,-1,-1,-1
2087,201,698,258,50,25,-1,-1,-1
2087,206,606,79,23,16,-1,-1,-1
2087,209,413,77,42,24,-1,-1,-1
2087,210,554,164,38,38,-1,-1,-1
2088,201,693,257,49,25,-1,-1,-1
2088,209,407,78,46,25,-1,-1,-1
2088,210,558,160,35,35,-1,-1,-1
2089,209,401,78,50,27,-1,-1,-1
2089,210,562,157,33,32,-1,-1,-1
2090,207,550,106,24,18,-1,-1,-1
2090,209,396,80,51,27,-1,-1,-1
2090,210,567,153,30,30,-1,-1,-1
2091,207,551,105,24,18,-1,-1,-1
2091,209,390,82,50,27,-1,-1,-1
2091,210,571,148,29,28,-1,-1,-1
2092,207,551,105,24,18,-1,-1,-1
2092,209,383,86,46,25,-1,-1,-1
2092,210,575,143,28,28,-1,-1,-1
2093,209,377,89,43,25,-1,-1,-1
2093,210,579,138,28,27,-1,-1,-1
2094,208,509,204,50,47,-1,-1,-1
2094,209,371,91,40,24,-1,-1,-1
2094,210,583,133,28,26,-1,-1,-1
2095,208,517,197,47,45,-1,-1,-1
2095,209,366,93,39,25,-1,-1,-1
2095,210,587,128,27,25,-1,-1,-1
2096,208,523,191,46,43,-1,-1,-1
2096,209,359,96,37,24,-1,-1,-1
2096,210,591,124,27,24,-1,-1,-1
2097,208,532,183,42,40,-1,-1,-1
2097,209,353,98,37,24,-1,-1,-1
2097,210,595,120,26,23,-1,-1,-1
2098,208,538,175,41,38,-1,-1,-1
2098,209,349,99,37,24,-1,-1,-1
2098,210,599,116,26,22,-1,-1,-1
2099,208,543,171,38,37,-1,-1,-1
2099,209,346,99,37,24,-1,-1,-1
2099,210,601,114,26,22,-1,-1,-1
2100,208,545,169,38,37,-1,-1,-1
2100,210,602,113,26,22,-1,-1,-1
