1,2,550,122,24,23,-1,-1,-1
2,2,555,119,23,22,-1,-1,-1
3,2,558,116,22,21,-1,-1,-1
4,1,589,136,26,24,-1,-1,-1
4,2,562,112,22,21,-1,-1,-1
4,4,565,88,22,19,-1,-1,-1
5,1,592,133,25,23,-1,-1,-1
5,2,566,109,22,21,-1,-1,-1
5,4,566,86,22,19,-1,-1,-1
6,1,594,130,25,22,-1,-1,-1
6,2,570,106,22,20,-1,-1,-1
6,4,568,85,22,19,-1,-1,-1
7,1,595,128,25,21,-1,-1,-1
7,2,573,103,22,19,-1,-1,-1
7,4,570,84,22,18,-1,-1,-1
8,1,595,127,25,21,-1,-1,-1
8,2,576,99,23,19,-1,-1,-1
8,4,573,83,22,18,-1,-1,-1
9,2,579,96,23,19,-1,-1,-1
9,4,576,82,22,18,-1,-1,-1
10,2,580,94,23,19,-1,-1,-1
10,4,578,81,22,18,-1,-1,-1
11,2,581,94,22,18,-1,-1,-1
11,3,634,76,25,21,-1,-1,-1
11,4,581,80,22,18,-1,-1,-1
12,3,634,76,25,21,-1,-1,-1
12,4,581,80,22,18,-1,-1,-1
13,3,633,75,25,21,-1,-1,-1
13,4,582,80,23,18,-1,-1,-1
14,3,633,75,25,21,-1,-1,-1
15,3,632,75,24,21,-1,-1,-1
47,5,356,91,26,25,-1,-1,-1
48,5,356,91,26,25,-1,-1,-1
49,5,356,91,26,25,-1,-1,-1
50,5,355,91,27,25,-1,-1,-1
51,5,355,91,27,25,-1,-1,-1
52,5,354,91,27,25,-1,-1,-1
54,7,522,117,28,23,-1,-1,-1
55,6,616,100,21,16,-1,-1,-1
55,7,526,114,28,24,-1,-1,-1
56,6,617,99,21,16,-1,-1,-1
56,7,530,112,27,23,-1,-1,-1
57,6,617,99,21,16,-1,-1,-1
57,7,535,109,26,22,-1,-1,-1
58,7,540,106,26,21,-1,-1,-1
59,7,544,103,26,21,-1,-1,-1
60,7,547,101,27,21,-1,-1,-1
61,7,552,98,27,21,-1,-1,-1
62,7,554,97,27,21,-1,-1,-1
63,7,556,96,27,21,-1,-1,-1
64,11,541,137,31,25,-1,-1,-1
65,11,545,133,29,25,-1,-1,-1
66,8,465,65,34,34,-1,-1,-1
66,11,548,130,29,24,-1,-1,-1
67,8,461,68,33,32,-1,-1,-1
67,9,579,81,19,15,-1,-1,-1
67,11,553,126,27,23,-1,-1,-1
68,8,459,70,33,30,-1,-1,-1
68,9,579,81,19,15,-1,-1,-1
68,11,558,123,27,22,-1,-1,-1
69,8,455,72,33,30,-1,-1,-1
69,9,579,80,18,14,-1,-1,-1
69,11,563,119,26,22,-1,-1,-1
70,8,451,75,32,29,-1,-1,-1
70,11,567,115,26,21,-1,-1,-1
71,8,446,75,32,31,-1,-1,-1
71,11,571,112,25,21,-1,-1,-1
72,8,440,79,30,30,-1,-1,-1
72,10,341,114,37,25,-1,-1,-1
72,11,575,109,25,20,-1,-1,-1
73,8,434,81,31,29,-1,-1,-1
73,10,337,115,37,25,-1,-1,-1
73,11,578,107,24,20,-1,-1,-1
74,8,427,84,31,29,-1,-1,-1
74,10,336,116,37,25,-1,-1,-1
74,11,582,104,25,19,-1,-1,-1
75,8,418,85,33,31,-1,-1,-1
75,11,585,101,25,19,-1,-1,-1
76,8,410,86,36,32,-1,-1,-1
76,11,588,98,26,18,-1,-1,-1
77,8,401,89,37,33,-1,-1,-1
77,11,590,95,26,18,-1,-1,-1
77,12,539,140,30,23,-1,-1,-1
78,8,393,92,38,33,-1,-1,-1
78,11,591,94,27,18,-1,-1,-1
78,12,542,137,29,22,-1,-1,-1
79,8,385,95,37,33,-1,-1,-1
79,11,592,94,27,17,-1,-1,-1
79,12,545,134,29,21,-1,-1,-1
80,8,375,97,37,35,-1,-1,-1
80,12,549,130,28,20,-1,-1,-1
81,8,365,100,37,35,-1,-1,-1
81,12,553,127,28,19,-1,-1,-1
82,8,354,104,37,36,-1,-1,-1
82,12,557,123,27,19,-1,-1,-1
83,8,348,106,37,36,-1,-1,-1
83,12,560,121,27,18,-1,-1,-1
84,8,345,108,37,36,-1,-1,-1
84,12,561,119,26,18,-1,-1,-1
85,13,557,99,32,17,-1,-1,-1
86,13,562,98,32,18,-1,-1,-1
87,13,567,98,31,18,-1,-1,-1
88,13,574,99,29,19,-1,-1,-1
89,13,579,101,27,18,-1,-1,-1
90,13,584,104,26,19,-1,-1,-1
91,13,589,107,25,19,-1,-1,-1
92,13,593,107,24,19,-1,-1,-1
93,13,597,106,24,20,-1,-1,-1
94,13,599,102,24,19,-1,-1,-1
95,13,600,96,23,18,-1,-1,-1
96,13,601,90,23,18,-1,-1,-1
97,13,603,87,23,18,-1,-1,-1
98,13,607,85,23,18,-1,-1,-1
99,13,610,84,22,18,-1,-1,-1
100,13,612,82,22,18,-1,-1,-1
100,14,563,162,32,26,-1,-1,-1
101,13,613,80,23,17,-1,-1,-1
101,14,568,157,30,26,-1,-1,-1
102,13,613,79,23,17,-1,-1,-1
102,14,571,153,29,26,-1,-1,-1
103,13,614,79,23,17,-1,-1,-1
103,14,576,147,29,25,-1,-1,-1
104,13,613,78,23,17,-1,-1,-1
104,14,580,142,28,24,-1,-1,-1
105,13,613,78,23,17,-1,-1,-1
105,14,584,138,27,23,-1,-1,-1
106,13,613,78,23,17,-1,-1,-1
106,14,586,136,27,23,-1,-1,-1
107,13,612,77,23,17,-1,-1,-1
107,14,587,134,26,22,-1,-1,-1
108,13,612,77,23,17,-1,-1,-1
109,13,611,77,23,17,-1,-1,-1
109,15,560,97,24,14,-1,-1,-1
110,13,611,77,23,17,-1,-1,-1
110,15,561,96,23,14,-1,-1,-1
111,13,610,76,24,17,-1,-1,-1
111,15,561,96,23,14,-1,-1,-1
112,13,609,76,24,17,-1,-1,-1
113,13,609,76,24,17,-1,-1,-1
114,13,608,75,24,17,-1,-1,-1
115,13,608,75,24,17,-1,-1,-1
116,13,607,75,24,18,-1,-1,-1
117,13,607,75,24,18,-1,-1,-1
118,13,606,74,24,18,-1,-1,-1
119,13,605,74,25,18,-1,-1,-1
120,13,605,74,25,18,-1,-1,-1
121,13,604,73,25,18,-1,-1,-1
122,13,604,73,25,18,-1,-1,-1
122,16,513,57,38,24,-1,-1,-1
123,13,603,73,25,18,-1,-1,-1
123,16,512,57,38,24,-1,-1,-1
124,13,603,73,25,18,-1,-1,-1
124,16,512,57,38,24,-1,-1,-1
125,13,602,72,25,18,-1,-1,-1
125,17,519,103,58,36,-1,-1,-1
126,13,602,72,25,18,-1,-1,-1
126,17,526,101,56,37,-1,-1,-1
127,13,601,72,26,18,-1,-1,-1
127,17,531,98,54,36,-1,-1,-1
128,13,600,71,26,18,-1,-1,-1
128,17,538,95,51,35,-1,-1,-1
129,13,600,71,26,19,-1,-1,-1
129,17,544,93,49,34,-1,-1,-1
130,13,599,71,26,19,-1,-1,-1
130,17,546,92,48,33,-1,-1,-1
131,13,599,71,26,19,-1,-1,-1
131,17,548,92,48,33,-1,-1,-1
132,13,598,70,26,19,-1,-1,-1
133,13,598,70,26,19,-1,-1,-1
134,13,597,70,26,19,-1,-1,-1
135,13,596,69,27,19,-1,-1,-1
136,13,596,69,27,19,-1,-1,-1
137,13,595,69,27,19,-1,-1,-1
137,18,533,109,28,19,-1,-1,-1
138,13,595,69,27,19,-1,-1,-1
138,18,535,108,28,18,-1,-1,-1
139,13,594,68,27,19,-1,-1,-1
139,18,535,108,27,18,-1,-1,-1
140,13,594,68,27,19,-1,-1,-1
141,13,593,68,28,20,-1,-1,-1
142,13,594,67,28,20,-1,-1,-1
143,13,595,67,29,20,-1,-1,-1
144,13,595,67,29,20,-1,-1,-1
164,19,356,88,28,28,-1,-1,-1
165,19,356,88,28,28,-1,-1,-1
166,19,356,88,28,28,-1,-1,-1
167,20,595,122,24,23,-1,-1,-1
168,20,595,121,25,23,-1,-1,-1
169,20,595,121,25,23,-1,-1,-1
175,22,531,105,37,49,-1,-1,-1
176,22,535,103,36,48,-1,-1,-1
177,22,539,100,36,48,-1,-1,-1
178,22,544,97,36,49,-1,-1,-1
179,22,548,93,35,47,-1,-1,-1
180,22,553,90,34,46,-1,-1,-1
181,22,558,88,34,43,-1,-1,-1
182,22,562,85,34,42,-1,-1,-1
183,22,566,83,34,41,-1,-1,-1
184,21,541,168,50,48,-1,-1,-1
184,22,569,81,33,40,-1,-1,-1
185,21,547,162,48,46,-1,-1,-1
185,22,572,80,31,40,-1,-1,-1
186,21,554,157,44,45,-1,-1,-1
186,22,576,80,29,38,-1,-1,-1
187,21,561,151,41,43,-1,-1,-1
187,22,579,79,28,35,-1,-1,-1
188,21,566,148,38,41,-1,-1,-1
188,22,582,78,26,31,-1,-1,-1
189,21,569,146,37,39,-1,-1,-1
189,22,584,77,25,29,-1,-1,-1
190,21,570,146,35,35,-1,-1,-1
190,22,585,76,24,28,-1,-1,-1
191,21,571,146,34,34,-1,-1,-1
191,22,587,75,24,27,-1,-1,-1
192,21,571,147,34,32,-1,-1,-1
192,22,589,74,24,26,-1,-1,-1
193,22,591,73,23,26,-1,-1,-1
194,22,593,72,23,25,-1,-1,-1
195,22,595,71,23,25,-1,-1,-1
195,23,604,110,28,26,-1,-1,-1
196,22,597,70,23,25,-1,-1,-1
196,23,605,109,27,26,-1,-1,-1
197,22,599,69,23,24,-1,-1,-1
197,23,605,107,27,26,-1,-1,-1
198,22,601,68,23,24,-1,-1,-1
198,23,606,106,27,27,-1,-1,-1
199,22,602,67,22,24,-1,-1,-1
199,23,608,103,27,27,-1,-1,-1
200,22,604,66,22,24,-1,-1,-1
200,23,610,100,28,26,-1,-1,-1
201,22,606,65,22,23,-1,-1,-1
201,23,611,98,28,26,-1,-1,-1
202,22,608,64,22,23,-1,-1,-1
202,23,613,96,28,26,-1,-1,-1
203,22,610,63,22,23,-1,-1,-1
203,23,615,93,27,26,-1,-1,-1
204,22,612,62,22,22,-1,-1,-1
204,23,617,90,26,25,-1,-1,-1
205,22,614,61,22,22,-1,-1,-1
205,23,618,88,25,25,-1,-1,-1
206,22,616,60,23,22,-1,-1,-1
206,23,620,87,25,23,-1,-1,-1
207,22,617,59,23,22,-1,-1,-1
207,23,622,85,24,23,-1,-1,-1
208,22,619,58,24,22,-1,-1,-1
208,23,624,83,23,21,-1,-1,-1
209,22,620,58,24,22,-1,-1,-1
209,23,625,81,22,21,-1,-1,-1
210,22,620,58,24,22,-1,-1,-1
210,23,627,80,22,21,-1,-1,-1
211,22,621,58,24,22,-1,-1,-1
211,23,627,79,22,21,-1,-1,-1
212,23,627,78,22,21,-1,-1,-1
213,24,391,82,56,37,-1,-1,-1
214,24,385,83,59,38,-1,-1,-1
215,24,382,84,60,38,-1,-1,-1
216,24,381,84,61,38,-1,-1,-1
236,25,734,265,50,24,-1,-1,-1
237,25,728,264,52,24,-1,-1,-1
238,25,726,264,52,24,-1,-1,-1
253,26,414,72,45,31,-1,-1,-1
254,26,408,73,50,32,-1,-1,-1
255,26,404,74,53,33,-1,-1,-1
256,26,397,74,58,36,-1,-1,-1
257,26,395,74,60,37,-1,-1,-1
258,26,393,74,62,38,-1,-1,-1
261,27,740,251,46,26,-1,-1,-1
262,27,726,250,50,25,-1,-1,-1
263,27,723,250,50,25,-1,-1,-1
263,28,333,95,47,31,-1,-1,-1
264,27,718,249,51,24,-1,-1,-1
264,28,327,96,48,33,-1,-1,-1
265,28,320,98,48,33,-1,-1,-1
266,28,310,101,48,33,-1,-1,-1
267,28,298,105,47,33,-1,-1,-1
268,28,286,109,47,33,-1,-1,-1
269,28,272,113,47,33,-1,-1,-1
270,28,258,118,47,33,-1,-1,-1
271,28,242,123,47,32,-1,-1,-1
272,28,225,128,48,32,-1,-1,-1
273,28,217,130,49,33,-1,-1,-1
274,28,211,131,50,34,-1,-1,-1
302,29,342,113,43,27,-1,-1,-1
303,29,338,113,44,27,-1,-1,-1
303,30,621,80,35,35,-1,-1,-1
304,29,336,114,43,26,-1,-1,-1
304,30,622,79,35,34,-1,-1,-1
305,30,623,79,34,32,-1,-1,-1
306,30,624,78,34,30,-1,-1,-1
307,30,625,77,34,29,-1,-1,-1
307,31,328,96,37,32,-1,-1,-1
308,30,625,76,33,28,-1,-1,-1
308,31,320,99,37,32,-1,-1,-1
309,30,626,75,33,28,-1,-1,-1
309,31,312,104,38,31,-1,-1,-1
309,32,37,158,35,24,-1,-1,-1
310,30,626,74,32,27,-1,-1,-1
310,31,300,108,40,30,-1,-1,-1
310,32,30,157,35,24,-1,-1,-1
311,30,627,73,32,28,-1,-1,-1
311,31,288,113,40,29,-1,-1,-1
311,32,26,156,33,23,-1,-1,-1
312,30,627,73,32,28,-1,-1,-1
312,31,274,117,41,30,-1,-1,-1
312,32,20,156,33,22,-1,-1,-1
313,31,260,121,42,30,-1,-1,-1
313,32,17,155,32,22,-1,-1,-1
314,31,243,126,44,30,-1,-1,-1
314,32,14,155,32,22,-1,-1,-1
315,31,235,128,45,31,-1,-1,-1
316,31,229,130,46,32,-1,-1,-1
333,33,352,102,34,33,-1,-1,-1
334,33,349,103,34,33,-1,-1,-1
334,34,578,145,30,27,-1,-1,-1
335,33,348,103,34,32,-1,-1,-1
335,34,582,141,29,26,-1,-1,-1
336,34,584,137,28,26,-1,-1,-1
337,34,588,133,27,25,-1,-1,-1
338,34,592,129,26,25,-1,-1,-1
339,34,593,127,26,24,-1,-1,-1
340,34,595,125,25,24,-1,-1,-1
346,35,569,110,25,20,-1,-1,-1
347,35,573,108,24,19,-1,-1,-1
348,35,576,107,22,18,-1,-1,-1
349,35,579,104,20,17,-1,-1,-1
350,35,583,102,19,16,-1,-1,-1
351,35,585,99,18,15,-1,-1,-1
352,35,589,97,18,15,-1,-1,-1
353,35,590,95,18,15,-1,-1,-1
354,35,591,95,18,15,-1,-1,-1
381,36,413,69,52,35,-1,-1,-1
382,36,409,70,54,36,-1,-1,-1
383,36,405,71,58,37,-1,-1,-1
384,36,398,73,61,38,-1,-1,-1
385,36,391,75,62,37,-1,-1,-1
386,36,384,78,59,36,-1,-1,-1
387,36,378,81,52,35,-1,-1,-1
388,36,371,84,47,34,-1,-1,-1
389,36,362,87,44,33,-1,-1,-1
390,36,353,91,43,33,-1,-1,-1
391,36,343,93,45,33,-1,-1,-1
392,36,334,95,47,35,-1,-1,-1
393,36,323,98,48,35,-1,-1,-1
394,36,312,102,48,35,-1,-1,-1
395,36,298,107,47,34,-1,-1,-1
396,36,284,111,47,34,-1,-1,-1
397,36,269,117,47,33,-1,-1,-1
398,36,255,122,47,33,-1,-1,-1
399,36,237,127,47,33,-1,-1,-1
400,36,228,129,48,33,-1,-1,-1
401,36,221,131,48,34,-1,-1,-1
402,37,112,165,59,30,-1,-1,-1
402,38,475,263,39,40,-1,-1,-1
403,37,109,165,59,31,-1,-1,-1
403,38,475,261,40,39,-1,-1,-1
404,37,108,165,59,31,-1,-1,-1
404,38,475,260,40,39,-1,-1,-1
405,37,106,165,58,32,-1,-1,-1
405,38,476,258,42,38,-1,-1,-1
414,39,571,150,31,28,-1,-1,-1
415,39,575,145,30,28,-1,-1,-1
416,39,576,143,30,28,-1,-1,-1
417,39,577,142,30,27,-1,-1,-1
422,40,601,96,35,40,-1,-1,-1
423,40,601,96,35,40,-1,-1,-1
424,40,601,96,35,40,-1,-1,-1
508,41,396,90,34,32,-1,-1,-1
509,41,388,91,35,34,-1,-1,-1
510,41,381,93,35,34,-1,-1,-1
511,41,371,97,35,34,-1,-1,-1
512,41,361,100,35,34,-1,-1,-1
513,41,350,105,35,33,-1,-1,-1
514,41,339,108,35,33,-1,-1,-1
515,41,326,112,36,33,-1,-1,-1
516,41,320,114,36,33,-1,-1,-1
517,41,315,115,36,34,-1,-1,-1
522,42,486,142,35,24,-1,-1,-1
522,43,563,111,31,25,-1,-1,-1
523,42,491,139,35,23,-1,-1,-1
523,43,566,108,30,25,-1,-1,-1
524,42,495,136,34,22,-1,-1,-1
524,43,568,106,30,24,-1,-1,-1
525,42,500,133,34,22,-1,-1,-1
525,43,572,103,30,24,-1,-1,-1
525,44,439,170,42,28,-1,-1,-1
526,42,505,129,33,21,-1,-1,-1
526,43,573,102,30,24,-1,-1,-1
526,44,448,164,40,26,-1,-1,-1
527,42,512,125,31,20,-1,-1,-1
527,43,574,101,30,24,-1,-1,-1
527,44,457,160,38,25,-1,-1,-1
528,42,519,121,29,19,-1,-1,-1
528,44,467,154,37,23,-1,-1,-1
529,42,526,117,28,18,-1,-1,-1
529,44,471,152,36,23,-1,-1,-1
530,42,529,115,27,18,-1,-1,-1
530,44,474,150,36,23,-1,-1,-1
531,42,531,114,27,17,-1,-1,-1
542,45,564,99,26,21,-1,-1,-1
543,45,567,96,26,21,-1,-1,-1
544,45,568,96,26,21,-1,-1,-1
545,45,569,95,26,21,-1,-1,-1
546,46,602,85,18,16,-1,-1,-1
547,46,602,84,18,16,-1,-1,-1
548,46,602,84,19,16,-1,-1,-1
556,47,533,184,47,45,-1,-1,-1
557,47,538,177,44,43,-1,-1,-1
558,47,543,172,42,41,-1,-1,-1
559,47,550,166,38,39,-1,-1,-1
560,47,557,159,36,37,-1,-1,-1
561,47,563,153,34,35,-1,-1,-1
562,47,569,147,33,35,-1,-1,-1
563,47,574,141,32,34,-1,-1,-1
564,47,580,137,30,32,-1,-1,-1
565,47,585,132,29,30,-1,-1,-1
565,45,563,93,31,25,-1,-1,-1
566,47,589,128,28,28,-1,-1,-1
566,45,567,92,30,24,-1,-1,-1
567,47,592,125,27,27,-1,-1,-1
567,45,570,90,29,24,-1,-1,-1
568,47,595,121,27,27,-1,-1,-1
568,45,574,88,29,24,-1,-1,-1
569,47,598,117,26,26,-1,-1,-1
569,45,577,86,29,24,-1,-1,-1
569,49,554,172,34,34,-1,-1,-1
570,47,601,113,26,26,-1,-1,-1
570,45,581,84,28,24,-1,-1,-1
570,49,559,167,32,33,-1,-1,-1
571,47,603,110,25,26,-1,-1,-1
571,45,585,82,27,23,-1,-1,-1
571,49,563,163,31,31,-1,-1,-1
572,47,605,108,23,25,-1,-1,-1
572,45,589,81,26,22,-1,-1,-1
572,49,569,158,30,29,-1,-1,-1
573,47,608,104,23,25,-1,-1,-1
573,45,590,80,25,22,-1,-1,-1
573,49,574,153,28,27,-1,-1,-1
574,47,610,101,23,24,-1,-1,-1
574,45,591,79,26,21,-1,-1,-1
574,49,579,148,27,26,-1,-1,-1
575,47,613,98,24,25,-1,-1,-1
575,49,584,143,26,25,-1,-1,-1
575,50,521,146,33,31,-1,-1,-1
576,47,614,95,26,25,-1,-1,-1
576,49,588,138,25,24,-1,-1,-1
576,50,526,143,32,29,-1,-1,-1
577,47,616,92,27,25,-1,-1,-1
577,49,592,132,25,23,-1,-1,-1
577,50,529,139,32,28,-1,-1,-1
578,47,617,91,28,25,-1,-1,-1
578,49,595,128,26,23,-1,-1,-1
578,50,534,136,31,28,-1,-1,-1
579,47,618,90,28,24,-1,-1,-1
579,49,596,126,26,23,-1,-1,-1
579,50,538,132,31,27,-1,-1,-1
580,47,619,90,27,24,-1,-1,-1
580,49,596,125,27,23,-1,-1,-1
580,50,543,128,31,27,-1,-1,-1
581,47,620,90,27,23,-1,-1,-1
581,50,547,125,32,26,-1,-1,-1
582,50,550,123,32,26,-1,-1,-1
583,50,551,122,32,26,-1,-1,-1
586,49,586,140,23,25,-1,-1,-1
586,50,536,131,30,27,-1,-1,-1
587,49,588,138,23,24,-1,-1,-1
587,50,540,127,29,26,-1,-1,-1
588,49,590,135,23,24,-1,-1,-1
588,50,544,124,29,26,-1,-1,-1
589,49,592,132,24,23,-1,-1,-1
589,50,549,120,28,26,-1,-1,-1
590,49,595,129,24,23,-1,-1,-1
590,50,553,117,28,26,-1,-1,-1
591,49,597,126,24,22,-1,-1,-1
591,52,537,188,40,37,-1,-1,-1
591,50,558,113,27,26,-1,-1,-1
592,49,601,122,23,21,-1,-1,-1
592,52,543,182,37,35,-1,-1,-1
592,50,562,110,25,25,-1,-1,-1
593,49,603,121,22,20,-1,-1,-1
593,52,548,178,36,34,-1,-1,-1
593,50,566,107,24,23,-1,-1,-1
594,49,604,120,22,20,-1,-1,-1
594,52,554,172,34,32,-1,-1,-1
594,50,570,105,22,21,-1,-1,-1
595,52,560,165,32,30,-1,-1,-1
595,50,574,103,21,19,-1,-1,-1
596,52,566,160,31,28,-1,-1,-1
596,50,577,101,21,19,-1,-1,-1
597,52,571,155,29,26,-1,-1,-1
597,50,580,99,20,18,-1,-1,-1
598,52,573,153,29,25,-1,-1,-1
598,50,583,97,19,17,-1,-1,-1
599,52,574,152,29,25,-1,-1,-1
599,50,585,95,19,16,-1,-1,-1
600,50,585,95,18,16,-1,-1,-1
601,54,502,133,33,24,-1,-1,-1
602,54,507,129,32,23,-1,-1,-1
603,54,508,128,32,23,-1,-1,-1
604,54,510,127,31,23,-1,-1,-1
646,55,553,159,36,36,-1,-1,-1
647,55,556,157,36,35,-1,-1,-1
648,55,556,156,36,35,-1,-1,-1
662,57,465,142,36,35,-1,-1,-1
663,57,473,138,35,34,-1,-1,-1
664,57,480,134,34,32,-1,-1,-1
665,57,488,130,33,30,-1,-1,-1
665,58,570,109,23,23,-1,-1,-1
666,57,495,126,33,28,-1,-1,-1
666,58,572,106,23,22,-1,-1,-1
667,56,322,139,40,24,-1,-1,-1
667,57,500,124,33,28,-1,-1,-1
667,58,573,105,22,22,-1,-1,-1
668,56,320,139,41,24,-1,-1,-1
668,57,504,122,33,27,-1,-1,-1
668,58,574,104,23,22,-1,-1,-1
668,64,301,129,40,24,-1,-1,-1
669,56,320,139,41,24,-1,-1,-1
669,57,505,121,33,27,-1,-1,-1
669,58,574,104,22,22,-1,-1,-1
669,64,301,129,40,24,-1,-1,-1
670,56,320,139,41,24,-1,-1,-1
670,57,506,120,33,27,-1,-1,-1
670,58,574,104,23,22,-1,-1,-1
670,64,301,129,40,24,-1,-1,-1
671,56,320,139,41,24,-1,-1,-1
671,57,507,120,33,27,-1,-1,-1
671,58,574,104,23,22,-1,-1,-1
671,64,301,129,40,24,-1,-1,-1
672,56,320,139,41,24,-1,-1,-1
672,57,507,120,33,27,-1,-1,-1
672,58,574,104,23,22,-1,-1,-1
672,64,301,129,40,24,-1,-1,-1
673,56,320,139,41,24,-1,-1,-1
673,57,507,120,33,27,-1,-1,-1
673,58,574,104,23,22,-1,-1,-1
673,64,301,129,40,24,-1,-1,-1
674,56,320,139,41,24,-1,-1,-1
674,57,507,120,33,27,-1,-1,-1
674,58,574,104,23,22,-1,-1,-1
674,64,301,129,40,24,-1,-1,-1
675,56,320,139,41,24,-1,-1,-1
675,57,507,120,33,27,-1,-1,-1
675,58,574,104,23,22,-1,-1,-1
675,64,301,129,40,24,-1,-1,-1
676,56,320,139,41,24,-1,-1,-1
676,57,507,120,33,27,-1,-1,-1
676,58,574,104,23,22,-1,-1,-1
676,64,301,129,40,24,-1,-1,-1
677,56,320,139,41,24,-1,-1,-1
677,57,507,120,33,27,-1,-1,-1
677,58,574,104,23,22,-1,-1,-1
677,64,301,129,40,24,-1,-1,-1
678,56,320,139,41,24,-1,-1,-1
678,57,507,120,33,27,-1,-1,-1
678,58,574,104,23,22,-1,-1,-1
678,64,301,129,40,24,-1,-1,-1
679,56,320,139,41,24,-1,-1,-1
679,57,507,120,33,27,-1,-1,-1
679,58,574,104,23,22,-1,-1,-1
679,64,301,129,40,24,-1,-1,-1
680,56,320,139,41,24,-1,-1,-1
680,57,507,120,33,27,-1,-1,-1
680,58,574,104,23,22,-1,-1,-1
680,64,301,129,40,24,-1,-1,-1
681,56,320,139,41,24,-1,-1,-1
681,57,507,120,33,27,-1,-1,-1
681,58,574,104,23,22,-1,-1,-1
681,64,301,129,40,24,-1,-1,-1
684,59,332,94,45,31,-1,-1,-1
685,59,325,96,45,32,-1,-1,-1
686,59,322,97,45,32,-1,-1,-1
687,59,319,98,45,32,-1,-1,-1
690,60,590,130,26,26,-1,-1,-1
691,60,592,127,27,25,-1,-1,-1
692,60,594,124,27,25,-1,-1,-1
693,60,596,121,27,25,-1,-1,-1
694,60,599,117,26,24,-1,-1,-1
695,60,603,113,25,24,-1,-1,-1
695,61,499,155,45,44,-1,-1,-1
696,60,606,110,24,23,-1,-1,-1
696,61,507,149,43,42,-1,-1,-1
697,60,609,106,23,22,-1,-1,-1
697,61,513,144,43,42,-1,-1,-1
698,60,611,104,23,20,-1,-1,-1
698,61,519,137,44,41,-1,-1,-1
699,60,613,101,23,20,-1,-1,-1
699,61,526,131,44,42,-1,-1,-1
700,60,613,99,24,20,-1,-1,-1
700,61,532,125,42,43,-1,-1,-1
701,60,613,98,24,20,-1,-1,-1
701,61,539,120,40,44,-1,-1,-1
702,61,545,116,38,42,-1,-1,-1
703,61,551,112,36,40,-1,-1,-1
704,61,556,108,34,39,-1,-1,-1
705,61,561,104,33,39,-1,-1,-1
706,61,565,101,32,38,-1,-1,-1
707,61,570,97,32,38,-1,-1,-1
708,61,573,95,31,36,-1,-1,-1
709,61,577,93,29,34,-1,-1,-1
709,62,379,90,54,31,-1,-1,-1
710,61,581,91,28,32,-1,-1,-1
710,62,371,93,52,30,-1,-1,-1
711,61,585,88,27,31,-1,-1,-1
711,62,365,96,49,29,-1,-1,-1
712,61,589,84,27,31,-1,-1,-1
712,62,356,99,48,30,-1,-1,-1
712,63,587,138,26,26,-1,-1,-1
713,61,591,81,26,31,-1,-1,-1
713,62,346,104,46,29,-1,-1,-1
713,63,590,134,26,25,-1,-1,-1
714,61,593,80,26,31,-1,-1,-1
714,62,335,109,45,28,-1,-1,-1
714,63,592,131,25,24,-1,-1,-1
715,61,596,78,26,30,-1,-1,-1
715,62,321,115,45,27,-1,-1,-1
715,63,596,127,25,24,-1,-1,-1
716,61,598,77,25,29,-1,-1,-1
716,62,307,119,46,27,-1,-1,-1
716,63,599,124,24,23,-1,-1,-1
717,61,601,75,23,27,-1,-1,-1
717,62,291,123,47,28,-1,-1,-1
717,63,602,119,24,24,-1,-1,-1
718,61,603,74,23,26,-1,-1,-1
718,62,284,126,47,28,-1,-1,-1
718,63,603,115,24,24,-1,-1,-1
719,61,605,72,22,26,-1,-1,-1
719,62,278,127,47,29,-1,-1,-1
719,63,604,112,24,24,-1,-1,-1
720,61,607,70,22,26,-1,-1,-1
720,63,605,111,24,24,-1,-1,-1
721,61,610,67,21,27,-1,-1,-1
722,61,612,66,21,27,-1,-1,-1
723,61,614,65,21,26,-1,-1,-1
724,61,615,64,21,25,-1,-1,-1
725,61,617,64,22,25,-1,-1,-1
726,61,618,64,23,26,-1,-1,-1
727,61,619,63,24,27,-1,-1,-1
728,61,621,63,24,28,-1,-1,-1
729,61,622,62,24,30,-1,-1,-1
730,61,623,61,24,30,-1,-1,-1
731,61,625,61,24,30,-1,-1,-1
732,61,626,61,24,30,-1,-1,-1
733,61,628,62,23,29,-1,-1,-1
734,61,629,62,23,29,-1,-1,-1
735,61,629,63,22,28,-1,-1,-1
736,65,558,167,35,38,-1,-1,-1
737,65,562,162,33,36,-1,-1,-1
738,65,566,158,32,35,-1,-1,-1
739,65,570,153,31,34,-1,-1,-1
740,65,575,148,30,33,-1,-1,-1
741,65,580,142,28,31,-1,-1,-1
742,65,585,136,28,30,-1,-1,-1
743,65,588,131,27,30,-1,-1,-1
744,65,591,126,28,30,-1,-1,-1
745,65,592,124,28,29,-1,-1,-1
746,65,593,124,28,29,-1,-1,-1
792,67,579,88,32,30,-1,-1,-1
793,67,581,87,32,28,-1,-1,-1
794,66,262,118,49,33,-1,-1,-1
794,67,582,86,32,27,-1,-1,-1
795,66,251,122,49,32,-1,-1,-1
795,67,584,84,32,27,-1,-1,-1
796,66,248,123,49,32,-1,-1,-1
796,67,586,83,32,26,-1,-1,-1
797,66,244,125,49,32,-1,-1,-1
797,67,589,81,32,26,-1,-1,-1
798,67,591,79,31,26,-1,-1,-1
799,67,593,78,30,27,-1,-1,-1
800,67,595,77,30,27,-1,-1,-1
801,67,597,75,30,27,-1,-1,-1
802,67,599,74,30,27,-1,-1,-1
803,67,602,73,29,26,-1,-1,-1
804,67,605,73,28,24,-1,-1,-1
805,67,608,71,27,24,-1,-1,-1
806,67,610,70,27,23,-1,-1,-1
807,67,611,69,27,23,-1,-1,-1
808,67,612,68,27,23,-1,-1,-1
809,67,613,68,27,22,-1,-1,-1
810,67,615,67,26,22,-1,-1,-1
811,67,616,67,26,22,-1,-1,-1
812,67,618,66,26,21,-1,-1,-1
813,67,620,65,25,21,-1,-1,-1
814,67,621,64,25,21,-1,-1,-1
815,67,622,63,25,20,-1,-1,-1
816,67,624,62,24,20,-1,-1,-1
817,67,625,61,25,20,-1,-1,-1
818,67,625,60,25,20,-1,-1,-1
819,67,625,60,26,20,-1,-1,-1
820,67,625,60,26,20,-1,-1,-1
852,70,540,120,44,41,-1,-1,-1
853,70,545,117,41,39,-1,-1,-1
854,70,548,115,39,39,-1,-1,-1
855,68,10,157,37,24,-1,-1,-1
855,70,554,111,37,37,-1,-1,-1
856,68,7,157,37,24,-1,-1,-1
856,70,559,108,36,36,-1,-1,-1
857,68,7,156,36,24,-1,-1,-1
857,70,565,105,35,34,-1,-1,-1
858,70,571,101,34,32,-1,-1,-1
859,69,544,136,30,27,-1,-1,-1
859,70,577,98,33,30,-1,-1,-1
860,69,550,132,28,25,-1,-1,-1
860,70,582,95,32,28,-1,-1,-1
861,69,551,131,28,25,-1,-1,-1
861,70,585,93,31,27,-1,-1,-1
862,69,554,130,27,25,-1,-1,-1
862,70,587,91,30,27,-1,-1,-1
863,70,588,90,30,26,-1,-1,-1
864,70,589,90,30,26,-1,-1,-1
865,70,590,90,29,26,-1,-1,-1
866,70,590,91,29,26,-1,-1,-1
867,70,590,91,29,27,-1,-1,-1
869,71,598,92,26,25,-1,-1,-1
870,71,600,90,25,24,-1,-1,-1
870,72,576,154,27,26,-1,-1,-1
871,71,600,89,25,23,-1,-1,-1
871,72,577,152,27,26,-1,-1,-1
872,71,601,89,25,23,-1,-1,-1
872,72,578,151,26,25,-1,-1,-1
874,73,612,77,27,25,-1,-1,-1
875,73,613,76,26,25,-1,-1,-1
876,73,614,75,25,24,-1,-1,-1
877,73,615,75,24,23,-1,-1,-1
878,73,615,75,24,22,-1,-1,-1
879,74,608,108,23,21,-1,-1,-1
880,74,608,107,23,20,-1,-1,-1
881,74,608,107,23,20,-1,-1,-1
907,75,563,162,27,30,-1,-1,-1
908,75,567,158,26,28,-1,-1,-1
909,75,568,156,27,29,-1,-1,-1
910,75,569,155,27,29,-1,-1,-1
914,76,593,122,29,26,-1,-1,-1
915,76,593,120,29,26,-1,-1,-1
916,76,593,119,29,26,-1,-1,-1
918,77,602,105,29,28,-1,-1,-1
919,77,602,104,29,27,-1,-1,-1
920,77,602,103,30,27,-1,-1,-1
935,78,472,148,47,31,-1,-1,-1
936,78,480,144,44,29,-1,-1,-1
937,78,486,141,42,28,-1,-1,-1
938,78,494,138,39,26,-1,-1,-1
939,78,501,134,38,25,-1,-1,-1
940,78,508,130,36,24,-1,-1,-1
941,78,516,126,34,23,-1,-1,-1
942,78,523,122,33,22,-1,-1,-1
943,78,531,118,32,21,-1,-1,-1
944,78,537,115,31,20,-1,-1,-1
945,78,544,111,30,19,-1,-1,-1
946,78,549,108,30,18,-1,-1,-1
946,79,104,108,50,44,-1,-1,-1
947,78,553,105,29,18,-1,-1,-1
947,79,104,108,50,44,-1,-1,-1
947,80,584,139,23,22,-1,-1,-1
947,81,551,126,27,19,-1,-1,-1
948,78,555,104,29,18,-1,-1,-1
948,79,104,108,50,44,-1,-1,-1
948,80,587,135,23,21,-1,-1,-1
948,81,555,122,26,19,-1,-1,-1
949,78,556,103,28,18,-1,-1,-1
949,79,104,108,50,44,-1,-1,-1
949,80,589,133,23,20,-1,-1,-1
949,81,558,119,26,19,-1,-1,-1
950,79,104,108,50,44,-1,-1,-1
950,80,592,129,23,19,-1,-1,-1
950,81,562,115,26,18,-1,-1,-1
951,79,104,108,50,44,-1,-1,-1
951,80,595,125,23,19,-1,-1,-1
951,81,563,114,25,18,-1,-1,-1
952,79,104,108,50,44,-1,-1,-1
952,80,598,120,23,19,-1,-1,-1
952,81,564,112,25,18,-1,-1,-1
953,80,602,116,22,18,-1,-1,-1
954,80,605,113,21,17,-1,-1,-1
955,80,607,111,20,17,-1,-1,-1
956,80,608,110,20,16,-1,-1,-1
1020,82,607,92,31,30,-1,-1,-1
1021,82,608,92,30,27,-1,-1,-1
1022,82,609,91,30,26,-1,-1,-1
1023,82,610,90,30,25,-1,-1,-1
1024,82,611,89,30,24,-1,-1,-1
1025,82,611,89,30,24,-1,-1,-1
1032,83,366,96,38,24,-1,-1,-1
1033,83,361,98,37,23,-1,-1,-1
1034,83,359,99,37,23,-1,-1,-1
1035,83,357,100,37,23,-1,-1,-1
1051,84,355,110,37,23,-1,-1,-1
1052,84,352,111,37,23,-1,-1,-1
1053,84,351,112,37,23,-1,-1,-1
1060,85,541,124,57,49,-1,-1,-1
1061,85,546,121,56,47,-1,-1,-1
1062,85,549,119,55,46,-1,-1,-1
1063,85,554,116,54,46,-1,-1,-1
1064,85,559,114,53,46,-1,-1,-1
1065,85,564,112,51,48,-1,-1,-1
1066,85,569,109,49,50,-1,-1,-1
1066,86,364,85,35,36,-1,-1,-1
1067,85,573,106,48,50,-1,-1,-1
1067,86,361,85,36,36,-1,-1,-1
1068,85,578,104,45,49,-1,-1,-1
1068,86,361,85,36,36,-1,-1,-1
1069,85,582,102,44,46,-1,-1,-1
1070,85,585,99,41,46,-1,-1,-1
1071,85,588,97,42,47,-1,-1,-1
1072,85,591,94,41,48,-1,-1,-1
1073,85,594,92,41,47,-1,-1,-1
1074,85,597,90,39,46,-1,-1,-1
1075,85,600,87,37,44,-1,-1,-1
1076,85,602,84,36,43,-1,-1,-1
1077,85,605,82,36,43,-1,-1,-1
1078,85,606,80,36,43,-1,-1,-1
1079,85,609,79,36,42,-1,-1,-1
1080,85,611,78,35,41,-1,-1,-1
1081,85,613,77,34,39,-1,-1,-1
1082,85,615,76,33,38,-1,-1,-1
1083,85,617,76,32,36,-1,-1,-1
1084,85,619,76,31,33,-1,-1,-1
1085,85,621,75,30,31,-1,-1,-1
1086,85,622,75,29,30,-1,-1,-1
1087,85,624,74,29,29,-1,-1,-1
1088,85,625,72,29,28,-1,-1,-1
1089,85,626,71,29,28,-1,-1,-1
1090,85,627,69,28,28,-1,-1,-1
1091,85,628,68,27,28,-1,-1,-1
1092,85,630,66,25,28,-1,-1,-1
1093,85,631,65,24,27,-1,-1,-1
1094,85,631,65,23,27,-1,-1,-1
1095,85,631,65,23,27,-1,-1,-1
1137,87,317,101,43,35,-1,-1,-1
1138,87,307,103,45,34,-1,-1,-1
1138,88,605,104,29,28,-1,-1,-1
1139,87,299,106,45,33,-1,-1,-1
1139,88,606,103,29,26,-1,-1,-1
1140,87,287,110,45,33,-1,-1,-1
1140,88,606,103,29,26,-1,-1,-1
1141,87,274,114,46,34,-1,-1,-1
1142,87,259,118,47,35,-1,-1,-1
1143,87,251,120,47,35,-1,-1,-1
1144,87,246,122,47,34,-1,-1,-1
1171,89,384,281,36,27,-1,-1,-1
1172,89,383,281,36,27,-1,-1,-1
1173,89,383,281,36,27,-1,-1,-1
1174,89,383,281,36,27,-1,-1,-1
1189,90,393,100,34,21,-1,-1,-1
1190,90,387,102,34,21,-1,-1,-1
1191,90,386,103,34,21,-1,-1,-1
1192,90,384,104,34,21,-1,-1,-1
1204,91,532,128,39,36,-1,-1,-1
1205,91,537,124,39,35,-1,-1,-1
1206,91,541,122,39,34,-1,-1,-1
1207,91,544,120,38,34,-1,-1,-1
1208,91,546,119,38,33,-1,-1,-1
1213,92,579,100,28,26,-1,-1,-1
1214,92,581,97,29,26,-1,-1,-1
1215,92,582,95,31,26,-1,-1,-1
1215,93,579,137,28,25,-1,-1,-1
1216,92,584,93,32,26,-1,-1,-1
1216,93,580,136,28,25,-1,-1,-1
1217,92,586,92,33,25,-1,-1,-1
1217,93,580,135,28,24,-1,-1,-1
1218,92,588,90,32,24,-1,-1,-1
1219,92,591,88,32,22,-1,-1,-1
1220,92,593,86,30,21,-1,-1,-1
1221,92,595,85,29,20,-1,-1,-1
1222,92,598,84,29,20,-1,-1,-1
1223,92,600,83,28,21,-1,-1,-1
1224,92,603,82,29,22,-1,-1,-1
1225,92,606,82,29,23,-1,-1,-1
1226,92,609,81,30,24,-1,-1,-1
1227,92,612,81,30,26,-1,-1,-1
1228,92,615,80,30,27,-1,-1,-1
1229,92,618,79,30,28,-1,-1,-1
1230,92,621,78,28,28,-1,-1,-1
1231,92,623,77,27,27,-1,-1,-1
1232,92,625,76,26,27,-1,-1,-1
1233,92,628,75,25,26,-1,-1,-1
1234,92,629,75,25,26,-1,-1,-1
1235,92,630,75,25,25,-1,-1,-1
1236,94,535,111,29,19,-1,-1,-1
1237,94,540,109,28,18,-1,-1,-1
1238,94,543,107,27,18,-1,-1,-1
1239,94,548,105,27,17,-1,-1,-1
1240,94,552,102,27,16,-1,-1,-1
1241,94,555,100,27,16,-1,-1,-1
1242,94,556,99,27,16,-1,-1,-1
1273,95,367,104,40,25,-1,-1,-1
1273,96,587,91,32,29,-1,-1,-1
1274,95,361,106,37,27,-1,-1,-1
1274,96,589,91,30,26,-1,-1,-1
1275,95,355,109,37,26,-1,-1,-1
1275,96,591,90,29,25,-1,-1,-1
1276,95,345,112,38,26,-1,-1,-1
1276,96,594,88,28,24,-1,-1,-1
1277,95,335,116,38,26,-1,-1,-1
1277,96,597,86,29,24,-1,-1,-1
1278,95,329,117,38,27,-1,-1,-1
1278,96,600,84,30,25,-1,-1,-1
1279,95,326,118,38,28,-1,-1,-1
1279,96,603,82,31,26,-1,-1,-1
1280,96,605,80,31,26,-1,-1,-1
1281,96,606,78,31,27,-1,-1,-1
1282,96,606,77,31,26,-1,-1,-1
1283,96,606,76,31,26,-1,-1,-1
1284,96,605,75,31,26,-1,-1,-1
1285,96,604,74,31,26,-1,-1,-1
1286,96,602,74,31,26,-1,-1,-1
1286,97,591,123,31,24,-1,-1,-1
1287,96,601,73,30,26,-1,-1,-1
1287,97,592,122,30,23,-1,-1,-1
1288,96,599,72,30,26,-1,-1,-1
1288,97,592,122,29,23,-1,-1,-1
1289,96,598,71,30,26,-1,-1,-1
1290,96,596,70,30,26,-1,-1,-1
1291,96,595,70,30,26,-1,-1,-1
1292,96,593,69,29,25,-1,-1,-1
1293,96,592,68,29,25,-1,-1,-1
1294,96,590,67,29,25,-1,-1,-1
1295,96,589,67,29,25,-1,-1,-1
1296,96,587,66,29,25,-1,-1,-1
1297,96,586,65,28,25,-1,-1,-1
1298,96,584,64,28,25,-1,-1,-1
1299,96,583,64,28,25,-1,-1,-1
1300,96,581,63,28,25,-1,-1,-1
1301,96,579,62,27,24,-1,-1,-1
1302,96,578,61,27,24,-1,-1,-1
1303,96,576,60,27,24,-1,-1,-1
1304,96,575,60,27,24,-1,-1,-1
1305,96,573,59,27,24,-1,-1,-1
1306,96,572,58,26,24,-1,-1,-1
1307,96,570,57,26,24,-1,-1,-1
1308,96,569,57,26,24,-1,-1,-1
1309,96,567,56,26,24,-1,-1,-1
1310,96,566,55,26,24,-1,-1,-1
1311,96,564,54,25,23,-1,-1,-1
1312,96,563,54,25,23,-1,-1,-1
1313,96,561,53,25,23,-1,-1,-1
1314,96,560,52,25,23,-1,-1,-1
1315,96,558,51,25,23,-1,-1,-1
1316,96,557,51,24,23,-1,-1,-1
1317,96,555,50,24,23,-1,-1,-1
1318,96,554,49,24,23,-1,-1,-1
1319,96,552,49,24,23,-1,-1,-1
1320,96,550,48,23,23,-1,-1,-1
1321,96,550,49,23,23,-1,-1,-1
1322,96,549,48,23,23,-1,-1,-1
1326,98,591,129,27,26,-1,-1,-1
1327,98,593,126,27,26,-1,-1,-1
1328,98,594,125,27,26,-1,-1,-1
1329,98,594,124,28,26,-1,-1,-1
1355,99,566,109,28,20,-1,-1,-1
1356,99,569,106,28,19,-1,-1,-1
1356,100,403,84,53,36,-1,-1,-1
1357,99,572,104,27,19,-1,-1,-1
1357,100,398,84,55,39,-1,-1,-1
1358,99,575,102,27,18,-1,-1,-1
1358,100,392,85,58,41,-1,-1,-1
1359,99,577,100,28,18,-1,-1,-1
1359,100,385,87,61,41,-1,-1,-1
1360,99,579,99,29,17,-1,-1,-1
1360,100,377,90,63,40,-1,-1,-1
1361,99,579,99,29,17,-1,-1,-1
1361,100,375,93,62,39,-1,-1,-1
1362,100,372,94,62,38,-1,-1,-1
1377,99,581,97,24,19,-1,-1,-1
1378,99,581,96,24,18,-1,-1,-1
1378,102,438,88,34,19,-1,-1,-1
1379,99,582,96,24,18,-1,-1,-1
1379,102,432,89,35,19,-1,-1,-1
1380,102,431,90,35,19,-1,-1,-1
1381,102,429,90,35,19,-1,-1,-1
1386,103,367,106,41,25,-1,-1,-1
1387,103,359,107,42,26,-1,-1,-1
1388,103,352,109,44,27,-1,-1,-1
1389,103,341,112,45,27,-1,-1,-1
1390,103,330,115,46,28,-1,-1,-1
1391,103,318,120,46,28,-1,-1,-1
1392,103,304,125,47,28,-1,-1,-1
1393,103,288,129,48,28,-1,-1,-1
1394,103,280,132,49,29,-1,-1,-1
1395,103,274,133,49,30,-1,-1,-1
1404,104,368,105,35,28,-1,-1,-1
1405,104,365,105,35,29,-1,-1,-1
1406,104,363,105,36,30,-1,-1,-1
1411,105,356,89,27,25,-1,-1,-1
1412,105,356,90,26,25,-1,-1,-1
1413,105,355,91,26,24,-1,-1,-1
1414,105,355,92,25,24,-1,-1,-1
1415,105,355,92,25,24,-1,-1,-1
1452,106,607,104,29,27,-1,-1,-1
1453,106,607,104,29,26,-1,-1,-1
1454,106,607,104,29,25,-1,-1,-1
1463,107,607,107,22,19,-1,-1,-1
1464,107,608,106,21,19,-1,-1,-1
1465,107,608,106,21,19,-1,-1,-1
1475,108,408,92,37,37,-1,-1,-1
1476,108,403,92,37,38,-1,-1,-1
1477,108,401,93,37,39,-1,-1,-1
1477,109,271,138,38,25,-1,-1,-1
1478,108,399,93,37,39,-1,-1,-1
1478,109,270,138,38,25,-1,-1,-1
1479,108,399,93,37,39,-1,-1,-1
1479,109,270,138,38,25,-1,-1,-1
1480,108,398,93,37,39,-1,-1,-1
1480,109,270,138,38,25,-1,-1,-1
1481,108,398,93,37,39,-1,-1,-1
1481,109,270,138,38,25,-1,-1,-1
1482,108,398,93,37,39,-1,-1,-1
1482,109,270,138,38,25,-1,-1,-1
1483,108,398,93,37,39,-1,-1,-1
1483,109,270,138,38,25,-1,-1,-1
1484,108,398,93,37,39,-1,-1,-1
1484,109,270,138,38,25,-1,-1,-1
1485,108,398,93,37,39,-1,-1,-1
1485,109,270,138,38,25,-1,-1,-1
1486,108,398,93,37,39,-1,-1,-1
1486,109,270,138,38,25,-1,-1,-1
1487,108,398,93,37,39,-1,-1,-1
1487,109,270,138,38,25,-1,-1,-1
1488,108,398,93,37,39,-1,-1,-1
1488,109,270,138,38,25,-1,-1,-1
1489,108,397,94,37,39,-1,-1,-1
1489,109,270,139,38,25,-1,-1,-1
1490,108,396,94,37,39,-1,-1,-1
1490,109,270,139,38,25,-1,-1,-1
1491,108,396,94,37,39,-1,-1,-1
1491,109,270,139,38,25,-1,-1,-1
1500,110,537,109,22,17,-1,-1,-1
1500,111,571,149,30,29,-1,-1,-1
1501,110,541,107,21,17,-1,-1,-1
1501,111,576,145,28,27,-1,-1,-1
1502,110,544,105,21,17,-1,-1,-1
1502,111,577,143,27,27,-1,-1,-1
1502,115,562,119,22,19,-1,-1,-1
1503,110,547,102,21,17,-1,-1,-1
1503,111,578,142,26,27,-1,-1,-1
1503,115,563,118,22,19,-1,-1,-1
1504,110,549,100,22,18,-1,-1,-1
1504,115,563,117,22,19,-1,-1,-1
1505,110,553,98,22,18,-1,-1,-1
1506,110,557,95,22,17,-1,-1,-1
1507,110,559,94,22,17,-1,-1,-1
1508,110,560,93,22,17,-1,-1,-1
1516,111,571,144,34,35,-1,-1,-1
1517,111,572,141,34,35,-1,-1,-1
1517,113,557,100,25,18,-1,-1,-1
1518,111,573,141,34,34,-1,-1,-1
1518,113,559,99,24,18,-1,-1,-1
1519,113,559,99,24,17,-1,-1,-1
1523,114,603,111,25,21,-1,-1,-1
1524,114,605,109,24,21,-1,-1,-1
1525,114,607,108,24,20,-1,-1,-1
1526,114,609,106,23,19,-1,-1,-1
1527,114,611,104,22,18,-1,-1,-1
1528,114,614,101,22,18,-1,-1,-1
1529,114,616,98,23,17,-1,-1,-1
1530,114,618,95,23,17,-1,-1,-1
1531,114,620,93,22,16,-1,-1,-1
1532,114,621,92,22,16,-1,-1,-1
1533,114,622,91,22,16,-1,-1,-1
1548,116,594,124,29,24,-1,-1,-1
1549,116,594,123,29,24,-1,-1,-1
1549,117,264,119,39,25,-1,-1,-1
1550,116,594,123,29,24,-1,-1,-1
1550,117,264,119,39,25,-1,-1,-1
1551,116,594,123,29,24,-1,-1,-1
1551,117,264,119,39,25,-1,-1,-1
1552,116,594,123,29,24,-1,-1,-1
1552,117,264,119,39,25,-1,-1,-1
1553,116,594,123,29,24,-1,-1,-1
1553,117,264,119,39,26,-1,-1,-1
1554,116,594,123,29,24,-1,-1,-1
1554,117,264,119,39,25,-1,-1,-1
1555,116,594,123,29,24,-1,-1,-1
1555,117,264,119,39,26,-1,-1,-1
1556,116,594,123,29,24,-1,-1,-1
1556,117,264,119,39,26,-1,-1,-1
1557,116,594,123,29,24,-1,-1,-1
1557,117,264,119,39,26,-1,-1,-1
1558,116,594,123,29,24,-1,-1,-1
1558,117,264,119,39,26,-1,-1,-1
1559,116,594,123,29,24,-1,-1,-1
1559,117,264,119,39,26,-1,-1,-1
1560,116,594,123,29,24,-1,-1,-1
1560,117,264,119,39,26,-1,-1,-1
1561,116,594,123,29,24,-1,-1,-1
1561,117,264,119,39,26,-1,-1,-1
1562,116,594,123,29,24,-1,-1,-1
1562,117,264,119,39,26,-1,-1,-1
1563,116,594,123,29,24,-1,-1,-1
1563,117,264,119,39,26,-1,-1,-1
1580,118,607,105,31,25,-1,-1,-1
1581,118,608,105,30,24,-1,-1,-1
1582,118,608,105,30,24,-1,-1,-1
1597,119,542,133,27,24,-1,-1,-1
1598,119,547,129,27,24,-1,-1,-1
1599,119,550,126,28,23,-1,-1,-1
1600,119,553,124,28,23,-1,-1,-1
1601,119,554,124,28,22,-1,-1,-1
1610,120,104,108,51,45,-1,-1,-1
1611,120,104,108,50,45,-1,-1,-1
1611,121,600,88,23,16,-1,-1,-1
1612,120,104,108,50,45,-1,-1,-1
1612,121,601,87,22,16,-1,-1,-1
1613,120,104,108,50,45,-1,-1,-1
1613,121,602,86,22,16,-1,-1,-1
1614,121,603,84,22,16,-1,-1,-1
1615,121,605,82,22,16,-1,-1,-1
1616,121,606,80,22,16,-1,-1,-1
1617,121,608,79,22,16,-1,-1,-1
1618,121,610,77,22,17,-1,-1,-1
1619,121,611,77,22,17,-1,-1,-1
1620,121,611,76,22,17,-1,-1,-1
1622,122,583,136,25,27,-1,-1,-1
1623,122,587,132,24,26,-1,-1,-1
1624,122,589,128,24,26,-1,-1,-1
1625,122,593,125,24,24,-1,-1,-1
1626,122,596,122,23,22,-1,-1,-1
1627,122,599,118,22,21,-1,-1,-1
1628,122,602,114,22,20,-1,-1,-1
1629,122,604,110,22,20,-1,-1,-1
1630,122,606,106,23,21,-1,-1,-1
1631,122,608,103,24,20,-1,-1,-1
1632,122,610,100,25,20,-1,-1,-1
1633,122,611,98,25,20,-1,-1,-1
1634,122,611,97,25,20,-1,-1,-1
1637,123,570,123,36,48,-1,-1,-1
1638,123,573,125,34,42,-1,-1,-1
1639,123,576,123,34,41,-1,-1,-1
1640,123,580,120,33,41,-1,-1,-1
1641,123,584,116,33,40,-1,-1,-1
1642,123,587,111,33,41,-1,-1,-1
1643,123,591,106,33,41,-1,-1,-1
1644,123,594,101,33,41,-1,-1,-1
1645,123,598,97,33,41,-1,-1,-1
1646,123,602,95,32,38,-1,-1,-1
1647,123,605,94,30,35,-1,-1,-1
1648,123,607,94,29,32,-1,-1,-1
1649,123,609,91,29,31,-1,-1,-1
1650,123,610,88,31,32,-1,-1,-1
1651,123,611,84,31,33,-1,-1,-1
1652,123,614,82,31,32,-1,-1,-1
1653,123,617,79,30,33,-1,-1,-1
1654,123,620,75,30,34,-1,-1,-1
1655,123,622,72,30,36,-1,-1,-1
1656,123,624,70,30,36,-1,-1,-1
1657,123,624,68,30,36,-1,-1,-1
1658,123,625,67,30,36,-1,-1,-1
1659,123,625,66,30,36,-1,-1,-1
1660,124,355,96,27,19,-1,-1,-1
1661,124,355,96,26,19,-1,-1,-1
1662,124,354,95,26,20,-1,-1,-1
1663,124,355,95,26,20,-1,-1,-1
1664,124,354,94,26,20,-1,-1,-1
