3,2,371,44,24,25,-1,-1,-1
4,2,370,44,24,24,-1,-1,-1
5,2,369,44,24,24,-1,-1,-1
6,2,368,44,25,24,-1,-1,-1
7,2,366,45,26,24,-1,-1,-1
8,2,364,45,26,25,-1,-1,-1
9,2,362,45,26,25,-1,-1,-1
10,2,361,45,26,25,-1,-1,-1
11,2,359,45,25,25,-1,-1,-1
12,2,357,45,25,25,-1,-1,-1
13,2,355,45,26,24,-1,-1,-1
14,2,353,45,26,25,-1,-1,-1
15,1,100,127,57,43,-1,-1,-1
15,2,351,45,27,25,-1,-1,-1
16,1,96,127,57,44,-1,-1,-1
16,2,349,45,27,25,-1,-1,-1
17,1,94,127,57,44,-1,-1,-1
17,2,348,45,27,25,-1,-1,-1
18,2,348,46,26,25,-1,-1,-1
19,2,346,46,26,24,-1,-1,-1
20,2,345,47,25,25,-1,-1,-1
21,2,343,46,25,25,-1,-1,-1
22,2,340,47,26,25,-1,-1,-1
23,2,337,47,27,25,-1,-1,-1
24,2,335,48,27,25,-1,-1,-1
25,2,333,48,26,24,-1,-1,-1
26,2,331,49,26,24,-1,-1,-1
27,2,329,49,25,24,-1,-1,-1
28,2,327,50,25,24,-1,-1,-1
29,2,324,50,25,24,-1,-1,-1
30,2,321,51,25,24,-1,-1,-1
31,2,318,51,25,24,-1,-1,-1
32,2,315,51,25,24,-1,-1,-1
33,2,312,52,25,24,-1,-1,-1
34,2,309,52,25,24,-1,-1,-1
35,2,306,53,25,24,-1,-1,-1
36,2,303,53,26,24,-1,-1,-1
37,2,300,54,26,24,-1,-1,-1
38,2,297,54,26,24,-1,-1,-1
39,2,294,55,26,24,-1,-1,-1
40,2,291,55,26,24,-1,-1,-1
41,2,288,56,26,24,-1,-1,-1
42,2,285,56,26,24,-1,-1,-1
42,4,349,42,29,27,-1,-1,-1
43,2,281,57,27,24,-1,-1,-1
43,4,347,42,29,27,-1,-1,-1
44,2,278,57,27,24,-1,-1,-1
44,4,346,42,29,27,-1,-1,-1
45,2,275,58,27,24,-1,-1,-1
45,4,344,42,30,27,-1,-1,-1
46,2,272,58,27,24,-1,-1,-1
46,4,342,43,30,27,-1,-1,-1
47,2,269,59,27,24,-1,-1,-1
47,4,340,43,30,27,-1,-1,-1
48,2,266,59,27,24,-1,-1,-1
48,4,338,43,30,27,-1,-1,-1
49,2,263,60,27,24,-1,-1,-1
49,4,336,44,30,27,-1,-1,-1
50,2,260,60,28,24,-1,-1,-1
50,4,333,44,30,27,-1,-1,-1
51,2,257,61,28,24,-1,-1,-1
51,4,331,45,30,27,-1,-1,-1
52,2,254,61,28,24,-1,-1,-1
52,4,329,45,31,27,-1,-1,-1
53,2,251,62,28,24,-1,-1,-1
53,4,326,46,31,27,-1,-1,-1
54,2,248,62,28,24,-1,-1,-1
54,4,324,46,31,27,-1,-1,-1
55,2,245,63,28,24,-1,-1,-1
55,4,322,47,31,27,-1,-1,-1
56,2,242,63,28,24,-1,-1,-1
56,4,319,47,31,27,-1,-1,-1
57,2,238,64,29,24,-1,-1,-1
57,4,317,48,31,27,-1,-1,-1
58,2,235,64,29,24,-1,-1,-1
58,4,314,48,31,27,-1,-1,-1
59,2,232,65,29,24,-1,-1,-1
59,4,312,48,31,27,-1,-1,-1
60,2,229,65,29,24,-1,-1,-1
60,4,310,49,32,27,-1,-1,-1
61,2,226,66,29,24,-1,-1,-1
61,4,307,49,32,27,-1,-1,-1
62,2,223,66,29,24,-1,-1,-1
62,4,305,50,32,27,-1,-1,-1
63,2,220,67,29,24,-1,-1,-1
63,4,303,50,32,27,-1,-1,-1
64,2,217,67,30,24,-1,-1,-1
64,4,300,51,32,27,-1,-1,-1
65,2,214,68,30,24,-1,-1,-1
65,4,298,51,32,27,-1,-1,-1
66,2,211,68,30,24,-1,-1,-1
66,4,296,52,32,27,-1,-1,-1
67,2,208,69,30,24,-1,-1,-1
67,4,293,52,32,27,-1,-1,-1
68,2,205,69,30,24,-1,-1,-1
68,4,291,53,33,27,-1,-1,-1
69,2,202,70,30,24,-1,-1,-1
69,4,289,53,33,27,-1,-1,-1
70,2,199,70,31,24,-1,-1,-1
70,4,286,54,33,27,-1,-1,-1
71,2,195,71,31,24,-1,-1,-1
71,4,284,54,33,27,-1,-1,-1
72,2,192,71,32,25,-1,-1,-1
72,4,281,54,33,27,-1,-1,-1
73,2,187,72,33,26,-1,-1,-1
73,4,279,55,33,27,-1,-1,-1
74,2,184,72,34,27,-1,-1,-1
74,4,277,55,33,27,-1,-1,-1
75,2,179,73,35,27,-1,-1,-1
75,4,274,56,33,27,-1,-1,-1
76,2,176,73,36,27,-1,-1,-1
76,4,272,56,34,27,-1,-1,-1
77,2,172,74,36,27,-1,-1,-1
77,4,270,57,34,27,-1,-1,-1
78,2,167,75,37,27,-1,-1,-1
78,4,267,57,34,27,-1,-1,-1
79,2,162,75,38,28,-1,-1,-1
79,4,265,58,34,27,-1,-1,-1
80,2,157,76,38,29,-1,-1,-1
80,4,263,58,34,27,-1,-1,-1
81,2,153,77,39,29,-1,-1,-1
81,4,260,59,34,27,-1,-1,-1
82,2,148,77,40,30,-1,-1,-1
82,4,258,59,34,27,-1,-1,-1
83,2,143,78,40,31,-1,-1,-1
83,4,256,60,35,27,-1,-1,-1
84,2,138,78,41,31,-1,-1,-1
84,4,253,60,35,26,-1,-1,-1
85,2,133,79,41,32,-1,-1,-1
85,4,251,61,36,26,-1,-1,-1
86,2,128,79,42,33,-1,-1,-1
86,4,248,61,36,25,-1,-1,-1
87,2,123,80,43,33,-1,-1,-1
87,3,385,56,29,27,-1,-1,-1
87,4,245,62,35,24,-1,-1,-1
88,2,118,80,43,34,-1,-1,-1
88,3,384,56,29,26,-1,-1,-1
88,4,243,62,35,24,-1,-1,-1
89,2,113,81,44,35,-1,-1,-1
89,3,383,56,29,26,-1,-1,-1
89,4,240,63,35,23,-1,-1,-1
90,2,108,81,45,35,-1,-1,-1
90,3,381,57,29,26,-1,-1,-1
90,4,238,63,35,23,-1,-1,-1
91,2,103,82,45,36,-1,-1,-1
91,3,380,57,29,25,-1,-1,-1
91,4,236,63,36,23,-1,-1,-1
92,2,98,82,46,37,-1,-1,-1
92,3,378,57,29,25,-1,-1,-1
92,4,234,64,36,23,-1,-1,-1
93,2,93,83,46,37,-1,-1,-1
93,3,376,58,30,25,-1,-1,-1
93,4,230,64,35,24,-1,-1,-1
94,2,88,83,47,38,-1,-1,-1
94,3,373,59,30,25,-1,-1,-1
94,4,227,65,35,24,-1,-1,-1
95,2,83,84,48,39,-1,-1,-1
95,3,370,59,31,25,-1,-1,-1
95,4,224,65,34,24,-1,-1,-1
96,2,78,84,48,39,-1,-1,-1
96,3,367,60,31,25,-1,-1,-1
96,4,221,66,34,24,-1,-1,-1
97,2,73,85,49,40,-1,-1,-1
97,3,365,61,31,26,-1,-1,-1
97,4,217,67,33,24,-1,-1,-1
98,2,67,85,50,41,-1,-1,-1
98,3,363,62,31,26,-1,-1,-1
98,4,214,67,33,25,-1,-1,-1
99,2,64,84,51,42,-1,-1,-1
99,3,360,63,32,26,-1,-1,-1
99,4,210,68,32,25,-1,-1,-1
100,2,62,84,51,42,-1,-1,-1
100,3,357,63,33,27,-1,-1,-1
100,4,207,69,31,25,-1,-1,-1
101,3,356,63,33,27,-1,-1,-1
101,4,203,69,31,25,-1,-1,-1
102,3,355,63,33,27,-1,-1,-1
102,4,200,70,30,25,-1,-1,-1
103,4,197,70,30,25,-1,-1,-1
104,4,193,71,30,25,-1,-1,-1
104,5,410,42,29,24,-1,-1,-1
105,4,192,71,30,25,-1,-1,-1
105,5,410,42,29,24,-1,-1,-1
106,4,190,71,30,25,-1,-1,-1
106,5,410,42,29,24,-1,-1,-1
114,6,440,31,23,21,-1,-1,-1
115,6,439,31,22,20,-1,-1,-1
116,6,439,31,21,20,-1,-1,-1
117,6,438,31,21,20,-1,-1,-1
118,6,437,31,20,20,-1,-1,-1
119,6,436,31,20,19,-1,-1,-1
120,6,435,32,20,19,-1,-1,-1
121,6,434,32,20,19,-1,-1,-1
122,6,433,32,19,19,-1,-1,-1
123,6,432,33,19,19,-1,-1,-1
124,6,431,33,19,19,-1,-1,-1
125,6,430,33,18,19,-1,-1,-1
126,6,429,34,18,19,-1,-1,-1
127,6,428,34,19,20,-1,-1,-1
128,6,427,34,19,20,-1,-1,-1
129,6,426,34,19,20,-1,-1,-1
130,6,426,34,19,20,-1,-1,-1
131,6,425,34,19,20,-1,-1,-1
132,6,424,34,18,20,-1,-1,-1
133,6,424,34,18,20,-1,-1,-1
134,6,423,34,18,20,-1,-1,-1
135,6,423,34,18,20,-1,-1,-1
136,6,423,34,18,20,-1,-1,-1
137,6,423,34,18,20,-1,-1,-1
138,6,423,34,18,20,-1,-1,-1
139,6,423,34,18,20,-1,-1,-1
140,6,423,34,18,20,-1,-1,-1
141,6,423,34,18,20,-1,-1,-1
142,6,423,34,18,20,-1,-1,-1
143,6,423,34,18,20,-1,-1,-1
144,6,423,34,18,20,-1,-1,-1
145,6,423,34,18,20,-1,-1,-1
146,6,423,34,18,20,-1,-1,-1
147,6,423,34,18,20,-1,-1,-1
148,6,423,34,18,20,-1,-1,-1
149,6,423,34,18,20,-1,-1,-1
150,6,423,34,18,20,-1,-1,-1
151,6,423,34,18,20,-1,-1,-1
155,7,355,191,46,35,-1,-1,-1
156,7,361,185,43,34,-1,-1,-1
157,7,363,184,42,34,-1,-1,-1
158,7,366,181,40,34,-1,-1,-1
162,10,361,58,24,26,-1,-1,-1
163,8,381,38,23,23,-1,-1,-1
163,10,359,58,24,26,-1,-1,-1
164,8,380,38,22,23,-1,-1,-1
164,10,357,58,24,26,-1,-1,-1
165,8,378,39,22,23,-1,-1,-1
165,10,355,59,25,26,-1,-1,-1
166,8,376,39,23,23,-1,-1,-1
166,10,353,60,25,27,-1,-1,-1
167,8,374,40,23,23,-1,-1,-1
167,10,351,61,26,26,-1,-1,-1
168,8,373,40,23,23,-1,-1,-1
168,10,350,61,25,26,-1,-1,-1
169,8,371,41,23,23,-1,-1,-1
169,10,348,62,25,26,-1,-1,-1
170,8,369,41,23,22,-1,-1,-1
170,10,346,63,25,25,-1,-1,-1
171,8,367,42,24,22,-1,-1,-1
171,10,343,64,25,25,-1,-1,-1
172,8,366,42,24,22,-1,-1,-1
172,9,452,139,33,24,-1,-1,-1
172,10,341,64,25,25,-1,-1,-1
173,8,364,42,25,23,-1,-1,-1
173,9,453,138,33,24,-1,-1,-1
173,10,338,65,26,26,-1,-1,-1
174,8,361,42,25,23,-1,-1,-1
174,9,454,137,32,24,-1,-1,-1
174,10,336,65,27,25,-1,-1,-1
175,8,358,42,25,23,-1,-1,-1
175,10,334,65,27,25,-1,-1,-1
176,8,356,42,25,23,-1,-1,-1
176,10,334,65,27,25,-1,-1,-1
177,8,353,42,26,24,-1,-1,-1
178,8,352,43,26,24,-1,-1,-1
179,8,350,44,26,24,-1,-1,-1
180,8,348,44,26,24,-1,-1,-1
181,8,346,45,26,24,-1,-1,-1
182,8,343,45,25,24,-1,-1,-1
183,8,340,45,25,25,-1,-1,-1
184,8,339,45,25,25,-1,-1,-1
185,8,337,46,25,25,-1,-1,-1
186,8,334,47,24,24,-1,-1,-1
187,8,331,47,23,24,-1,-1,-1
188,8,328,47,23,24,-1,-1,-1
189,8,325,47,24,25,-1,-1,-1
190,8,321,47,24,26,-1,-1,-1
191,8,319,47,24,26,-1,-1,-1
192,8,318,47,24,27,-1,-1,-1
198,12,449,149,37,22,-1,-1,-1
199,12,451,146,35,22,-1,-1,-1
200,12,452,143,34,22,-1,-1,-1
200,14,486,82,26,22,-1,-1,-1
201,12,454,139,33,22,-1,-1,-1
201,14,486,82,25,22,-1,-1,-1
202,12,457,135,31,22,-1,-1,-1
202,14,487,82,25,21,-1,-1,-1
203,11,285,51,24,24,-1,-1,-1
203,12,460,131,31,21,-1,-1,-1
203,14,488,82,24,21,-1,-1,-1
204,11,283,52,24,25,-1,-1,-1
204,12,462,127,30,21,-1,-1,-1
204,14,488,82,24,20,-1,-1,-1
205,11,281,51,24,25,-1,-1,-1
205,12,463,124,30,21,-1,-1,-1
205,14,488,82,24,20,-1,-1,-1
206,11,278,51,25,25,-1,-1,-1
206,12,464,121,29,21,-1,-1,-1
206,14,488,82,25,20,-1,-1,-1
207,11,276,50,25,26,-1,-1,-1
207,12,465,118,28,20,-1,-1,-1
207,13,190,107,42,39,-1,-1,-1
207,14,489,82,25,20,-1,-1,-1
208,11,275,50,25,26,-1,-1,-1
208,12,465,117,27,20,-1,-1,-1
208,13,187,108,43,39,-1,-1,-1
208,14,489,82,25,20,-1,-1,-1
209,11,274,50,26,26,-1,-1,-1
209,12,466,116,27,19,-1,-1,-1
209,13,186,108,44,40,-1,-1,-1
209,14,489,82,25,19,-1,-1,-1
317,15,439,32,24,25,-1,-1,-1
318,15,438,32,25,25,-1,-1,-1
319,15,438,32,25,25,-1,-1,-1
320,15,438,32,24,25,-1,-1,-1
321,15,438,32,24,25,-1,-1,-1
322,15,438,32,24,24,-1,-1,-1
322,16,411,42,26,24,-1,-1,-1
323,15,438,32,23,24,-1,-1,-1
323,16,410,42,26,24,-1,-1,-1
324,15,438,33,23,23,-1,-1,-1
324,16,410,43,26,24,-1,-1,-1
325,15,437,33,23,23,-1,-1,-1
325,16,410,44,26,24,-1,-1,-1
326,15,437,33,23,22,-1,-1,-1
326,16,409,44,26,24,-1,-1,-1
327,15,437,33,23,22,-1,-1,-1
327,16,408,44,27,24,-1,-1,-1
328,15,436,34,23,22,-1,-1,-1
328,16,407,45,27,24,-1,-1,-1
329,15,435,34,23,21,-1,-1,-1
329,16,406,45,27,24,-1,-1,-1
330,15,435,34,23,21,-1,-1,-1
330,16,405,45,27,24,-1,-1,-1
331,15,434,34,23,21,-1,-1,-1
331,16,404,45,27,24,-1,-1,-1
332,15,433,34,23,21,-1,-1,-1
332,16,402,45,27,24,-1,-1,-1
333,15,433,34,23,21,-1,-1,-1
333,16,401,45,27,24,-1,-1,-1
334,15,432,34,23,21,-1,-1,-1
334,16,400,45,27,24,-1,-1,-1
335,15,431,34,23,21,-1,-1,-1
335,16,399,45,27,24,-1,-1,-1
336,15,430,34,24,21,-1,-1,-1
336,16,398,46,27,24,-1,-1,-1
337,15,430,35,24,21,-1,-1,-1
337,16,397,46,27,24,-1,-1,-1
338,15,429,35,24,21,-1,-1,-1
338,16,396,46,27,24,-1,-1,-1
339,15,428,35,24,21,-1,-1,-1
339,16,396,47,27,24,-1,-1,-1
340,15,428,35,24,21,-1,-1,-1
340,16,395,48,27,24,-1,-1,-1
341,15,427,35,24,21,-1,-1,-1
341,16,394,48,27,25,-1,-1,-1
342,15,426,35,24,21,-1,-1,-1
342,16,393,49,27,25,-1,-1,-1
343,15,426,35,24,21,-1,-1,-1
343,16,392,49,27,24,-1,-1,-1
344,15,425,35,24,21,-1,-1,-1
344,16,391,49,27,24,-1,-1,-1
345,15,424,35,24,21,-1,-1,-1
345,16,390,49,27,25,-1,-1,-1
346,15,424,36,24,21,-1,-1,-1
346,16,388,50,27,25,-1,-1,-1
347,15,424,36,23,20,-1,-1,-1
347,16,386,51,27,25,-1,-1,-1
348,15,424,37,22,20,-1,-1,-1
348,16,384,52,28,25,-1,-1,-1
349,15,424,37,21,19,-1,-1,-1
349,16,383,54,28,24,-1,-1,-1
350,15,424,37,21,19,-1,-1,-1
350,16,382,54,29,24,-1,-1,-1
351,15,424,38,20,19,-1,-1,-1
351,16,380,55,29,24,-1,-1,-1
352,15,423,38,20,18,-1,-1,-1
352,16,379,55,29,24,-1,-1,-1
353,15,422,39,20,17,-1,-1,-1
353,16,378,55,30,24,-1,-1,-1
354,15,421,39,20,17,-1,-1,-1
354,16,376,55,30,24,-1,-1,-1
355,15,419,39,20,17,-1,-1,-1
355,16,374,55,30,24,-1,-1,-1
356,15,418,39,20,17,-1,-1,-1
356,16,373,56,30,24,-1,-1,-1
357,15,417,39,20,17,-1,-1,-1
357,16,371,56,31,24,-1,-1,-1
358,15,416,40,21,18,-1,-1,-1
358,16,369,56,31,25,-1,-1,-1
359,15,415,40,22,18,-1,-1,-1
359,16,367,56,31,26,-1,-1,-1
360,15,413,41,23,19,-1,-1,-1
360,16,365,57,31,26,-1,-1,-1
361,15,412,40,23,19,-1,-1,-1
361,16,363,57,32,27,-1,-1,-1
362,15,411,40,24,19,-1,-1,-1
362,16,361,57,32,27,-1,-1,-1
363,15,410,39,25,20,-1,-1,-1
363,16,359,58,32,27,-1,-1,-1
364,15,409,40,25,21,-1,-1,-1
364,16,357,58,32,27,-1,-1,-1
365,15,409,41,26,21,-1,-1,-1
365,16,355,59,31,27,-1,-1,-1
366,15,408,41,26,21,-1,-1,-1
366,16,353,60,31,27,-1,-1,-1
367,15,407,42,27,21,-1,-1,-1
367,16,350,60,30,27,-1,-1,-1
368,15,407,42,27,21,-1,-1,-1
368,16,348,61,30,27,-1,-1,-1
369,15,406,43,26,21,-1,-1,-1
369,16,347,61,31,27,-1,-1,-1
370,15,405,44,26,21,-1,-1,-1
370,16,347,61,31,27,-1,-1,-1
371,15,403,44,26,22,-1,-1,-1
372,15,402,44,26,22,-1,-1,-1
373,15,400,44,27,23,-1,-1,-1
374,15,399,44,27,23,-1,-1,-1
375,15,398,44,27,24,-1,-1,-1
376,15,397,44,27,24,-1,-1,-1
377,15,395,44,28,23,-1,-1,-1
378,15,394,45,28,23,-1,-1,-1
379,15,393,45,29,23,-1,-1,-1
380,15,391,45,29,23,-1,-1,-1
381,15,390,46,29,23,-1,-1,-1
382,15,390,46,29,24,-1,-1,-1
383,15,389,46,29,24,-1,-1,-1
411,17,344,43,28,23,-1,-1,-1
412,17,343,43,28,23,-1,-1,-1
413,17,342,43,28,23,-1,-1,-1
414,17,341,44,27,24,-1,-1,-1
415,17,339,44,27,24,-1,-1,-1
416,17,337,45,27,24,-1,-1,-1
417,17,335,46,27,24,-1,-1,-1
418,17,333,46,27,23,-1,-1,-1
419,17,331,47,27,23,-1,-1,-1
420,17,329,47,27,23,-1,-1,-1
421,17,326,47,26,24,-1,-1,-1
422,17,324,47,26,24,-1,-1,-1
423,17,321,48,26,24,-1,-1,-1
424,17,318,48,25,24,-1,-1,-1
425,17,316,49,25,24,-1,-1,-1
426,17,314,50,25,24,-1,-1,-1
427,17,311,50,25,24,-1,-1,-1
428,17,309,51,25,23,-1,-1,-1
429,17,307,51,24,23,-1,-1,-1
430,17,305,51,24,22,-1,-1,-1
431,17,303,52,24,22,-1,-1,-1
432,17,301,52,23,21,-1,-1,-1
433,17,298,52,23,21,-1,-1,-1
434,17,295,52,23,21,-1,-1,-1
435,17,292,53,24,21,-1,-1,-1
436,17,289,53,25,22,-1,-1,-1
437,17,285,54,26,23,-1,-1,-1
438,17,282,55,27,23,-1,-1,-1
439,17,278,56,29,24,-1,-1,-1
440,17,275,56,30,24,-1,-1,-1
441,17,271,57,31,25,-1,-1,-1
442,17,269,57,30,25,-1,-1,-1
443,17,266,57,31,26,-1,-1,-1
444,17,263,58,31,26,-1,-1,-1
445,17,259,58,32,26,-1,-1,-1
446,17,256,59,33,26,-1,-1,-1
447,17,253,60,33,25,-1,-1,-1
448,17,251,61,33,25,-1,-1,-1
449,17,248,61,33,24,-1,-1,-1
450,17,244,62,33,24,-1,-1,-1
451,17,241,63,33,24,-1,-1,-1
452,17,237,63,33,24,-1,-1,-1
453,17,234,64,33,25,-1,-1,-1
454,17,230,64,33,25,-1,-1,-1
455,17,226,65,33,25,-1,-1,-1
456,17,223,66,33,25,-1,-1,-1
457,17,219,66,33,26,-1,-1,-1
458,17,215,67,33,26,-1,-1,-1
459,17,212,67,33,26,-1,-1,-1
460,17,208,68,33,26,-1,-1,-1
461,17,204,68,33,27,-1,-1,-1
462,17,201,69,33,27,-1,-1,-1
463,17,197,70,33,27,-1,-1,-1
464,17,193,70,33,27,-1,-1,-1
465,17,190,71,33,28,-1,-1,-1
466,17,186,71,33,28,-1,-1,-1
467,17,182,72,33,28,-1,-1,-1
468,17,179,73,32,28,-1,-1,-1
469,17,175,73,32,27,-1,-1,-1
470,17,170,74,33,27,-1,-1,-1
471,17,166,74,33,27,-1,-1,-1
472,17,160,75,34,27,-1,-1,-1
473,17,155,76,35,27,-1,-1,-1
474,17,150,77,36,27,-1,-1,-1
475,17,145,77,37,28,-1,-1,-1
476,17,142,78,36,29,-1,-1,-1
477,17,139,78,35,29,-1,-1,-1
478,17,138,78,34,29,-1,-1,-1
479,17,137,79,33,28,-1,-1,-1
480,17,136,79,32,28,-1,-1,-1
481,17,136,79,32,28,-1,-1,-1
482,17,136,79,32,28,-1,-1,-1
483,17,136,79,32,28,-1,-1,-1
484,17,136,79,32,28,-1,-1,-1
485,17,136,79,32,28,-1,-1,-1
486,17,136,79,32,28,-1,-1,-1
487,17,136,79,32,28,-1,-1,-1
488,17,136,79,32,28,-1,-1,-1
489,17,136,79,32,28,-1,-1,-1
490,17,136,79,32,28,-1,-1,-1
491,17,136,79,32,28,-1,-1,-1
492,17,136,79,32,28,-1,-1,-1
493,17,136,79,32,28,-1,-1,-1
494,17,136,79,32,28,-1,-1,-1
495,17,136,79,32,28,-1,-1,-1
557,18,361,59,28,27,-1,-1,-1
558,18,359,59,28,26,-1,-1,-1
559,18,358,60,28,26,-1,-1,-1
560,18,356,60,29,26,-1,-1,-1
561,18,354,61,29,26,-1,-1,-1
562,18,352,62,29,26,-1,-1,-1
563,18,350,63,28,26,-1,-1,-1
564,18,348,64,28,25,-1,-1,-1
565,18,347,64,28,24,-1,-1,-1
566,18,346,65,28,24,-1,-1,-1
571,19,326,73,30,29,-1,-1,-1
571,18,381,59,25,21,-1,-1,-1
572,19,325,73,30,29,-1,-1,-1
572,18,379,59,25,21,-1,-1,-1
573,19,325,73,30,29,-1,-1,-1
573,18,378,60,25,22,-1,-1,-1
574,18,376,59,25,22,-1,-1,-1
575,18,373,59,26,23,-1,-1,-1
576,18,371,59,27,23,-1,-1,-1
577,18,368,59,27,23,-1,-1,-1
578,18,365,59,28,23,-1,-1,-1
579,18,363,59,29,23,-1,-1,-1
580,18,360,60,29,23,-1,-1,-1
581,18,359,61,29,23,-1,-1,-1
582,18,357,61,28,23,-1,-1,-1
583,18,356,61,28,23,-1,-1,-1
584,18,355,61,27,23,-1,-1,-1
585,18,353,62,26,23,-1,-1,-1
586,18,351,63,25,23,-1,-1,-1
587,18,350,62,25,22,-1,-1,-1
588,18,348,60,25,22,-1,-1,-1
589,18,346,55,26,23,-1,-1,-1
590,18,344,51,27,24,-1,-1,-1
591,18,342,47,29,25,-1,-1,-1
592,18,341,46,30,26,-1,-1,-1
593,18,340,45,31,26,-1,-1,-1
593,21,229,98,46,37,-1,-1,-1
594,18,339,44,32,26,-1,-1,-1
594,21,229,98,46,37,-1,-1,-1
595,18,339,44,32,26,-1,-1,-1
595,21,229,98,46,37,-1,-1,-1
596,18,339,44,32,26,-1,-1,-1
596,21,229,98,46,37,-1,-1,-1
597,18,339,44,32,26,-1,-1,-1
597,21,229,98,46,37,-1,-1,-1
598,18,339,44,32,26,-1,-1,-1
598,21,229,98,46,37,-1,-1,-1
599,18,339,44,32,26,-1,-1,-1
599,21,229,98,46,37,-1,-1,-1
600,18,339,44,32,26,-1,-1,-1
600,21,229,98,46,37,-1,-1,-1
601,18,339,44,32,26,-1,-1,-1
601,21,229,98,46,37,-1,-1,-1
602,18,339,44,32,26,-1,-1,-1
602,21,229,98,46,37,-1,-1,-1
603,18,339,44,32,26,-1,-1,-1
603,21,229,98,46,37,-1,-1,-1
604,18,339,44,32,26,-1,-1,-1
604,21,229,98,46,37,-1,-1,-1
605,18,339,44,32,26,-1,-1,-1
605,21,229,98,46,37,-1,-1,-1
606,18,339,44,32,26,-1,-1,-1
606,21,229,98,46,37,-1,-1,-1
607,18,339,44,32,26,-1,-1,-1
607,21,229,98,46,37,-1,-1,-1
608,18,339,44,32,26,-1,-1,-1
608,21,229,98,46,37,-1,-1,-1
609,18,339,44,32,26,-1,-1,-1
609,21,229,98,46,37,-1,-1,-1
610,18,339,44,32,26,-1,-1,-1
610,21,229,98,46,37,-1,-1,-1
675,22,345,50,28,24,-1,-1,-1
676,22,344,50,28,24,-1,-1,-1
677,22,344,50,27,23,-1,-1,-1
678,22,344,50,27,23,-1,-1,-1
678,30,381,44,25,23,-1,-1,-1
679,22,344,50,27,23,-1,-1,-1
679,30,380,44,25,23,-1,-1,-1
680,30,379,44,25,23,-1,-1,-1
681,22,344,48,25,24,-1,-1,-1
681,30,377,44,25,24,-1,-1,-1
682,22,344,48,25,24,-1,-1,-1
682,30,376,44,25,24,-1,-1,-1
683,22,343,48,24,23,-1,-1,-1
683,30,375,44,25,24,-1,-1,-1
684,22,341,49,24,23,-1,-1,-1
684,30,373,44,24,23,-1,-1,-1
685,22,340,50,24,22,-1,-1,-1
685,30,372,44,24,23,-1,-1,-1
686,22,338,50,24,21,-1,-1,-1
686,30,371,44,23,22,-1,-1,-1
687,22,336,51,24,21,-1,-1,-1
687,30,370,44,24,23,-1,-1,-1
688,22,334,51,24,21,-1,-1,-1
688,30,369,44,24,23,-1,-1,-1
689,22,333,51,24,21,-1,-1,-1
689,30,367,45,24,23,-1,-1,-1
690,24,234,95,36,39,-1,-1,-1
690,30,366,45,23,23,-1,-1,-1
691,24,232,96,36,38,-1,-1,-1
691,30,365,45,23,23,-1,-1,-1
692,24,232,96,36,38,-1,-1,-1
692,30,363,45,24,23,-1,-1,-1
693,30,361,45,24,23,-1,-1,-1
694,30,360,44,25,23,-1,-1,-1
695,30,358,44,25,24,-1,-1,-1
696,30,356,43,25,24,-1,-1,-1
697,30,354,44,25,24,-1,-1,-1
698,30,352,44,26,24,-1,-1,-1
699,30,351,45,26,24,-1,-1,-1
700,30,349,45,26,24,-1,-1,-1
701,30,348,45,26,24,-1,-1,-1
702,30,346,45,26,23,-1,-1,-1
703,30,345,45,26,23,-1,-1,-1
704,30,342,45,26,23,-1,-1,-1
705,30,340,45,26,23,-1,-1,-1
706,30,338,46,27,24,-1,-1,-1
707,30,337,46,27,24,-1,-1,-1
708,25,415,188,52,49,-1,-1,-1
708,30,336,46,27,24,-1,-1,-1
709,25,415,188,52,49,-1,-1,-1
709,30,335,46,27,24,-1,-1,-1
710,25,416,185,51,48,-1,-1,-1
710,30,334,47,27,24,-1,-1,-1
711,25,419,181,51,48,-1,-1,-1
711,30,333,47,27,23,-1,-1,-1
712,25,422,176,50,47,-1,-1,-1
712,30,332,48,26,22,-1,-1,-1
713,25,425,172,47,46,-1,-1,-1
713,30,331,48,25,22,-1,-1,-1
714,25,428,168,44,44,-1,-1,-1
714,30,329,48,24,22,-1,-1,-1
715,25,432,163,40,41,-1,-1,-1
715,28,479,87,29,28,-1,-1,-1
715,30,327,48,24,22,-1,-1,-1
716,25,436,157,38,38,-1,-1,-1
716,28,479,86,29,27,-1,-1,-1
716,30,325,48,24,22,-1,-1,-1
717,25,440,153,36,36,-1,-1,-1
717,26,322,50,24,23,-1,-1,-1
717,28,481,85,28,26,-1,-1,-1
717,30,322,49,24,22,-1,-1,-1
718,25,443,149,36,35,-1,-1,-1
718,26,321,50,24,23,-1,-1,-1
718,28,482,84,28,26,-1,-1,-1
718,30,319,49,24,22,-1,-1,-1
719,25,446,144,35,35,-1,-1,-1
719,26,320,50,24,23,-1,-1,-1
719,28,483,82,28,25,-1,-1,-1
719,30,316,50,25,23,-1,-1,-1
720,25,449,140,35,34,-1,-1,-1
720,26,317,50,23,23,-1,-1,-1
720,28,484,81,29,25,-1,-1,-1
720,30,313,50,25,23,-1,-1,-1
721,25,452,137,34,32,-1,-1,-1
721,26,315,51,23,22,-1,-1,-1
721,28,485,80,29,25,-1,-1,-1
721,30,310,51,26,23,-1,-1,-1
722,25,454,133,34,31,-1,-1,-1
722,26,312,51,23,21,-1,-1,-1
722,28,485,80,29,24,-1,-1,-1
722,30,307,51,26,23,-1,-1,-1
723,25,457,129,33,30,-1,-1,-1
723,26,309,52,23,21,-1,-1,-1
723,28,486,80,29,23,-1,-1,-1
723,30,304,52,27,24,-1,-1,-1
724,25,458,126,34,30,-1,-1,-1
724,26,308,52,23,21,-1,-1,-1
724,27,205,105,49,46,-1,-1,-1
724,28,486,80,29,23,-1,-1,-1
724,30,300,53,27,24,-1,-1,-1
725,25,459,126,33,29,-1,-1,-1
725,26,307,52,23,21,-1,-1,-1
725,27,202,105,49,47,-1,-1,-1
725,28,487,78,29,22,-1,-1,-1
725,30,297,53,28,24,-1,-1,-1
726,27,202,105,49,46,-1,-1,-1
726,28,488,77,28,21,-1,-1,-1
726,30,294,54,28,25,-1,-1,-1
727,28,489,75,27,20,-1,-1,-1
727,30,291,54,29,25,-1,-1,-1
728,28,490,73,27,19,-1,-1,-1
728,30,288,55,29,25,-1,-1,-1
729,28,491,72,26,19,-1,-1,-1
729,30,285,55,30,25,-1,-1,-1
730,28,491,70,26,18,-1,-1,-1
730,29,176,75,31,24,-1,-1,-1
730,30,282,56,30,26,-1,-1,-1
731,28,492,68,25,18,-1,-1,-1
731,29,174,75,31,24,-1,-1,-1
731,30,279,56,31,26,-1,-1,-1
732,28,492,67,25,18,-1,-1,-1
732,29,172,76,31,24,-1,-1,-1
732,30,275,57,31,26,-1,-1,-1
733,28,492,66,25,18,-1,-1,-1
733,29,169,76,32,24,-1,-1,-1
733,30,273,58,31,26,-1,-1,-1
734,28,493,65,26,18,-1,-1,-1
734,29,167,77,32,24,-1,-1,-1
734,30,270,58,32,26,-1,-1,-1
735,28,493,64,27,19,-1,-1,-1
735,29,164,77,33,24,-1,-1,-1
735,30,268,59,32,26,-1,-1,-1
736,28,493,62,28,20,-1,-1,-1
736,29,160,78,34,25,-1,-1,-1
736,30,266,59,32,26,-1,-1,-1
737,28,493,62,29,20,-1,-1,-1
737,29,157,78,34,25,-1,-1,-1
737,30,263,59,32,26,-1,-1,-1
738,28,493,61,29,20,-1,-1,-1
738,29,154,79,35,25,-1,-1,-1
738,30,260,60,33,26,-1,-1,-1
739,28,493,61,29,20,-1,-1,-1
739,29,151,79,36,25,-1,-1,-1
739,30,257,61,34,26,-1,-1,-1
740,29,148,80,37,26,-1,-1,-1
740,30,254,61,35,25,-1,-1,-1
741,29,144,80,37,26,-1,-1,-1
741,30,251,62,35,25,-1,-1,-1
742,29,141,81,38,26,-1,-1,-1
742,30,248,62,35,25,-1,-1,-1
743,29,138,81,39,26,-1,-1,-1
743,30,245,62,34,25,-1,-1,-1
744,29,135,82,40,27,-1,-1,-1
744,30,241,63,34,25,-1,-1,-1
745,29,131,82,40,27,-1,-1,-1
745,30,238,64,35,25,-1,-1,-1
746,29,128,83,41,27,-1,-1,-1
746,30,235,64,35,25,-1,-1,-1
747,29,125,84,42,28,-1,-1,-1
747,30,232,65,35,25,-1,-1,-1
748,29,122,84,43,28,-1,-1,-1
748,30,230,65,34,24,-1,-1,-1
749,29,119,85,44,28,-1,-1,-1
749,30,228,65,34,24,-1,-1,-1
750,29,115,85,44,28,-1,-1,-1
750,30,225,66,33,23,-1,-1,-1
751,29,112,86,45,29,-1,-1,-1
751,30,221,66,32,23,-1,-1,-1
752,29,109,86,46,29,-1,-1,-1
752,30,219,67,31,22,-1,-1,-1
753,29,106,87,47,29,-1,-1,-1
753,30,215,67,30,22,-1,-1,-1
754,29,102,87,47,29,-1,-1,-1
754,30,213,67,30,22,-1,-1,-1
755,29,99,88,48,30,-1,-1,-1
755,30,211,68,30,22,-1,-1,-1
756,29,96,88,49,30,-1,-1,-1
756,30,208,68,29,21,-1,-1,-1
757,29,93,89,50,30,-1,-1,-1
757,30,205,69,29,21,-1,-1,-1
758,29,89,89,50,30,-1,-1,-1
758,30,201,70,30,21,-1,-1,-1
759,29,86,90,51,31,-1,-1,-1
759,30,196,71,30,21,-1,-1,-1
760,29,83,90,52,31,-1,-1,-1
760,30,191,72,31,22,-1,-1,-1
761,29,80,91,52,31,-1,-1,-1
761,30,186,73,31,22,-1,-1,-1
762,29,77,91,51,31,-1,-1,-1
762,30,181,74,32,22,-1,-1,-1
763,29,73,91,51,32,-1,-1,-1
763,30,176,75,32,23,-1,-1,-1
764,29,69,90,51,34,-1,-1,-1
764,30,171,76,33,23,-1,-1,-1
765,29,64,90,51,36,-1,-1,-1
765,30,167,77,33,24,-1,-1,-1
766,29,59,89,50,37,-1,-1,-1
766,30,163,77,34,25,-1,-1,-1
767,29,54,90,50,37,-1,-1,-1
767,30,159,78,34,25,-1,-1,-1
768,29,49,91,50,38,-1,-1,-1
768,30,155,78,34,26,-1,-1,-1
769,29,44,92,49,39,-1,-1,-1
769,30,150,79,35,26,-1,-1,-1
770,29,39,93,49,40,-1,-1,-1
770,30,146,79,35,27,-1,-1,-1
771,29,33,94,50,40,-1,-1,-1
771,30,142,79,35,28,-1,-1,-1
772,29,27,95,50,41,-1,-1,-1
772,30,137,79,35,30,-1,-1,-1
773,29,21,96,49,40,-1,-1,-1
773,30,132,80,36,32,-1,-1,-1
774,29,16,98,49,39,-1,-1,-1
774,30,128,81,37,33,-1,-1,-1
775,29,12,99,48,38,-1,-1,-1
775,30,123,82,37,33,-1,-1,-1
776,29,10,100,48,37,-1,-1,-1
776,30,119,83,38,33,-1,-1,-1
777,29,8,100,47,37,-1,-1,-1
777,30,115,84,38,33,-1,-1,-1
777,32,393,49,29,24,-1,-1,-1
778,30,111,85,38,32,-1,-1,-1
778,32,392,49,29,24,-1,-1,-1
779,30,106,86,39,32,-1,-1,-1
779,32,391,50,29,24,-1,-1,-1
780,30,103,86,40,32,-1,-1,-1
780,32,390,50,29,23,-1,-1,-1
781,30,101,86,42,32,-1,-1,-1
781,32,389,51,29,23,-1,-1,-1
782,32,389,52,28,24,-1,-1,-1
783,32,388,53,27,24,-1,-1,-1
784,32,387,54,27,25,-1,-1,-1
785,32,385,54,28,25,-1,-1,-1
786,32,384,55,28,25,-1,-1,-1
787,32,382,55,28,25,-1,-1,-1
788,32,380,55,29,25,-1,-1,-1
789,32,379,55,29,25,-1,-1,-1
790,32,377,56,29,25,-1,-1,-1
791,32,376,56,29,25,-1,-1,-1
792,32,375,56,29,24,-1,-1,-1
793,32,373,57,29,25,-1,-1,-1
794,32,372,58,29,25,-1,-1,-1
795,32,371,58,29,26,-1,-1,-1
796,32,369,58,29,26,-1,-1,-1
797,32,367,58,29,26,-1,-1,-1
798,32,365,58,30,27,-1,-1,-1
799,32,363,59,31,27,-1,-1,-1
800,32,362,59,31,27,-1,-1,-1
801,32,360,60,32,27,-1,-1,-1
802,32,358,60,32,27,-1,-1,-1
803,32,356,61,32,27,-1,-1,-1
804,32,355,62,32,27,-1,-1,-1
805,32,354,62,32,28,-1,-1,-1
806,32,352,62,32,29,-1,-1,-1
807,31,410,44,22,20,-1,-1,-1
807,32,350,61,32,31,-1,-1,-1
808,31,409,45,22,20,-1,-1,-1
808,32,348,61,32,32,-1,-1,-1
809,31,408,45,22,20,-1,-1,-1
809,32,346,61,32,33,-1,-1,-1
810,31,407,46,22,20,-1,-1,-1
810,32,343,62,33,33,-1,-1,-1
811,31,407,47,22,20,-1,-1,-1
811,32,341,63,33,32,-1,-1,-1
812,31,405,47,22,21,-1,-1,-1
812,32,338,64,33,32,-1,-1,-1
813,31,404,47,23,21,-1,-1,-1
813,32,336,65,33,31,-1,-1,-1
814,31,402,47,24,22,-1,-1,-1
814,32,333,66,33,30,-1,-1,-1
815,31,401,47,24,22,-1,-1,-1
815,32,331,67,33,30,-1,-1,-1
816,31,399,47,25,22,-1,-1,-1
816,32,328,68,33,29,-1,-1,-1
817,31,398,48,25,22,-1,-1,-1
817,32,326,68,33,28,-1,-1,-1
818,31,397,48,25,22,-1,-1,-1
818,32,325,69,33,29,-1,-1,-1
819,31,396,48,25,22,-1,-1,-1
819,32,323,69,32,31,-1,-1,-1
820,31,396,49,25,22,-1,-1,-1
820,32,322,70,33,32,-1,-1,-1
821,31,395,49,24,22,-1,-1,-1
821,32,321,70,33,33,-1,-1,-1
822,31,394,49,24,21,-1,-1,-1
823,31,393,50,24,21,-1,-1,-1
824,31,392,50,24,21,-1,-1,-1
825,31,391,50,24,21,-1,-1,-1
826,31,389,50,24,21,-1,-1,-1
827,31,387,50,24,22,-1,-1,-1
828,31,386,51,24,22,-1,-1,-1
829,31,385,51,24,22,-1,-1,-1
830,31,383,52,24,22,-1,-1,-1
831,31,382,52,24,21,-1,-1,-1
832,31,381,52,24,21,-1,-1,-1
833,31,379,53,24,21,-1,-1,-1
834,31,377,54,25,22,-1,-1,-1
835,31,375,55,26,22,-1,-1,-1
836,31,372,55,27,22,-1,-1,-1
837,31,370,56,28,23,-1,-1,-1
838,31,368,56,28,23,-1,-1,-1
839,31,367,56,29,23,-1,-1,-1
840,31,366,57,29,24,-1,-1,-1
841,31,364,58,29,24,-1,-1,-1
842,31,362,58,30,25,-1,-1,-1
843,31,360,59,30,25,-1,-1,-1
844,31,358,60,30,26,-1,-1,-1
845,31,357,60,30,27,-1,-1,-1
846,31,355,61,30,27,-1,-1,-1
847,31,353,61,31,28,-1,-1,-1
848,31,350,61,33,28,-1,-1,-1
849,31,349,62,33,28,-1,-1,-1
850,31,348,62,33,28,-1,-1,-1
857,33,323,68,35,34,-1,-1,-1
858,33,322,68,35,34,-1,-1,-1
859,33,322,68,35,34,-1,-1,-1
880,34,370,62,25,20,-1,-1,-1
881,34,368,63,26,20,-1,-1,-1
882,34,366,63,26,21,-1,-1,-1
883,34,364,63,27,21,-1,-1,-1
884,34,362,64,27,21,-1,-1,-1
885,34,360,65,27,21,-1,-1,-1
886,34,358,65,26,21,-1,-1,-1
887,34,356,66,26,21,-1,-1,-1
888,34,354,66,26,22,-1,-1,-1
889,34,353,67,26,23,-1,-1,-1
890,34,351,68,27,23,-1,-1,-1
891,34,349,69,27,23,-1,-1,-1
892,34,346,70,28,23,-1,-1,-1
893,34,344,70,29,24,-1,-1,-1
893,35,368,44,23,19,-1,-1,-1
894,34,341,71,30,25,-1,-1,-1
894,35,367,44,23,20,-1,-1,-1
895,34,338,71,31,26,-1,-1,-1
895,35,366,44,24,20,-1,-1,-1
896,34,335,72,32,27,-1,-1,-1
896,35,365,44,25,21,-1,-1,-1
897,34,332,73,33,27,-1,-1,-1
897,35,364,44,26,21,-1,-1,-1
898,34,328,74,34,28,-1,-1,-1
898,35,362,44,27,21,-1,-1,-1
899,34,325,75,35,29,-1,-1,-1
899,35,360,44,27,21,-1,-1,-1
900,34,322,75,35,31,-1,-1,-1
900,35,358,44,28,22,-1,-1,-1
901,34,320,75,34,33,-1,-1,-1
901,35,355,44,28,22,-1,-1,-1
902,34,316,76,35,34,-1,-1,-1
902,35,353,44,29,22,-1,-1,-1
903,34,312,78,36,35,-1,-1,-1
903,35,351,44,29,22,-1,-1,-1
904,34,308,80,37,35,-1,-1,-1
904,35,349,44,30,23,-1,-1,-1
905,34,304,81,39,36,-1,-1,-1
905,35,348,44,29,23,-1,-1,-1
906,34,301,81,41,36,-1,-1,-1
906,35,347,44,29,23,-1,-1,-1
907,34,299,82,42,37,-1,-1,-1
907,35,346,44,28,23,-1,-1,-1
908,35,345,44,28,23,-1,-1,-1
909,35,344,44,27,22,-1,-1,-1
910,35,343,45,27,22,-1,-1,-1
911,35,341,45,27,22,-1,-1,-1
912,35,339,45,27,22,-1,-1,-1
913,35,338,46,27,22,-1,-1,-1
914,35,336,46,27,22,-1,-1,-1
915,35,334,46,28,22,-1,-1,-1
916,35,332,47,28,22,-1,-1,-1
917,35,330,47,28,22,-1,-1,-1
918,35,328,48,28,22,-1,-1,-1
919,35,326,48,28,22,-1,-1,-1
920,35,324,48,29,22,-1,-1,-1
921,35,322,49,29,22,-1,-1,-1
922,35,320,49,29,22,-1,-1,-1
923,35,318,49,29,22,-1,-1,-1
924,35,316,50,29,22,-1,-1,-1
925,35,315,50,30,22,-1,-1,-1
926,35,313,51,30,22,-1,-1,-1
927,35,311,51,30,22,-1,-1,-1
928,35,309,51,30,22,-1,-1,-1
928,36,392,44,36,24,-1,-1,-1
929,35,307,52,30,22,-1,-1,-1
929,36,391,44,36,24,-1,-1,-1
930,35,305,52,31,22,-1,-1,-1
930,36,391,44,36,24,-1,-1,-1
931,35,303,52,31,22,-1,-1,-1
931,36,390,44,36,23,-1,-1,-1
932,35,301,53,31,22,-1,-1,-1
932,36,388,44,37,23,-1,-1,-1
933,35,299,53,31,22,-1,-1,-1
933,36,387,43,37,23,-1,-1,-1
934,35,297,54,31,22,-1,-1,-1
934,36,385,43,37,24,-1,-1,-1
935,35,295,54,32,22,-1,-1,-1
935,36,384,43,37,24,-1,-1,-1
936,35,293,54,32,22,-1,-1,-1
936,36,383,43,37,24,-1,-1,-1
937,35,291,55,32,22,-1,-1,-1
937,36,382,43,36,25,-1,-1,-1
938,35,289,55,32,23,-1,-1,-1
938,36,382,43,36,25,-1,-1,-1
938,37,345,44,25,22,-1,-1,-1
939,35,287,55,33,23,-1,-1,-1
939,36,381,44,35,25,-1,-1,-1
939,37,344,43,26,22,-1,-1,-1
940,35,285,55,33,23,-1,-1,-1
940,36,381,44,34,25,-1,-1,-1
940,37,343,42,26,22,-1,-1,-1
941,35,284,55,34,23,-1,-1,-1
941,36,380,43,34,27,-1,-1,-1
941,37,342,42,26,22,-1,-1,-1
942,35,282,55,34,24,-1,-1,-1
942,36,380,43,34,27,-1,-1,-1
942,37,341,43,26,22,-1,-1,-1
943,35,280,55,34,24,-1,-1,-1
943,36,379,42,35,28,-1,-1,-1
943,37,340,45,26,22,-1,-1,-1
944,35,278,55,33,24,-1,-1,-1
944,37,338,46,26,22,-1,-1,-1
945,35,276,55,33,24,-1,-1,-1
945,37,337,47,25,23,-1,-1,-1
946,35,274,56,33,25,-1,-1,-1
946,37,336,47,26,23,-1,-1,-1
947,35,271,56,33,24,-1,-1,-1
947,37,334,48,26,23,-1,-1,-1
948,35,269,57,34,24,-1,-1,-1
948,37,332,48,26,23,-1,-1,-1
949,35,267,57,34,24,-1,-1,-1
949,37,331,48,26,23,-1,-1,-1
950,35,266,57,33,23,-1,-1,-1
950,37,329,48,25,22,-1,-1,-1
951,35,263,58,33,24,-1,-1,-1
951,37,327,48,25,22,-1,-1,-1
952,35,261,58,33,24,-1,-1,-1
952,37,325,48,24,22,-1,-1,-1
953,35,258,58,33,24,-1,-1,-1
953,37,324,48,24,22,-1,-1,-1
954,35,256,59,33,24,-1,-1,-1
954,37,322,49,25,22,-1,-1,-1
955,35,253,60,33,24,-1,-1,-1
955,37,321,49,25,22,-1,-1,-1
956,35,251,60,34,23,-1,-1,-1
956,37,319,49,26,23,-1,-1,-1
957,35,248,61,34,23,-1,-1,-1
957,37,318,50,26,23,-1,-1,-1
958,35,245,61,34,23,-1,-1,-1
958,37,317,50,26,23,-1,-1,-1
959,35,242,62,33,23,-1,-1,-1
959,37,316,50,26,23,-1,-1,-1
960,35,240,62,33,23,-1,-1,-1
961,35,237,62,32,23,-1,-1,-1
962,35,235,63,32,24,-1,-1,-1
963,35,232,63,32,24,-1,-1,-1
964,35,229,64,31,24,-1,-1,-1
965,35,227,64,31,24,-1,-1,-1
966,35,224,65,30,25,-1,-1,-1
967,35,221,65,30,25,-1,-1,-1
968,35,219,66,29,25,-1,-1,-1
969,35,216,66,29,25,-1,-1,-1
969,43,361,43,31,20,-1,-1,-1
970,35,213,67,29,25,-1,-1,-1
970,43,359,43,32,20,-1,-1,-1
971,35,210,68,30,25,-1,-1,-1
971,43,359,43,32,21,-1,-1,-1
972,35,207,69,31,25,-1,-1,-1
972,43,358,43,32,21,-1,-1,-1
973,35,204,70,30,24,-1,-1,-1
973,43,357,43,32,21,-1,-1,-1
974,35,201,71,30,24,-1,-1,-1
974,43,356,43,32,21,-1,-1,-1
975,35,199,71,29,23,-1,-1,-1
975,43,355,43,32,21,-1,-1,-1
976,35,196,71,30,23,-1,-1,-1
976,43,354,43,32,21,-1,-1,-1
977,35,192,71,30,23,-1,-1,-1
977,43,353,43,32,21,-1,-1,-1
978,35,189,71,31,24,-1,-1,-1
978,43,353,43,31,22,-1,-1,-1
979,35,186,72,31,24,-1,-1,-1
979,43,352,43,31,22,-1,-1,-1
980,35,183,73,31,25,-1,-1,-1
980,43,351,43,31,22,-1,-1,-1
981,35,180,74,32,25,-1,-1,-1
981,43,350,43,31,22,-1,-1,-1
982,35,176,74,32,26,-1,-1,-1
982,43,349,43,31,22,-1,-1,-1
983,35,173,74,32,27,-1,-1,-1
983,43,349,43,30,22,-1,-1,-1
984,35,169,75,32,27,-1,-1,-1
984,43,349,43,30,22,-1,-1,-1
985,35,165,75,32,27,-1,-1,-1
985,43,349,43,28,22,-1,-1,-1
986,35,161,75,33,27,-1,-1,-1
986,43,349,43,27,22,-1,-1,-1
987,35,157,76,34,27,-1,-1,-1
987,43,348,43,27,22,-1,-1,-1
988,35,153,76,34,27,-1,-1,-1
988,43,348,43,26,22,-1,-1,-1
989,35,149,77,35,27,-1,-1,-1
989,43,348,43,26,22,-1,-1,-1
990,35,145,77,35,28,-1,-1,-1
990,43,347,44,25,21,-1,-1,-1
991,35,140,78,35,29,-1,-1,-1
991,43,347,44,26,21,-1,-1,-1
992,35,136,79,35,29,-1,-1,-1
992,43,346,45,26,21,-1,-1,-1
993,35,132,80,35,30,-1,-1,-1
993,43,345,45,26,21,-1,-1,-1
994,35,127,81,35,30,-1,-1,-1
994,43,344,46,26,21,-1,-1,-1
995,35,123,82,35,31,-1,-1,-1
995,43,342,46,26,21,-1,-1,-1
996,35,119,83,35,32,-1,-1,-1
996,43,341,46,26,21,-1,-1,-1
997,35,114,84,35,32,-1,-1,-1
997,43,340,46,26,21,-1,-1,-1
998,35,110,84,35,33,-1,-1,-1
998,43,338,47,26,21,-1,-1,-1
999,35,106,84,35,34,-1,-1,-1
999,43,337,47,26,21,-1,-1,-1
1000,35,103,84,36,34,-1,-1,-1
1000,43,335,47,26,21,-1,-1,-1
1001,35,99,84,36,34,-1,-1,-1
1001,43,334,47,26,21,-1,-1,-1
1002,35,95,85,36,34,-1,-1,-1
1002,43,332,48,26,22,-1,-1,-1
1003,35,90,86,36,34,-1,-1,-1
1003,43,331,48,26,22,-1,-1,-1
1004,35,85,86,37,33,-1,-1,-1
1004,38,209,106,33,25,-1,-1,-1
1004,43,330,48,26,22,-1,-1,-1
1005,35,80,87,37,33,-1,-1,-1
1005,38,202,108,33,25,-1,-1,-1
1005,43,328,48,27,22,-1,-1,-1
1006,35,75,88,37,34,-1,-1,-1
1006,38,197,109,34,27,-1,-1,-1
1006,43,327,49,27,22,-1,-1,-1
1007,35,69,88,39,35,-1,-1,-1
1007,38,189,112,34,28,-1,-1,-1
1007,43,325,49,27,22,-1,-1,-1
1008,35,64,88,42,36,-1,-1,-1
1008,38,181,114,35,31,-1,-1,-1
1008,43,324,49,27,22,-1,-1,-1
1009,35,58,88,44,36,-1,-1,-1
1009,38,171,117,36,32,-1,-1,-1
1009,43,322,49,27,22,-1,-1,-1
1010,35,53,88,45,37,-1,-1,-1
1010,38,166,118,37,32,-1,-1,-1
1010,43,321,50,27,22,-1,-1,-1
1011,35,48,89,45,37,-1,-1,-1
1011,38,163,119,37,32,-1,-1,-1
1011,39,195,356,59,43,-1,-1,-1
1011,43,319,50,27,23,-1,-1,-1
1012,35,43,90,45,37,-1,-1,-1
1012,39,195,356,59,44,-1,-1,-1
1012,43,318,50,27,23,-1,-1,-1
1013,35,39,91,45,37,-1,-1,-1
1013,39,195,356,60,43,-1,-1,-1
1013,43,317,50,27,23,-1,-1,-1
1014,35,33,93,46,37,-1,-1,-1
1014,40,401,147,32,26,-1,-1,-1
1014,43,315,51,27,23,-1,-1,-1
1015,35,28,94,46,37,-1,-1,-1
1015,40,404,144,32,25,-1,-1,-1
1015,43,314,51,27,23,-1,-1,-1
1016,35,22,96,46,37,-1,-1,-1
1016,40,405,143,32,25,-1,-1,-1
1016,43,312,51,27,23,-1,-1,-1
1017,35,17,97,46,37,-1,-1,-1
1017,40,407,141,33,25,-1,-1,-1
1017,43,311,51,28,23,-1,-1,-1
1018,35,12,99,47,36,-1,-1,-1
1018,40,410,138,32,25,-1,-1,-1
1018,43,309,52,28,23,-1,-1,-1
1019,35,9,100,45,36,-1,-1,-1
1019,40,414,135,31,24,-1,-1,-1
1019,43,308,52,28,23,-1,-1,-1
1020,35,6,101,42,36,-1,-1,-1
1020,40,418,132,30,24,-1,-1,-1
1020,41,445,239,37,33,-1,-1,-1
1020,43,306,52,28,24,-1,-1,-1
1021,35,5,102,40,36,-1,-1,-1
1021,40,422,128,30,23,-1,-1,-1
1021,41,446,239,36,33,-1,-1,-1
1021,43,305,52,28,24,-1,-1,-1
1022,35,4,102,39,36,-1,-1,-1
1022,40,425,125,29,22,-1,-1,-1
1022,41,446,238,36,33,-1,-1,-1
1022,43,304,53,28,24,-1,-1,-1
1023,40,427,123,28,22,-1,-1,-1
1023,41,447,238,35,33,-1,-1,-1
1023,43,302,53,28,24,-1,-1,-1
1024,40,428,122,28,22,-1,-1,-1
1024,41,447,238,35,33,-1,-1,-1
1024,43,301,53,28,24,-1,-1,-1
1025,43,299,53,28,24,-1,-1,-1
1026,43,298,54,28,24,-1,-1,-1
1027,43,296,54,28,24,-1,-1,-1
1028,43,295,54,28,24,-1,-1,-1
1029,43,294,55,28,24,-1,-1,-1
1030,43,293,56,27,23,-1,-1,-1
1031,43,291,56,27,23,-1,-1,-1
1032,43,289,57,27,23,-1,-1,-1
1033,43,287,57,27,23,-1,-1,-1
1034,43,285,57,27,23,-1,-1,-1
1035,42,238,64,30,25,-1,-1,-1
1035,43,283,58,28,24,-1,-1,-1
1036,42,236,64,30,24,-1,-1,-1
1036,43,281,58,28,24,-1,-1,-1
1037,42,235,64,30,24,-1,-1,-1
1037,43,278,58,29,24,-1,-1,-1
1038,42,234,64,29,24,-1,-1,-1
1038,43,276,58,29,24,-1,-1,-1
1039,42,233,64,29,24,-1,-1,-1
1039,43,274,59,30,25,-1,-1,-1
1040,42,231,64,28,23,-1,-1,-1
1040,43,272,59,30,25,-1,-1,-1
1041,42,229,65,27,22,-1,-1,-1
1041,43,270,59,31,25,-1,-1,-1
1042,42,228,66,26,21,-1,-1,-1
1042,43,268,60,31,24,-1,-1,-1
1043,42,226,66,26,21,-1,-1,-1
1043,43,266,60,30,23,-1,-1,-1
1044,42,224,67,26,20,-1,-1,-1
1044,43,265,60,30,23,-1,-1,-1
1045,42,222,67,25,19,-1,-1,-1
1045,43,262,60,30,23,-1,-1,-1
1046,42,219,68,24,19,-1,-1,-1
1046,43,260,60,31,24,-1,-1,-1
1047,42,217,68,24,18,-1,-1,-1
1047,43,258,61,31,24,-1,-1,-1
1048,42,214,69,25,18,-1,-1,-1
1048,43,256,62,31,23,-1,-1,-1
1049,42,212,70,25,18,-1,-1,-1
1049,43,253,63,32,22,-1,-1,-1
1050,42,211,70,25,18,-1,-1,-1
1050,43,250,63,32,22,-1,-1,-1
1051,42,210,70,24,18,-1,-1,-1
1051,43,247,63,33,23,-1,-1,-1
1052,43,244,63,33,24,-1,-1,-1
1053,43,241,64,33,25,-1,-1,-1
1054,43,239,64,33,26,-1,-1,-1
1055,43,237,64,33,26,-1,-1,-1
1056,43,234,63,34,27,-1,-1,-1
1057,43,231,63,34,27,-1,-1,-1
1058,43,229,64,34,26,-1,-1,-1
1059,43,226,64,34,26,-1,-1,-1
1060,43,224,65,33,25,-1,-1,-1
1061,43,221,65,33,25,-1,-1,-1
1062,43,219,66,32,24,-1,-1,-1
1063,43,216,66,31,24,-1,-1,-1
1064,43,214,66,30,24,-1,-1,-1
1065,43,212,67,29,24,-1,-1,-1
1066,43,210,68,29,23,-1,-1,-1
1067,43,207,69,29,23,-1,-1,-1
1068,43,204,70,29,23,-1,-1,-1
1069,43,201,70,29,23,-1,-1,-1
1069,47,270,57,30,26,-1,-1,-1
1070,43,198,71,30,23,-1,-1,-1
1070,47,269,57,30,26,-1,-1,-1
1071,43,196,71,30,23,-1,-1,-1
1071,47,267,57,31,26,-1,-1,-1
1072,43,193,72,31,24,-1,-1,-1
1072,47,265,57,32,26,-1,-1,-1
1073,43,189,72,32,24,-1,-1,-1
1073,47,262,57,33,26,-1,-1,-1
1074,43,186,72,32,25,-1,-1,-1
1074,47,259,58,34,26,-1,-1,-1
1075,43,183,73,33,25,-1,-1,-1
1075,47,256,58,35,26,-1,-1,-1
1076,43,180,73,34,25,-1,-1,-1
1076,47,255,59,35,26,-1,-1,-1
1077,43,179,73,34,25,-1,-1,-1
1077,47,253,59,34,25,-1,-1,-1
1078,43,177,74,34,25,-1,-1,-1
1078,47,252,60,33,24,-1,-1,-1
1079,43,175,75,34,24,-1,-1,-1
1079,47,249,61,32,23,-1,-1,-1
1080,43,172,75,34,24,-1,-1,-1
1080,47,246,63,32,23,-1,-1,-1
1081,43,169,75,33,24,-1,-1,-1
1081,47,244,64,32,23,-1,-1,-1
1082,43,167,76,33,24,-1,-1,-1
1082,47,241,65,31,23,-1,-1,-1
1083,43,164,76,32,23,-1,-1,-1
1083,47,239,65,30,22,-1,-1,-1
1084,43,161,77,33,23,-1,-1,-1
1084,47,236,66,30,22,-1,-1,-1
1085,43,158,77,33,23,-1,-1,-1
1085,47,233,66,29,21,-1,-1,-1
1085,48,269,60,24,22,-1,-1,-1
1086,43,155,77,33,23,-1,-1,-1
1086,47,230,67,30,21,-1,-1,-1
1086,48,267,60,24,22,-1,-1,-1
1087,43,153,78,33,23,-1,-1,-1
1087,47,227,67,30,22,-1,-1,-1
1087,48,265,60,24,22,-1,-1,-1
1088,43,149,78,33,23,-1,-1,-1
1088,47,224,68,31,22,-1,-1,-1
1088,48,263,61,25,22,-1,-1,-1
1089,43,144,79,32,24,-1,-1,-1
1089,47,221,68,31,22,-1,-1,-1
1089,48,259,61,26,22,-1,-1,-1
1090,43,138,80,32,25,-1,-1,-1
1090,47,217,68,31,22,-1,-1,-1
1090,48,256,61,27,22,-1,-1,-1
1091,43,132,80,33,25,-1,-1,-1
1091,44,394,16,26,16,-1,-1,-1
1091,47,213,67,31,22,-1,-1,-1
1091,48,253,62,27,22,-1,-1,-1
1092,43,127,82,33,25,-1,-1,-1
1092,44,394,16,26,16,-1,-1,-1
1092,47,209,67,31,23,-1,-1,-1
1092,48,250,62,27,22,-1,-1,-1
1093,43,122,82,34,27,-1,-1,-1
1093,44,394,16,26,16,-1,-1,-1
1093,47,206,67,30,23,-1,-1,-1
1093,48,247,63,28,23,-1,-1,-1
1094,43,118,83,35,27,-1,-1,-1
1094,47,202,68,30,23,-1,-1,-1
1094,48,244,63,28,23,-1,-1,-1
1095,43,114,84,37,28,-1,-1,-1
1095,47,199,69,30,23,-1,-1,-1
1095,48,241,64,28,23,-1,-1,-1
1096,43,109,86,38,27,-1,-1,-1
1096,47,196,70,30,23,-1,-1,-1
1096,48,238,64,29,23,-1,-1,-1
1097,43,105,87,38,27,-1,-1,-1
1097,47,192,70,30,23,-1,-1,-1
1097,48,235,65,29,24,-1,-1,-1
1098,43,101,88,38,27,-1,-1,-1
1098,46,397,38,29,19,-1,-1,-1
1098,47,189,71,30,23,-1,-1,-1
1098,48,232,65,29,24,-1,-1,-1
1099,43,97,89,38,27,-1,-1,-1
1099,48,265,59,29,21,-1,-1,-1
1099,46,396,38,29,18,-1,-1,-1
1099,47,185,71,31,23,-1,-1,-1
1099,48,229,66,30,24,-1,-1,-1
1100,43,93,90,38,27,-1,-1,-1
1100,48,263,59,28,20,-1,-1,-1
1100,46,396,38,28,18,-1,-1,-1
1100,47,182,72,33,24,-1,-1,-1
1100,48,226,67,30,25,-1,-1,-1
1101,43,89,90,39,27,-1,-1,-1
1101,48,262,59,28,20,-1,-1,-1
1101,46,396,38,28,18,-1,-1,-1
1101,47,180,73,33,24,-1,-1,-1
1101,48,223,67,30,25,-1,-1,-1
1102,43,86,90,38,28,-1,-1,-1
1102,48,259,60,29,21,-1,-1,-1
1102,46,395,38,28,18,-1,-1,-1
1102,47,177,74,34,24,-1,-1,-1
1102,48,220,68,31,25,-1,-1,-1
1103,43,84,90,38,29,-1,-1,-1
1103,48,257,60,29,21,-1,-1,-1
1103,46,395,38,27,18,-1,-1,-1
1103,47,176,74,34,24,-1,-1,-1
1103,48,217,68,31,25,-1,-1,-1
1104,43,83,90,38,30,-1,-1,-1
1104,48,256,60,29,22,-1,-1,-1
1104,46,394,38,27,18,-1,-1,-1
1104,47,174,74,33,24,-1,-1,-1
1104,48,214,69,31,26,-1,-1,-1
1105,43,80,90,39,30,-1,-1,-1
1105,48,255,61,29,21,-1,-1,-1
1105,46,394,38,27,18,-1,-1,-1
1105,47,172,75,32,23,-1,-1,-1
1105,48,211,69,32,26,-1,-1,-1
1106,43,77,90,42,31,-1,-1,-1
1106,48,255,62,27,21,-1,-1,-1
1106,46,393,38,26,18,-1,-1,-1
1106,47,170,76,31,23,-1,-1,-1
1106,48,208,70,32,26,-1,-1,-1
1107,43,74,90,44,31,-1,-1,-1
1107,48,253,62,26,20,-1,-1,-1
1107,46,393,38,26,18,-1,-1,-1
1107,47,166,76,31,22,-1,-1,-1
1107,48,205,70,32,26,-1,-1,-1
1108,43,71,90,45,31,-1,-1,-1
1108,48,251,63,26,19,-1,-1,-1
1108,46,392,38,26,18,-1,-1,-1
1108,47,160,77,32,23,-1,-1,-1
1108,48,202,71,33,27,-1,-1,-1
1109,43,69,90,46,32,-1,-1,-1
1109,48,248,64,26,20,-1,-1,-1
1109,46,391,39,26,18,-1,-1,-1
1109,47,153,77,33,23,-1,-1,-1
1109,48,199,71,33,27,-1,-1,-1
1110,43,67,90,46,32,-1,-1,-1
1110,48,245,64,26,20,-1,-1,-1
1110,46,390,39,26,18,-1,-1,-1
1110,47,147,77,32,23,-1,-1,-1
1110,48,196,72,33,27,-1,-1,-1
1111,43,65,90,47,32,-1,-1,-1
1111,48,242,64,26,20,-1,-1,-1
1111,46,390,39,26,18,-1,-1,-1
1111,47,142,78,31,22,-1,-1,-1
1111,48,193,73,34,27,-1,-1,-1
1112,43,63,90,47,33,-1,-1,-1
1112,48,239,64,26,20,-1,-1,-1
1112,47,138,79,31,21,-1,-1,-1
1112,48,190,73,34,28,-1,-1,-1
1113,43,61,91,47,33,-1,-1,-1
1113,48,236,65,26,21,-1,-1,-1
1113,47,133,80,32,21,-1,-1,-1
1113,48,186,74,35,28,-1,-1,-1
1114,43,59,91,47,33,-1,-1,-1
1114,48,232,65,27,21,-1,-1,-1
1114,47,128,81,32,22,-1,-1,-1
1114,48,183,75,35,30,-1,-1,-1
1115,43,57,91,48,34,-1,-1,-1
1115,48,229,65,27,21,-1,-1,-1
1115,47,123,81,33,23,-1,-1,-1
1115,48,179,76,35,30,-1,-1,-1
1116,43,55,91,48,34,-1,-1,-1
1116,48,226,65,27,22,-1,-1,-1
1116,47,119,82,33,23,-1,-1,-1
1116,48,176,76,35,31,-1,-1,-1
1116,49,321,50,25,19,-1,-1,-1
1117,43,53,92,48,34,-1,-1,-1
1117,48,222,66,28,22,-1,-1,-1
1117,47,116,82,33,24,-1,-1,-1
1117,48,172,77,35,30,-1,-1,-1
1117,49,320,50,25,19,-1,-1,-1
1118,43,51,92,48,34,-1,-1,-1
1118,48,219,66,28,23,-1,-1,-1
1118,47,112,83,34,23,-1,-1,-1
1118,48,169,77,35,29,-1,-1,-1
1118,49,320,50,25,18,-1,-1,-1
1119,43,49,92,48,35,-1,-1,-1
1119,48,216,66,28,23,-1,-1,-1
1119,47,108,84,33,23,-1,-1,-1
1119,48,165,78,36,28,-1,-1,-1
1119,49,317,50,24,18,-1,-1,-1
1120,43,47,92,48,35,-1,-1,-1
1120,48,214,66,28,24,-1,-1,-1
1120,47,104,86,33,23,-1,-1,-1
1120,48,161,78,37,27,-1,-1,-1
1120,49,314,51,24,18,-1,-1,-1
1121,43,45,93,49,35,-1,-1,-1
1121,48,211,67,28,24,-1,-1,-1
1121,47,100,87,33,23,-1,-1,-1
1121,48,158,79,37,26,-1,-1,-1
1121,49,310,52,23,18,-1,-1,-1
1122,43,43,93,49,36,-1,-1,-1
1122,48,209,67,28,24,-1,-1,-1
1122,47,96,87,33,23,-1,-1,-1
1122,48,154,80,38,26,-1,-1,-1
1122,49,308,52,23,18,-1,-1,-1
1123,43,41,93,49,36,-1,-1,-1
1123,48,207,68,28,23,-1,-1,-1
1123,47,91,88,33,24,-1,-1,-1
1123,48,151,80,38,26,-1,-1,-1
1123,49,306,52,24,18,-1,-1,-1
1124,43,39,93,49,36,-1,-1,-1
1124,48,204,69,27,23,-1,-1,-1
1124,47,87,88,34,25,-1,-1,-1
1124,48,147,81,38,26,-1,-1,-1
1124,49,305,51,24,18,-1,-1,-1
1125,43,37,93,49,37,-1,-1,-1
1125,48,201,70,28,23,-1,-1,-1
1125,47,83,88,35,26,-1,-1,-1
1125,48,144,81,38,26,-1,-1,-1
1125,49,303,51,23,18,-1,-1,-1
1126,43,35,94,49,37,-1,-1,-1
1126,48,198,71,28,23,-1,-1,-1
1126,47,78,89,36,27,-1,-1,-1
1126,48,140,82,38,26,-1,-1,-1
1126,49,300,52,23,18,-1,-1,-1
1126,50,247,90,38,36,-1,-1,-1
1127,43,33,94,50,37,-1,-1,-1
1127,48,196,71,28,23,-1,-1,-1
1127,47,76,89,37,27,-1,-1,-1
1127,48,137,82,38,26,-1,-1,-1
1127,49,298,52,22,18,-1,-1,-1
1127,50,244,91,37,35,-1,-1,-1
1127,54,317,54,21,18,-1,-1,-1
1128,43,31,94,50,37,-1,-1,-1
1128,48,193,72,28,22,-1,-1,-1
1128,47,75,89,36,27,-1,-1,-1
1128,48,133,83,37,26,-1,-1,-1
1128,49,295,53,21,18,-1,-1,-1
1128,50,241,91,37,34,-1,-1,-1
1128,54,316,54,20,18,-1,-1,-1
1129,43,29,94,50,38,-1,-1,-1
1129,48,190,73,28,22,-1,-1,-1
1129,48,129,84,37,26,-1,-1,-1
1129,49,293,53,21,18,-1,-1,-1
1129,50,239,92,36,34,-1,-1,-1
1129,54,316,54,20,18,-1,-1,-1
1130,43,27,95,50,38,-1,-1,-1
1130,48,187,74,28,22,-1,-1,-1
1130,48,126,84,37,26,-1,-1,-1
1130,49,291,53,21,18,-1,-1,-1
1130,50,237,92,36,34,-1,-1,-1
1130,54,314,55,21,18,-1,-1,-1
1131,43,25,95,50,38,-1,-1,-1
1131,48,184,74,28,22,-1,-1,-1
1131,48,122,85,37,26,-1,-1,-1
1131,49,289,54,21,18,-1,-1,-1
1131,54,313,55,21,18,-1,-1,-1
1132,43,23,95,50,39,-1,-1,-1
1132,48,182,75,27,22,-1,-1,-1
1132,48,119,85,37,26,-1,-1,-1
1132,49,287,54,22,18,-1,-1,-1
1132,54,311,55,22,18,-1,-1,-1
1133,43,21,95,51,39,-1,-1,-1
1133,48,180,75,27,21,-1,-1,-1
1133,48,115,86,37,25,-1,-1,-1
1133,49,285,55,22,18,-1,-1,-1
1133,54,309,55,22,18,-1,-1,-1
1134,43,19,96,51,39,-1,-1,-1
1134,48,177,76,27,21,-1,-1,-1
1134,48,112,86,36,25,-1,-1,-1
1134,49,283,55,23,19,-1,-1,-1
1134,54,306,56,23,19,-1,-1,-1
1135,43,17,96,51,40,-1,-1,-1
1135,48,174,76,27,22,-1,-1,-1
1135,48,108,87,36,25,-1,-1,-1
1135,49,281,56,23,19,-1,-1,-1
1135,54,304,56,23,19,-1,-1,-1
1136,43,15,96,51,40,-1,-1,-1
1136,48,171,76,27,22,-1,-1,-1
1136,48,104,87,35,25,-1,-1,-1
1136,49,278,56,24,20,-1,-1,-1
1136,54,302,56,24,19,-1,-1,-1
1137,43,14,96,50,40,-1,-1,-1
1137,48,167,77,27,23,-1,-1,-1
1137,48,100,88,35,25,-1,-1,-1
1137,49,276,57,24,20,-1,-1,-1
1137,51,380,60,24,19,-1,-1,-1
1137,54,300,56,24,20,-1,-1,-1
1138,43,12,97,49,40,-1,-1,-1
1138,48,165,78,28,23,-1,-1,-1
1138,48,96,88,35,25,-1,-1,-1
1138,49,274,57,25,21,-1,-1,-1
1138,51,379,61,24,19,-1,-1,-1
1138,54,298,56,24,20,-1,-1,-1
1139,43,10,98,48,40,-1,-1,-1
1139,48,162,78,28,24,-1,-1,-1
1139,48,92,89,34,26,-1,-1,-1
1139,49,272,58,25,21,-1,-1,-1
1139,51,378,61,25,19,-1,-1,-1
1139,54,297,56,23,21,-1,-1,-1
1140,43,8,99,48,39,-1,-1,-1
1140,48,159,79,28,24,-1,-1,-1
1140,48,89,89,34,27,-1,-1,-1
1140,49,270,58,26,21,-1,-1,-1
1140,51,376,61,26,19,-1,-1,-1
1140,54,295,56,23,21,-1,-1,-1
1141,43,5,100,45,38,-1,-1,-1
1141,48,155,79,29,25,-1,-1,-1
1141,48,85,90,33,27,-1,-1,-1
1141,49,267,59,26,22,-1,-1,-1
1141,51,374,61,27,19,-1,-1,-1
1141,54,293,57,23,21,-1,-1,-1
1142,43,3,101,42,37,-1,-1,-1
1142,48,152,79,29,25,-1,-1,-1
1142,48,81,90,33,27,-1,-1,-1
1142,49,265,59,27,22,-1,-1,-1
1142,51,372,62,27,19,-1,-1,-1
1142,54,290,57,23,22,-1,-1,-1
1143,43,3,101,40,36,-1,-1,-1
1143,48,149,79,29,25,-1,-1,-1
1143,48,77,90,33,28,-1,-1,-1
1143,49,263,60,27,23,-1,-1,-1
1143,51,370,62,27,19,-1,-1,-1
1143,54,287,57,23,22,-1,-1,-1
1144,43,2,101,39,36,-1,-1,-1
1144,48,145,80,30,25,-1,-1,-1
1144,48,73,91,33,28,-1,-1,-1
1144,49,261,60,28,23,-1,-1,-1
1144,51,368,62,27,20,-1,-1,-1
1144,54,283,58,23,22,-1,-1,-1
1145,48,141,80,30,25,-1,-1,-1
1145,48,72,91,33,28,-1,-1,-1
1145,49,260,60,28,23,-1,-1,-1
1145,51,366,63,27,20,-1,-1,-1
1145,54,280,58,23,22,-1,-1,-1
1146,48,137,81,29,25,-1,-1,-1
1146,48,71,91,33,28,-1,-1,-1
1146,49,258,60,28,24,-1,-1,-1
1146,51,363,63,28,20,-1,-1,-1
1146,54,277,59,23,22,-1,-1,-1
1147,48,134,81,29,25,-1,-1,-1
1147,49,255,60,29,24,-1,-1,-1
1147,51,361,64,29,21,-1,-1,-1
1147,52,400,46,23,23,-1,-1,-1
1147,54,274,59,24,22,-1,-1,-1
1148,48,130,82,28,25,-1,-1,-1
1148,49,252,61,31,25,-1,-1,-1
1148,51,359,64,31,21,-1,-1,-1
1148,52,399,46,23,23,-1,-1,-1
1148,54,270,60,24,23,-1,-1,-1
1149,48,127,83,28,24,-1,-1,-1
1149,49,250,61,32,25,-1,-1,-1
1149,51,357,64,31,22,-1,-1,-1
1149,52,398,46,24,23,-1,-1,-1
1149,54,267,60,24,23,-1,-1,-1
1150,48,123,84,29,24,-1,-1,-1
1150,49,248,61,32,25,-1,-1,-1
1150,51,356,65,31,22,-1,-1,-1
1150,52,397,46,24,23,-1,-1,-1
1150,54,264,60,24,23,-1,-1,-1
1151,48,119,85,29,24,-1,-1,-1
1151,49,246,61,33,25,-1,-1,-1
1151,51,356,65,31,22,-1,-1,-1
1151,52,396,47,24,23,-1,-1,-1
1151,54,260,61,24,23,-1,-1,-1
1152,48,116,86,29,24,-1,-1,-1
1152,49,244,62,33,25,-1,-1,-1
1152,52,395,47,23,23,-1,-1,-1
1152,54,257,61,25,23,-1,-1,-1
1153,48,112,86,30,24,-1,-1,-1
1153,49,242,62,33,25,-1,-1,-1
1153,52,394,48,23,22,-1,-1,-1
1153,54,254,62,25,23,-1,-1,-1
1154,48,108,87,31,25,-1,-1,-1
1154,49,241,62,32,25,-1,-1,-1
1154,52,393,48,22,22,-1,-1,-1
1154,54,250,62,25,24,-1,-1,-1
1155,48,105,88,32,26,-1,-1,-1
1155,49,239,63,32,25,-1,-1,-1
1155,52,392,49,22,22,-1,-1,-1
1155,54,247,63,25,24,-1,-1,-1
1156,48,101,88,33,27,-1,-1,-1
1156,49,238,63,32,25,-1,-1,-1
1156,52,391,49,21,23,-1,-1,-1
1156,54,244,63,25,24,-1,-1,-1
1157,48,97,88,34,27,-1,-1,-1
1157,49,236,63,32,25,-1,-1,-1
1157,52,389,50,22,23,-1,-1,-1
1157,54,240,64,26,24,-1,-1,-1
1158,48,93,89,35,27,-1,-1,-1
1158,49,234,64,32,25,-1,-1,-1
1158,52,388,50,22,24,-1,-1,-1
1158,54,237,64,26,24,-1,-1,-1
1159,48,90,89,35,29,-1,-1,-1
1159,49,233,64,31,25,-1,-1,-1
1159,52,387,51,23,24,-1,-1,-1
1159,54,234,64,26,24,-1,-1,-1
1160,48,86,88,36,30,-1,-1,-1
1160,49,231,64,31,25,-1,-1,-1
1160,52,386,51,23,24,-1,-1,-1
1160,54,231,65,26,24,-1,-1,-1
1161,48,83,88,36,32,-1,-1,-1
1161,49,230,65,31,25,-1,-1,-1
1161,52,386,51,23,24,-1,-1,-1
1161,54,227,65,26,25,-1,-1,-1
1162,48,79,88,37,34,-1,-1,-1
1162,49,228,65,31,24,-1,-1,-1
1162,54,224,66,26,25,-1,-1,-1
1163,48,75,88,38,35,-1,-1,-1
1163,49,227,66,31,24,-1,-1,-1
1163,54,221,66,27,25,-1,-1,-1
1164,48,70,88,40,37,-1,-1,-1
1164,49,225,66,30,24,-1,-1,-1
1164,54,217,67,27,25,-1,-1,-1
1165,48,68,88,41,38,-1,-1,-1
1165,49,223,66,30,24,-1,-1,-1
1165,54,214,67,27,25,-1,-1,-1
1166,48,66,88,42,38,-1,-1,-1
1166,49,222,67,30,24,-1,-1,-1
1166,54,211,67,27,25,-1,-1,-1
1167,49,220,67,30,24,-1,-1,-1
1167,54,207,68,27,26,-1,-1,-1
1168,49,219,67,30,24,-1,-1,-1
1168,54,204,68,28,26,-1,-1,-1
1169,49,217,68,29,24,-1,-1,-1
1169,53,317,51,22,18,-1,-1,-1
1169,54,201,69,28,26,-1,-1,-1
1170,49,216,68,29,24,-1,-1,-1
1170,53,316,51,22,18,-1,-1,-1
1170,54,197,69,28,26,-1,-1,-1
1171,49,214,68,29,24,-1,-1,-1
1171,53,316,51,22,18,-1,-1,-1
1171,54,194,70,28,26,-1,-1,-1
1172,49,213,69,29,24,-1,-1,-1
1172,54,191,70,28,26,-1,-1,-1
1173,49,211,69,29,24,-1,-1,-1
1173,54,188,71,29,26,-1,-1,-1
1174,49,209,69,28,24,-1,-1,-1
1174,54,185,71,30,26,-1,-1,-1
1175,49,208,70,28,23,-1,-1,-1
1175,54,182,72,31,25,-1,-1,-1
1176,49,206,70,28,23,-1,-1,-1
1176,54,179,73,31,24,-1,-1,-1
1177,49,205,71,28,23,-1,-1,-1
1177,54,177,73,30,24,-1,-1,-1
1178,49,203,71,28,23,-1,-1,-1
1178,54,173,73,30,24,-1,-1,-1
1179,49,202,71,27,23,-1,-1,-1
1179,54,170,74,30,24,-1,-1,-1
1179,55,351,62,25,22,-1,-1,-1
1180,49,200,72,27,23,-1,-1,-1
1180,54,168,74,31,24,-1,-1,-1
1180,55,349,62,25,22,-1,-1,-1
1181,49,198,72,27,23,-1,-1,-1
1181,54,165,75,30,24,-1,-1,-1
1181,55,348,62,26,23,-1,-1,-1
1182,49,197,72,27,23,-1,-1,-1
1182,54,163,75,28,24,-1,-1,-1
1182,55,346,62,26,23,-1,-1,-1
1183,49,195,73,27,23,-1,-1,-1
1183,54,160,76,28,23,-1,-1,-1
1183,55,344,62,27,23,-1,-1,-1
1184,49,194,73,26,23,-1,-1,-1
1184,54,157,76,28,23,-1,-1,-1
1184,55,342,63,26,23,-1,-1,-1
1185,49,192,73,26,23,-1,-1,-1
1185,54,154,76,28,24,-1,-1,-1
1185,55,340,64,26,23,-1,-1,-1
1186,49,191,74,26,23,-1,-1,-1
1186,54,152,76,28,24,-1,-1,-1
1186,55,337,65,26,22,-1,-1,-1
1187,49,189,74,26,23,-1,-1,-1
1187,54,149,76,28,24,-1,-1,-1
1187,55,336,66,26,22,-1,-1,-1
1188,49,186,75,27,24,-1,-1,-1
1188,54,146,77,29,25,-1,-1,-1
1188,55,335,66,26,22,-1,-1,-1
1189,49,183,76,28,25,-1,-1,-1
1189,54,143,77,29,25,-1,-1,-1
1190,49,181,77,28,25,-1,-1,-1
1190,54,140,78,29,25,-1,-1,-1
1191,49,178,78,28,26,-1,-1,-1
1191,54,136,78,29,26,-1,-1,-1
1192,49,175,79,29,26,-1,-1,-1
1192,54,133,79,30,26,-1,-1,-1
1193,49,172,79,30,27,-1,-1,-1
1193,54,130,79,30,26,-1,-1,-1
1194,49,168,79,31,28,-1,-1,-1
1194,54,126,80,30,27,-1,-1,-1
1195,49,166,78,32,28,-1,-1,-1
1195,54,123,80,30,27,-1,-1,-1
1196,49,164,78,32,28,-1,-1,-1
1196,54,119,81,31,27,-1,-1,-1
1197,49,163,78,32,28,-1,-1,-1
1197,54,116,81,31,28,-1,-1,-1
1198,54,113,82,31,28,-1,-1,-1
1199,54,109,82,31,29,-1,-1,-1
1200,54,106,83,32,29,-1,-1,-1
1201,54,102,83,32,29,-1,-1,-1
1202,54,99,84,32,30,-1,-1,-1
1203,54,96,85,33,30,-1,-1,-1
1204,54,92,85,33,30,-1,-1,-1
1205,54,89,86,33,31,-1,-1,-1
1206,54,85,86,33,31,-1,-1,-1
1207,54,82,87,34,31,-1,-1,-1
1208,54,79,87,34,32,-1,-1,-1
1209,54,75,88,34,32,-1,-1,-1
1210,54,72,88,34,33,-1,-1,-1
1211,54,69,89,35,33,-1,-1,-1
1211,58,378,42,24,26,-1,-1,-1
1212,54,65,89,35,33,-1,-1,-1
1212,58,376,41,24,26,-1,-1,-1
1213,54,62,90,35,34,-1,-1,-1
1213,58,375,41,24,25,-1,-1,-1
1214,54,58,90,35,34,-1,-1,-1
1214,58,374,41,24,25,-1,-1,-1
1215,54,55,91,36,34,-1,-1,-1
1215,58,372,41,24,24,-1,-1,-1
1216,54,52,92,36,35,-1,-1,-1
1216,58,371,42,24,23,-1,-1,-1
1217,54,48,92,36,35,-1,-1,-1
1217,58,370,42,24,23,-1,-1,-1
1218,54,45,93,37,35,-1,-1,-1
1218,57,47,88,64,41,-1,-1,-1
1218,58,369,42,25,23,-1,-1,-1
1219,54,41,93,37,36,-1,-1,-1
1219,57,44,87,64,43,-1,-1,-1
1219,58,367,42,26,24,-1,-1,-1
1220,54,38,94,37,36,-1,-1,-1
1220,57,42,87,62,43,-1,-1,-1
1220,58,366,42,26,24,-1,-1,-1
1221,54,35,94,37,37,-1,-1,-1
1221,57,41,86,63,44,-1,-1,-1
1221,58,364,42,26,24,-1,-1,-1
1222,54,31,95,38,37,-1,-1,-1
1222,58,362,42,27,24,-1,-1,-1
1223,54,28,95,38,37,-1,-1,-1
1223,58,360,42,27,24,-1,-1,-1
1224,54,24,96,38,38,-1,-1,-1
1224,58,358,42,27,23,-1,-1,-1
1225,54,21,96,38,38,-1,-1,-1
1225,58,356,42,28,23,-1,-1,-1
1226,54,18,97,39,38,-1,-1,-1
1226,56,198,67,27,23,-1,-1,-1
1226,58,354,42,28,23,-1,-1,-1
1227,54,14,97,39,39,-1,-1,-1
1227,56,197,67,27,23,-1,-1,-1
1227,58,352,42,29,23,-1,-1,-1
1228,54,11,98,41,39,-1,-1,-1
1228,56,196,67,26,22,-1,-1,-1
1228,58,350,42,30,23,-1,-1,-1
1229,54,8,98,42,40,-1,-1,-1
1229,56,195,67,26,21,-1,-1,-1
1229,58,349,42,30,23,-1,-1,-1
1230,54,6,99,43,40,-1,-1,-1
1230,56,194,68,25,21,-1,-1,-1
1230,58,348,42,30,22,-1,-1,-1
1231,54,5,99,43,40,-1,-1,-1
1231,56,193,68,24,21,-1,-1,-1
1231,58,347,42,30,23,-1,-1,-1
1232,54,5,99,41,39,-1,-1,-1
1232,56,191,67,24,22,-1,-1,-1
1232,58,346,43,31,23,-1,-1,-1
1233,56,188,68,25,22,-1,-1,-1
1233,58,345,44,31,23,-1,-1,-1
1234,56,184,69,26,23,-1,-1,-1
1234,58,344,44,31,24,-1,-1,-1
1235,56,182,70,27,23,-1,-1,-1
1235,58,343,44,32,25,-1,-1,-1
1236,56,181,70,28,23,-1,-1,-1
1236,58,341,45,32,25,-1,-1,-1
1237,58,340,45,32,26,-1,-1,-1
1238,58,339,45,31,26,-1,-1,-1
1239,58,337,45,31,26,-1,-1,-1
1240,58,335,46,31,25,-1,-1,-1
1241,58,333,46,31,25,-1,-1,-1
1242,58,331,46,32,25,-1,-1,-1
1243,58,329,46,32,25,-1,-1,-1
1244,58,328,46,31,25,-1,-1,-1
1245,58,326,46,30,24,-1,-1,-1
1246,58,325,47,30,24,-1,-1,-1
1247,58,323,47,29,24,-1,-1,-1
1248,58,321,47,29,24,-1,-1,-1
1249,58,320,48,29,24,-1,-1,-1
1250,58,318,48,29,23,-1,-1,-1
1251,58,317,49,28,23,-1,-1,-1
1252,58,315,49,28,23,-1,-1,-1
1253,58,313,50,28,23,-1,-1,-1
1254,58,311,50,28,23,-1,-1,-1
1255,58,309,51,29,23,-1,-1,-1
1256,58,307,51,29,23,-1,-1,-1
1257,58,305,51,29,24,-1,-1,-1
1258,58,303,52,30,24,-1,-1,-1
1259,58,301,52,30,24,-1,-1,-1
1260,58,299,52,30,24,-1,-1,-1
1261,58,297,53,31,24,-1,-1,-1
1262,58,295,53,31,25,-1,-1,-1
1263,58,293,53,31,25,-1,-1,-1
1264,58,291,54,32,25,-1,-1,-1
1265,58,289,54,32,25,-1,-1,-1
1266,58,287,55,32,25,-1,-1,-1
1267,58,285,55,32,25,-1,-1,-1
1268,58,284,56,32,25,-1,-1,-1
1269,58,282,56,32,25,-1,-1,-1
1270,58,280,56,32,26,-1,-1,-1
1271,58,279,56,31,26,-1,-1,-1
1272,58,276,56,32,27,-1,-1,-1
1273,58,274,56,32,28,-1,-1,-1
1274,58,271,56,33,27,-1,-1,-1
1275,58,270,57,34,27,-1,-1,-1
1276,58,268,58,34,27,-1,-1,-1
1277,58,267,58,33,26,-1,-1,-1
1278,58,265,59,32,26,-1,-1,-1
1279,58,264,59,31,26,-1,-1,-1
1280,58,263,59,30,26,-1,-1,-1
1281,58,263,59,29,26,-1,-1,-1
1282,58,263,59,29,26,-1,-1,-1
1283,58,263,59,29,26,-1,-1,-1
1284,58,263,59,29,26,-1,-1,-1
1285,58,263,59,29,26,-1,-1,-1
1286,58,263,59,29,26,-1,-1,-1
1287,58,263,59,29,26,-1,-1,-1
1288,58,263,59,29,26,-1,-1,-1
1289,58,263,59,29,26,-1,-1,-1
1290,58,263,59,29,26,-1,-1,-1
1291,58,263,59,29,26,-1,-1,-1
1292,58,263,59,29,26,-1,-1,-1
1293,58,263,59,29,26,-1,-1,-1
1294,58,263,59,29,26,-1,-1,-1
1295,58,263,59,29,26,-1,-1,-1
1296,58,263,59,29,26,-1,-1,-1
1297,58,263,59,29,26,-1,-1,-1
1298,58,263,59,29,26,-1,-1,-1
1299,58,263,59,29,26,-1,-1,-1
1307,59,194,72,30,24,-1,-1,-1
1308,59,192,72,31,24,-1,-1,-1
1309,59,190,73,31,24,-1,-1,-1
1310,59,187,73,31,24,-1,-1,-1
1311,59,184,74,32,24,-1,-1,-1
1312,59,181,74,32,25,-1,-1,-1
1313,59,179,74,33,25,-1,-1,-1
1314,59,176,75,32,25,-1,-1,-1
1315,59,173,75,32,25,-1,-1,-1
1316,59,169,75,33,25,-1,-1,-1
1317,59,166,76,33,26,-1,-1,-1
1318,59,164,76,33,26,-1,-1,-1
1319,59,161,76,33,26,-1,-1,-1
1320,59,158,77,34,26,-1,-1,-1
1321,59,154,77,34,26,-1,-1,-1
1322,59,150,78,35,27,-1,-1,-1
1323,59,147,78,35,27,-1,-1,-1
1324,59,143,78,36,28,-1,-1,-1
1325,59,140,79,36,28,-1,-1,-1
1326,59,137,79,35,29,-1,-1,-1
1327,59,134,79,35,31,-1,-1,-1
1327,61,394,48,29,25,-1,-1,-1
1328,59,131,79,35,32,-1,-1,-1
1328,61,393,48,29,25,-1,-1,-1
1329,59,128,81,35,32,-1,-1,-1
1329,61,393,48,29,25,-1,-1,-1
1330,59,125,82,35,32,-1,-1,-1
1330,61,393,49,29,25,-1,-1,-1
1331,59,122,83,35,31,-1,-1,-1
1331,61,392,49,29,25,-1,-1,-1
1332,59,119,83,36,31,-1,-1,-1
1332,61,392,49,29,25,-1,-1,-1
1333,59,116,84,36,30,-1,-1,-1
1333,61,390,50,28,25,-1,-1,-1
1334,59,112,85,37,29,-1,-1,-1
1334,61,389,50,28,25,-1,-1,-1
1335,59,109,86,37,29,-1,-1,-1
1335,61,388,50,28,25,-1,-1,-1
1336,59,105,86,37,29,-1,-1,-1
1336,61,386,50,28,25,-1,-1,-1
1337,59,102,86,37,30,-1,-1,-1
1337,61,385,50,28,25,-1,-1,-1
1338,59,99,86,37,30,-1,-1,-1
1338,61,383,51,28,26,-1,-1,-1
1339,59,95,86,39,32,-1,-1,-1
1339,61,381,52,28,26,-1,-1,-1
1340,59,92,86,39,32,-1,-1,-1
1340,61,379,53,29,27,-1,-1,-1
1341,59,89,87,40,33,-1,-1,-1
1341,61,377,53,31,29,-1,-1,-1
1342,59,87,86,39,34,-1,-1,-1
1342,61,376,52,32,30,-1,-1,-1
1343,59,84,87,39,34,-1,-1,-1
1343,61,374,52,32,32,-1,-1,-1
1344,59,80,87,41,34,-1,-1,-1
1344,61,373,53,32,31,-1,-1,-1
1345,59,75,88,44,34,-1,-1,-1
1345,60,266,60,32,26,-1,-1,-1
1345,61,371,54,32,30,-1,-1,-1
1346,59,70,88,46,35,-1,-1,-1
1346,60,266,60,31,25,-1,-1,-1
1346,61,370,55,32,29,-1,-1,-1
1347,59,66,88,47,36,-1,-1,-1
1347,60,265,60,31,25,-1,-1,-1
1347,61,369,55,31,29,-1,-1,-1
1348,59,63,87,49,37,-1,-1,-1
1348,61,367,56,31,29,-1,-1,-1
1349,59,60,87,50,38,-1,-1,-1
1349,61,365,57,32,29,-1,-1,-1
1350,59,57,87,50,39,-1,-1,-1
1350,61,364,57,32,29,-1,-1,-1
1351,59,54,87,50,40,-1,-1,-1
1351,61,362,58,33,29,-1,-1,-1
1352,59,51,87,51,41,-1,-1,-1
1352,61,360,58,34,28,-1,-1,-1
1353,59,48,87,52,41,-1,-1,-1
1353,61,357,59,35,28,-1,-1,-1
1354,59,46,87,51,41,-1,-1,-1
1354,61,355,59,35,28,-1,-1,-1
1355,59,44,87,51,41,-1,-1,-1
1355,61,353,59,35,28,-1,-1,-1
1356,59,41,87,50,41,-1,-1,-1
1356,61,352,59,35,29,-1,-1,-1
1357,59,38,87,50,42,-1,-1,-1
1357,61,352,59,34,28,-1,-1,-1
1358,59,35,88,51,42,-1,-1,-1
1359,59,32,88,51,42,-1,-1,-1
1360,59,29,89,50,41,-1,-1,-1
1360,62,411,44,26,21,-1,-1,-1
1361,59,26,91,50,41,-1,-1,-1
1361,62,410,44,27,21,-1,-1,-1
1362,59,23,92,49,40,-1,-1,-1
1362,62,410,44,27,21,-1,-1,-1
1363,59,20,93,48,39,-1,-1,-1
1363,62,409,44,27,21,-1,-1,-1
1364,59,17,94,48,39,-1,-1,-1
1364,62,409,45,28,22,-1,-1,-1
1365,59,14,96,47,38,-1,-1,-1
1365,62,408,45,28,22,-1,-1,-1
1366,59,11,97,47,37,-1,-1,-1
1366,62,407,45,29,22,-1,-1,-1
1367,59,9,98,46,37,-1,-1,-1
1367,62,406,45,29,22,-1,-1,-1
1368,59,7,98,46,37,-1,-1,-1
1368,62,404,46,29,22,-1,-1,-1
1369,59,7,98,46,37,-1,-1,-1
1369,62,403,46,29,21,-1,-1,-1
1370,62,402,47,29,21,-1,-1,-1
1371,62,401,47,29,21,-1,-1,-1
1372,62,400,48,29,21,-1,-1,-1
1373,62,399,48,29,21,-1,-1,-1
1374,62,397,48,30,21,-1,-1,-1
1375,62,396,48,30,22,-1,-1,-1
1376,62,395,48,30,22,-1,-1,-1
1377,62,394,48,30,22,-1,-1,-1
1378,62,394,48,30,22,-1,-1,-1
1379,62,394,48,30,22,-1,-1,-1
1380,62,394,48,30,22,-1,-1,-1
1381,62,394,48,30,22,-1,-1,-1
1382,62,394,48,30,22,-1,-1,-1
1383,62,394,48,30,22,-1,-1,-1
1426,63,242,102,35,27,-1,-1,-1
1427,63,236,104,36,27,-1,-1,-1
1428,63,231,106,37,27,-1,-1,-1
1428,64,393,46,29,23,-1,-1,-1
1429,63,225,107,37,28,-1,-1,-1
1429,64,393,47,29,22,-1,-1,-1
1430,63,218,109,37,29,-1,-1,-1
1430,64,392,47,28,22,-1,-1,-1
1431,63,211,111,37,30,-1,-1,-1
1431,64,392,48,28,22,-1,-1,-1
1432,63,203,115,37,30,-1,-1,-1
1432,64,391,49,28,22,-1,-1,-1
1433,63,194,118,37,30,-1,-1,-1
1433,64,391,49,28,21,-1,-1,-1
1434,63,185,122,37,31,-1,-1,-1
1434,64,391,49,28,21,-1,-1,-1
1435,63,176,124,37,32,-1,-1,-1
1435,64,390,50,27,21,-1,-1,-1
1436,63,165,127,39,32,-1,-1,-1
1436,64,390,50,27,21,-1,-1,-1
1437,63,152,130,42,32,-1,-1,-1
1437,64,390,50,26,21,-1,-1,-1
1438,63,137,134,45,32,-1,-1,-1
1438,64,389,51,25,21,-1,-1,-1
1439,63,130,135,47,32,-1,-1,-1
1439,64,387,51,25,21,-1,-1,-1
1440,63,125,136,47,33,-1,-1,-1
1440,64,386,51,25,21,-1,-1,-1
1440,65,346,189,52,40,-1,-1,-1
1441,64,385,50,25,22,-1,-1,-1
1441,65,352,184,50,39,-1,-1,-1
1442,64,384,50,25,22,-1,-1,-1
1442,65,356,180,50,37,-1,-1,-1
1443,64,382,50,25,22,-1,-1,-1
1443,65,362,174,48,36,-1,-1,-1
1444,64,380,50,25,22,-1,-1,-1
1444,65,368,168,47,36,-1,-1,-1
1444,70,342,47,25,20,-1,-1,-1
1445,64,378,50,25,21,-1,-1,-1
1445,65,374,162,46,35,-1,-1,-1
1445,70,340,48,24,20,-1,-1,-1
1446,64,376,49,24,21,-1,-1,-1
1446,65,380,157,44,34,-1,-1,-1
1446,70,339,49,24,19,-1,-1,-1
1447,64,374,48,24,21,-1,-1,-1
1447,65,386,151,42,33,-1,-1,-1
1447,70,337,49,24,20,-1,-1,-1
1448,64,372,48,23,21,-1,-1,-1
1448,65,392,145,40,32,-1,-1,-1
1448,70,335,49,24,20,-1,-1,-1
1449,64,370,48,23,21,-1,-1,-1
1449,65,397,140,39,32,-1,-1,-1
1449,70,332,49,24,20,-1,-1,-1
1450,64,368,48,23,21,-1,-1,-1
1450,65,402,135,38,32,-1,-1,-1
1450,70,329,49,24,20,-1,-1,-1
1451,64,367,49,22,20,-1,-1,-1
1451,65,406,131,38,31,-1,-1,-1
1451,70,327,50,24,21,-1,-1,-1
1452,64,365,49,21,20,-1,-1,-1
1452,65,410,128,37,29,-1,-1,-1
1452,70,324,50,24,21,-1,-1,-1
1453,64,366,51,21,20,-1,-1,-1
1453,65,414,125,36,28,-1,-1,-1
1453,70,321,50,24,21,-1,-1,-1
1454,64,368,54,21,20,-1,-1,-1
1454,65,417,122,35,27,-1,-1,-1
1454,70,319,51,24,21,-1,-1,-1
1455,64,371,57,22,21,-1,-1,-1
1455,65,419,121,34,27,-1,-1,-1
1455,70,316,51,24,21,-1,-1,-1
1455,72,354,48,22,20,-1,-1,-1
1456,64,371,58,21,21,-1,-1,-1
1456,65,420,120,33,26,-1,-1,-1
1456,70,313,52,24,21,-1,-1,-1
1456,72,352,48,22,20,-1,-1,-1
1457,64,371,59,22,21,-1,-1,-1
1457,70,310,52,24,21,-1,-1,-1
1457,72,351,48,22,20,-1,-1,-1
1458,64,369,60,22,21,-1,-1,-1
1458,70,307,53,24,21,-1,-1,-1
1458,72,349,48,22,20,-1,-1,-1
1459,64,367,61,23,21,-1,-1,-1
1459,66,334,76,26,27,-1,-1,-1
1459,70,305,53,24,21,-1,-1,-1
1459,72,347,49,22,20,-1,-1,-1
1460,64,366,61,23,21,-1,-1,-1
1460,66,331,76,26,27,-1,-1,-1
1460,70,302,53,24,21,-1,-1,-1
1460,72,345,49,22,20,-1,-1,-1
1461,64,364,62,23,22,-1,-1,-1
1461,66,329,77,25,27,-1,-1,-1
1461,70,299,54,24,21,-1,-1,-1
1461,72,343,49,22,20,-1,-1,-1
1462,64,362,62,23,22,-1,-1,-1
1462,66,325,78,26,27,-1,-1,-1
1462,70,296,54,25,20,-1,-1,-1
1462,72,341,49,22,20,-1,-1,-1
1463,64,360,63,23,22,-1,-1,-1
1463,66,321,79,27,29,-1,-1,-1
1463,70,293,55,25,20,-1,-1,-1
1463,72,338,49,22,20,-1,-1,-1
1464,64,359,63,22,23,-1,-1,-1
1464,66,317,81,30,31,-1,-1,-1
1464,70,290,55,25,20,-1,-1,-1
1464,72,336,49,22,20,-1,-1,-1
1465,64,357,63,23,23,-1,-1,-1
1465,66,312,84,32,33,-1,-1,-1
1465,70,288,55,25,20,-1,-1,-1
1465,72,334,50,22,20,-1,-1,-1
1466,64,354,64,24,24,-1,-1,-1
1466,66,308,85,33,35,-1,-1,-1
1466,70,285,56,25,20,-1,-1,-1
1466,72,331,50,22,21,-1,-1,-1
1467,64,351,64,24,24,-1,-1,-1
1467,66,304,86,35,36,-1,-1,-1
1467,67,244,102,36,26,-1,-1,-1
1467,70,282,56,25,20,-1,-1,-1
1467,72,328,50,22,21,-1,-1,-1
1468,64,349,65,25,24,-1,-1,-1
1468,66,302,87,35,36,-1,-1,-1
1468,67,238,103,36,27,-1,-1,-1
1468,70,279,57,25,20,-1,-1,-1
1468,72,326,50,22,22,-1,-1,-1
1469,64,347,65,25,25,-1,-1,-1
1469,66,300,87,36,35,-1,-1,-1
1469,67,234,104,37,28,-1,-1,-1
1469,70,276,57,26,20,-1,-1,-1
1469,72,323,51,22,23,-1,-1,-1
1470,64,344,67,25,24,-1,-1,-1
1470,67,227,105,37,29,-1,-1,-1
1470,70,273,57,26,20,-1,-1,-1
1470,72,320,51,23,23,-1,-1,-1
1471,64,341,68,26,24,-1,-1,-1
1471,67,221,106,37,31,-1,-1,-1
1471,70,271,58,26,21,-1,-1,-1
1471,72,317,52,23,23,-1,-1,-1
1472,64,338,69,26,25,-1,-1,-1
1472,67,212,109,39,32,-1,-1,-1
1472,70,267,58,26,21,-1,-1,-1
1472,72,314,52,24,23,-1,-1,-1
1473,64,335,70,27,25,-1,-1,-1
1473,67,203,112,42,33,-1,-1,-1
1473,69,416,46,19,20,-1,-1,-1
1473,70,264,59,26,22,-1,-1,-1
1473,72,311,53,24,23,-1,-1,-1
1474,64,332,71,27,26,-1,-1,-1
1474,67,198,114,44,33,-1,-1,-1
1474,69,415,45,19,20,-1,-1,-1
1474,70,260,59,26,22,-1,-1,-1
1474,72,308,53,24,23,-1,-1,-1
1475,64,329,71,27,27,-1,-1,-1
1475,67,194,115,44,33,-1,-1,-1
1475,69,414,45,19,20,-1,-1,-1
1475,70,257,60,27,23,-1,-1,-1
1475,72,305,54,25,23,-1,-1,-1
1476,64,326,72,28,27,-1,-1,-1
1476,69,413,45,20,20,-1,-1,-1
1476,70,254,61,27,23,-1,-1,-1
1476,72,302,54,25,23,-1,-1,-1
1477,64,323,73,28,27,-1,-1,-1
1477,69,412,45,20,21,-1,-1,-1
1477,70,250,61,28,23,-1,-1,-1
1477,72,299,55,25,23,-1,-1,-1
1478,64,322,74,28,26,-1,-1,-1
1478,69,411,45,20,21,-1,-1,-1
1478,70,247,62,29,24,-1,-1,-1
1478,72,296,55,26,22,-1,-1,-1
1479,64,321,74,28,26,-1,-1,-1
1479,69,410,45,20,21,-1,-1,-1
1479,70,244,63,30,24,-1,-1,-1
1479,72,293,56,26,22,-1,-1,-1
1480,69,409,45,20,21,-1,-1,-1
1480,70,241,64,30,24,-1,-1,-1
1480,72,290,56,26,22,-1,-1,-1
1481,69,408,45,20,21,-1,-1,-1
1481,70,239,64,30,24,-1,-1,-1
1481,72,287,57,27,22,-1,-1,-1
1482,69,407,45,20,21,-1,-1,-1
1482,70,235,65,31,23,-1,-1,-1
1482,72,284,57,27,22,-1,-1,-1
1483,69,405,45,20,21,-1,-1,-1
1483,70,231,65,31,23,-1,-1,-1
1483,72,281,58,27,22,-1,-1,-1
1484,69,404,45,20,21,-1,-1,-1
1484,70,227,66,31,23,-1,-1,-1
1484,72,278,58,28,22,-1,-1,-1
1485,69,403,45,20,21,-1,-1,-1
1485,70,223,66,31,23,-1,-1,-1
1485,71,355,47,22,19,-1,-1,-1
1485,72,275,59,28,21,-1,-1,-1
1486,69,401,46,20,21,-1,-1,-1
1486,70,219,67,31,23,-1,-1,-1
1486,71,354,47,22,19,-1,-1,-1
1486,72,272,60,29,21,-1,-1,-1
1487,69,400,46,21,22,-1,-1,-1
1487,69,361,59,25,21,-1,-1,-1
1487,70,215,67,30,24,-1,-1,-1
1487,71,353,47,22,19,-1,-1,-1
1487,72,270,60,29,20,-1,-1,-1
1488,69,399,46,22,22,-1,-1,-1
1488,69,360,59,25,21,-1,-1,-1
1488,70,212,67,30,24,-1,-1,-1
1488,71,352,47,22,19,-1,-1,-1
1488,72,267,61,29,20,-1,-1,-1
1489,69,397,47,22,23,-1,-1,-1
1489,69,360,59,25,21,-1,-1,-1
1489,70,209,68,29,23,-1,-1,-1
1489,71,350,47,22,19,-1,-1,-1
1489,72,264,61,29,21,-1,-1,-1
1490,69,396,47,23,24,-1,-1,-1
1490,70,206,68,27,23,-1,-1,-1
1490,71,347,47,23,19,-1,-1,-1
1490,72,260,62,28,21,-1,-1,-1
1491,69,394,48,24,25,-1,-1,-1
1491,70,203,69,26,22,-1,-1,-1
1491,71,345,47,23,20,-1,-1,-1
1491,72,257,62,28,22,-1,-1,-1
1492,69,393,48,24,26,-1,-1,-1
1492,70,200,70,26,21,-1,-1,-1
1492,71,342,47,24,19,-1,-1,-1
1492,72,254,63,28,22,-1,-1,-1
1493,69,391,49,24,26,-1,-1,-1
1493,70,196,71,27,21,-1,-1,-1
1493,71,340,48,24,19,-1,-1,-1
1493,72,250,64,28,22,-1,-1,-1
1494,69,390,49,24,26,-1,-1,-1
1494,70,192,72,27,21,-1,-1,-1
1494,71,337,48,25,20,-1,-1,-1
1494,72,247,64,28,22,-1,-1,-1
1495,69,389,49,24,26,-1,-1,-1
1495,70,188,73,28,22,-1,-1,-1
1495,71,335,49,25,20,-1,-1,-1
1495,72,244,65,28,23,-1,-1,-1
1496,69,388,50,24,26,-1,-1,-1
1496,70,184,73,28,23,-1,-1,-1
1496,71,332,49,25,20,-1,-1,-1
1496,72,240,66,28,23,-1,-1,-1
1497,69,386,50,25,27,-1,-1,-1
1497,70,180,74,29,23,-1,-1,-1
1497,71,330,49,25,20,-1,-1,-1
1497,72,237,66,29,23,-1,-1,-1
1498,69,384,51,25,27,-1,-1,-1
1498,70,176,74,29,23,-1,-1,-1
1498,71,327,49,25,20,-1,-1,-1
1498,72,233,67,29,23,-1,-1,-1
1499,69,382,52,26,26,-1,-1,-1
1499,70,171,75,29,23,-1,-1,-1
1499,71,325,50,25,20,-1,-1,-1
1499,72,230,68,29,24,-1,-1,-1
1500,69,380,53,27,25,-1,-1,-1
1500,70,167,75,30,23,-1,-1,-1
1500,71,322,50,25,20,-1,-1,-1
1500,72,227,68,29,24,-1,-1,-1
1501,69,378,54,26,25,-1,-1,-1
1501,70,164,76,30,23,-1,-1,-1
1501,71,320,50,25,20,-1,-1,-1
1501,72,223,69,29,24,-1,-1,-1
1502,69,376,54,26,25,-1,-1,-1
1502,70,160,76,30,23,-1,-1,-1
1502,71,317,50,25,21,-1,-1,-1
1502,72,220,70,30,24,-1,-1,-1
1503,69,375,55,26,26,-1,-1,-1
1503,70,156,77,30,23,-1,-1,-1
1503,71,314,51,25,21,-1,-1,-1
1503,72,216,70,30,23,-1,-1,-1
1504,69,373,55,26,26,-1,-1,-1
1504,70,152,78,31,24,-1,-1,-1
1504,71,312,51,25,21,-1,-1,-1
1504,72,212,71,30,23,-1,-1,-1
1505,69,371,56,26,27,-1,-1,-1
1505,70,147,78,32,25,-1,-1,-1
1505,71,309,51,25,21,-1,-1,-1
1505,72,209,71,30,22,-1,-1,-1
1506,69,369,56,27,27,-1,-1,-1
1506,70,143,79,32,26,-1,-1,-1
1506,71,307,51,25,21,-1,-1,-1
1506,72,205,72,29,22,-1,-1,-1
1507,69,366,57,28,27,-1,-1,-1
1507,70,139,79,33,27,-1,-1,-1
1507,71,304,52,25,21,-1,-1,-1
1507,72,202,72,29,23,-1,-1,-1
1508,69,364,58,29,27,-1,-1,-1
1508,70,134,80,34,28,-1,-1,-1
1508,71,302,52,25,21,-1,-1,-1
1508,72,198,72,30,23,-1,-1,-1
1509,69,361,58,30,27,-1,-1,-1
1509,70,130,80,35,29,-1,-1,-1
1509,71,299,52,25,21,-1,-1,-1
1509,72,195,73,30,23,-1,-1,-1
1510,69,359,58,31,27,-1,-1,-1
1510,70,126,81,35,30,-1,-1,-1
1510,71,297,53,25,21,-1,-1,-1
1510,72,191,74,30,22,-1,-1,-1
1511,69,356,59,31,28,-1,-1,-1
1511,70,121,81,36,31,-1,-1,-1
1511,71,294,54,25,21,-1,-1,-1
1511,72,187,74,30,22,-1,-1,-1
1512,69,354,59,31,28,-1,-1,-1
1512,70,116,82,39,32,-1,-1,-1
1512,71,291,55,25,22,-1,-1,-1
1512,72,183,75,31,23,-1,-1,-1
1513,69,351,60,32,28,-1,-1,-1
1513,70,109,84,41,32,-1,-1,-1
1513,71,288,56,26,22,-1,-1,-1
1513,72,179,76,32,23,-1,-1,-1
1514,69,348,60,32,28,-1,-1,-1
1514,70,104,85,43,32,-1,-1,-1
1514,71,285,56,27,22,-1,-1,-1
1514,72,176,76,33,23,-1,-1,-1
1515,69,347,60,32,27,-1,-1,-1
1515,70,100,85,42,32,-1,-1,-1
1515,71,282,56,27,22,-1,-1,-1
1515,72,172,76,34,23,-1,-1,-1
1516,69,346,60,33,27,-1,-1,-1
1516,70,97,85,40,32,-1,-1,-1
1516,71,279,57,28,23,-1,-1,-1
1516,72,168,77,34,23,-1,-1,-1
1517,70,94,86,40,32,-1,-1,-1
1517,71,277,57,28,23,-1,-1,-1
1517,72,166,77,33,23,-1,-1,-1
1518,70,90,86,39,32,-1,-1,-1
1518,71,274,58,28,22,-1,-1,-1
1518,72,163,78,32,23,-1,-1,-1
1519,70,86,86,39,33,-1,-1,-1
1519,71,272,58,28,21,-1,-1,-1
1519,72,159,78,31,23,-1,-1,-1
1520,70,83,86,39,34,-1,-1,-1
1520,71,269,59,27,21,-1,-1,-1
1520,72,156,79,31,22,-1,-1,-1
1521,70,79,87,39,35,-1,-1,-1
1521,71,266,59,27,21,-1,-1,-1
1521,72,152,79,31,22,-1,-1,-1
1522,70,75,87,39,35,-1,-1,-1
1522,71,263,59,28,22,-1,-1,-1
1522,72,149,79,32,22,-1,-1,-1
1523,70,71,87,38,35,-1,-1,-1
1523,71,259,60,29,23,-1,-1,-1
1523,72,146,80,32,22,-1,-1,-1
1524,70,67,88,38,35,-1,-1,-1
1524,71,257,60,28,23,-1,-1,-1
1524,72,143,81,31,22,-1,-1,-1
1525,70,63,89,38,34,-1,-1,-1
1525,71,255,61,27,22,-1,-1,-1
1525,72,139,81,30,22,-1,-1,-1
1526,70,60,89,37,34,-1,-1,-1
1526,71,251,62,27,20,-1,-1,-1
1526,72,136,82,30,22,-1,-1,-1
1527,70,56,90,39,35,-1,-1,-1
1527,71,248,63,28,20,-1,-1,-1
1527,72,133,83,29,22,-1,-1,-1
1528,70,51,90,41,35,-1,-1,-1
1528,71,244,63,29,20,-1,-1,-1
1528,72,130,83,30,23,-1,-1,-1
1529,70,46,91,44,36,-1,-1,-1
1529,71,242,64,29,20,-1,-1,-1
1529,72,127,84,31,24,-1,-1,-1
1530,70,42,92,45,36,-1,-1,-1
1530,71,239,64,28,19,-1,-1,-1
1530,72,123,84,32,25,-1,-1,-1
1531,70,37,93,46,36,-1,-1,-1
1531,71,237,64,28,19,-1,-1,-1
1531,72,120,85,33,26,-1,-1,-1
1532,70,32,94,47,37,-1,-1,-1
1532,71,233,64,29,19,-1,-1,-1
1532,72,116,85,34,28,-1,-1,-1
1533,70,27,96,48,37,-1,-1,-1
1533,71,230,64,30,19,-1,-1,-1
1533,72,113,86,36,29,-1,-1,-1
1534,70,22,97,48,38,-1,-1,-1
1534,71,226,65,30,19,-1,-1,-1
1534,72,109,86,38,31,-1,-1,-1
1535,70,18,98,49,38,-1,-1,-1
1535,71,223,65,30,19,-1,-1,-1
1535,72,106,86,39,32,-1,-1,-1
1536,70,14,99,50,39,-1,-1,-1
1536,71,220,65,29,20,-1,-1,-1
1536,72,103,87,40,33,-1,-1,-1
1537,70,11,99,50,41,-1,-1,-1
1537,71,216,65,29,21,-1,-1,-1
1537,72,100,87,39,33,-1,-1,-1
1538,70,9,100,50,42,-1,-1,-1
1538,71,213,66,29,22,-1,-1,-1
1538,72,97,87,40,33,-1,-1,-1
1539,70,6,100,50,42,-1,-1,-1
1539,71,210,66,28,22,-1,-1,-1
1539,72,93,87,41,34,-1,-1,-1
1540,70,5,100,49,42,-1,-1,-1
1540,71,207,66,28,22,-1,-1,-1
1540,72,89,88,43,34,-1,-1,-1
1541,70,5,100,49,42,-1,-1,-1
1541,71,203,67,27,23,-1,-1,-1
1541,72,85,88,44,34,-1,-1,-1
1542,71,200,67,26,23,-1,-1,-1
1542,72,82,89,45,34,-1,-1,-1
1543,71,197,68,27,23,-1,-1,-1
1543,72,79,89,46,34,-1,-1,-1
1544,71,193,69,28,23,-1,-1,-1
1544,72,76,89,46,34,-1,-1,-1
1545,71,190,70,29,23,-1,-1,-1
1545,72,75,89,45,33,-1,-1,-1
1546,71,187,71,29,23,-1,-1,-1
1546,72,73,89,43,33,-1,-1,-1
1547,71,184,72,29,24,-1,-1,-1
1547,72,72,89,40,33,-1,-1,-1
1548,71,182,73,29,24,-1,-1,-1
1548,72,71,89,39,33,-1,-1,-1
1549,71,179,74,30,24,-1,-1,-1
1549,72,69,89,38,34,-1,-1,-1
1550,71,177,74,30,24,-1,-1,-1
1550,72,67,89,37,34,-1,-1,-1
1551,71,174,75,31,24,-1,-1,-1
1551,72,64,89,36,34,-1,-1,-1
1552,71,172,75,32,25,-1,-1,-1
1552,72,62,89,36,35,-1,-1,-1
1553,71,169,76,32,26,-1,-1,-1
1553,72,60,89,36,35,-1,-1,-1
1553,73,427,186,34,30,-1,-1,-1
1554,71,166,76,32,26,-1,-1,-1
1554,72,58,89,35,36,-1,-1,-1
1554,73,430,180,34,30,-1,-1,-1
1555,71,163,77,32,25,-1,-1,-1
1555,72,56,89,35,36,-1,-1,-1
1555,73,432,176,34,29,-1,-1,-1
1556,71,160,77,32,24,-1,-1,-1
1556,72,53,90,35,36,-1,-1,-1
1556,73,434,170,35,29,-1,-1,-1
1557,71,157,77,32,24,-1,-1,-1
1557,72,52,90,36,37,-1,-1,-1
1557,73,438,165,34,28,-1,-1,-1
1558,71,153,77,33,24,-1,-1,-1
1558,72,51,90,36,37,-1,-1,-1
1558,73,441,160,34,27,-1,-1,-1
1559,71,150,77,34,25,-1,-1,-1
1559,73,445,153,33,27,-1,-1,-1
1560,71,147,77,35,25,-1,-1,-1
1560,73,446,151,34,27,-1,-1,-1
1561,71,144,77,36,26,-1,-1,-1
1561,73,448,148,34,28,-1,-1,-1
1562,71,141,78,37,27,-1,-1,-1
1563,71,138,78,38,28,-1,-1,-1
1564,71,135,78,38,29,-1,-1,-1
1565,71,132,79,38,30,-1,-1,-1
1566,71,129,79,38,31,-1,-1,-1
1567,71,125,80,38,32,-1,-1,-1
1568,71,122,80,38,33,-1,-1,-1
1569,71,119,81,38,34,-1,-1,-1
1570,71,116,81,38,34,-1,-1,-1
1571,71,114,82,39,34,-1,-1,-1
1572,71,111,83,39,34,-1,-1,-1
1573,71,109,84,39,33,-1,-1,-1
1573,74,471,73,30,22,-1,-1,-1
1574,71,107,85,39,32,-1,-1,-1
1574,74,472,73,30,22,-1,-1,-1
1575,71,105,85,38,32,-1,-1,-1
1575,74,473,72,30,22,-1,-1,-1
1576,71,102,85,38,32,-1,-1,-1
1576,74,473,71,30,21,-1,-1,-1
1577,71,99,85,39,32,-1,-1,-1
1577,74,474,70,30,21,-1,-1,-1
1578,71,96,85,41,33,-1,-1,-1
1578,74,474,69,30,21,-1,-1,-1
1579,71,93,86,43,32,-1,-1,-1
1579,74,475,68,31,21,-1,-1,-1
1580,71,90,87,44,32,-1,-1,-1
1580,74,476,67,31,22,-1,-1,-1
1581,71,88,87,44,32,-1,-1,-1
1581,74,477,67,32,22,-1,-1,-1
1582,71,86,87,42,33,-1,-1,-1
1582,74,478,66,32,22,-1,-1,-1
1583,71,85,87,40,33,-1,-1,-1
1583,74,479,66,32,22,-1,-1,-1
1584,71,83,87,39,34,-1,-1,-1
1584,74,480,65,32,22,-1,-1,-1
1585,71,81,87,40,34,-1,-1,-1
1585,74,481,65,33,22,-1,-1,-1
1586,71,78,88,42,34,-1,-1,-1
1586,74,481,65,34,22,-1,-1,-1
1587,71,75,88,45,34,-1,-1,-1
1587,74,481,64,34,22,-1,-1,-1
1588,71,73,88,46,35,-1,-1,-1
1588,74,482,64,35,22,-1,-1,-1
1589,71,70,88,47,35,-1,-1,-1
1589,74,483,64,34,22,-1,-1,-1
1590,71,67,88,47,36,-1,-1,-1
1590,74,484,64,34,23,-1,-1,-1
1591,71,63,87,48,37,-1,-1,-1
1591,74,485,63,33,23,-1,-1,-1
1592,71,62,87,48,38,-1,-1,-1
1592,74,485,63,32,23,-1,-1,-1
1593,71,61,87,48,39,-1,-1,-1
1593,74,485,63,32,23,-1,-1,-1
1619,78,387,59,25,22,-1,-1,-1
1620,78,386,59,25,22,-1,-1,-1
1621,78,384,59,25,21,-1,-1,-1
1622,78,383,60,25,21,-1,-1,-1
1623,78,381,61,26,21,-1,-1,-1
1624,78,380,61,27,21,-1,-1,-1
1625,78,378,61,27,21,-1,-1,-1
1626,78,376,61,28,21,-1,-1,-1
1627,75,374,47,25,22,-1,-1,-1
1627,78,374,61,28,21,-1,-1,-1
1628,75,374,47,25,22,-1,-1,-1
1628,78,373,62,28,21,-1,-1,-1
1629,75,374,47,24,22,-1,-1,-1
1629,78,371,59,27,21,-1,-1,-1
1630,78,370,55,26,20,-1,-1,-1
1631,78,369,50,24,20,-1,-1,-1
1632,78,368,48,25,20,-1,-1,-1
1633,78,367,47,24,20,-1,-1,-1
1634,78,366,46,25,21,-1,-1,-1
1635,76,413,43,25,21,-1,-1,-1
1635,78,366,46,24,21,-1,-1,-1
1636,76,412,43,25,21,-1,-1,-1
1636,78,365,46,24,22,-1,-1,-1
1637,76,411,43,25,21,-1,-1,-1
1637,78,364,46,23,22,-1,-1,-1
1638,76,410,43,26,21,-1,-1,-1
1638,78,362,47,23,22,-1,-1,-1
1639,76,409,43,25,21,-1,-1,-1
1639,78,361,47,23,22,-1,-1,-1
1640,76,409,43,25,21,-1,-1,-1
1640,78,360,47,22,22,-1,-1,-1
1641,76,408,43,25,21,-1,-1,-1
1641,78,359,46,22,22,-1,-1,-1
1642,76,407,43,25,21,-1,-1,-1
1642,78,357,46,23,23,-1,-1,-1
1643,76,406,43,25,22,-1,-1,-1
1643,78,355,46,23,23,-1,-1,-1
1644,76,405,43,25,22,-1,-1,-1
1644,78,353,47,24,23,-1,-1,-1
1645,76,403,43,25,23,-1,-1,-1
1645,78,351,47,24,23,-1,-1,-1
1646,76,402,44,25,23,-1,-1,-1
1646,78,349,47,24,23,-1,-1,-1
1647,76,401,44,26,23,-1,-1,-1
1647,78,348,48,23,23,-1,-1,-1
1648,76,399,45,26,23,-1,-1,-1
1648,78,346,48,23,22,-1,-1,-1
1649,76,398,45,27,23,-1,-1,-1
1649,78,344,48,22,22,-1,-1,-1
1650,76,396,46,28,23,-1,-1,-1
1650,78,342,48,22,22,-1,-1,-1
1651,76,395,47,29,23,-1,-1,-1
1651,78,340,48,22,22,-1,-1,-1
1652,76,394,48,29,23,-1,-1,-1
1652,78,338,49,22,23,-1,-1,-1
1653,76,393,48,29,23,-1,-1,-1
1653,78,336,49,22,23,-1,-1,-1
1654,76,392,49,29,23,-1,-1,-1
1654,78,334,49,22,22,-1,-1,-1
1655,76,392,49,28,23,-1,-1,-1
1655,78,332,49,22,22,-1,-1,-1
1656,76,391,49,28,23,-1,-1,-1
1656,78,330,49,22,22,-1,-1,-1
1657,76,390,49,28,23,-1,-1,-1
1657,78,327,49,22,22,-1,-1,-1
1658,76,388,49,28,24,-1,-1,-1
1658,78,325,49,22,23,-1,-1,-1
1659,76,386,49,28,25,-1,-1,-1
1659,78,323,49,22,24,-1,-1,-1
1660,76,384,50,29,25,-1,-1,-1
1660,77,272,59,28,23,-1,-1,-1
1660,78,320,50,23,24,-1,-1,-1
1661,76,382,50,30,27,-1,-1,-1
1661,77,270,60,28,23,-1,-1,-1
1661,78,317,50,23,24,-1,-1,-1
1662,76,380,50,31,30,-1,-1,-1
1662,77,269,60,27,23,-1,-1,-1
1662,78,315,50,24,24,-1,-1,-1
1663,76,378,50,32,32,-1,-1,-1
1663,77,267,60,27,23,-1,-1,-1
1663,78,312,51,24,25,-1,-1,-1
1664,76,376,50,33,33,-1,-1,-1
1664,77,264,60,27,23,-1,-1,-1
1664,78,309,51,24,25,-1,-1,-1
1665,76,374,51,34,33,-1,-1,-1
1665,77,261,61,28,23,-1,-1,-1
1665,78,307,51,25,25,-1,-1,-1
1666,76,372,51,35,32,-1,-1,-1
1666,77,258,62,29,23,-1,-1,-1
1666,78,304,52,25,25,-1,-1,-1
1667,76,370,53,35,31,-1,-1,-1
1667,77,254,62,29,22,-1,-1,-1
1667,78,301,52,25,25,-1,-1,-1
1668,76,369,54,34,29,-1,-1,-1
1668,77,250,62,30,23,-1,-1,-1
1668,78,299,53,26,25,-1,-1,-1
1669,76,368,55,33,28,-1,-1,-1
1669,77,247,63,31,24,-1,-1,-1
1669,78,296,53,26,25,-1,-1,-1
1670,76,367,55,33,27,-1,-1,-1
1670,77,243,64,32,25,-1,-1,-1
1670,78,293,54,26,25,-1,-1,-1
1671,76,366,55,33,28,-1,-1,-1
1671,77,239,64,32,25,-1,-1,-1
1671,78,291,54,27,25,-1,-1,-1
1672,76,364,55,33,30,-1,-1,-1
1672,77,236,65,32,25,-1,-1,-1
1672,78,288,55,27,25,-1,-1,-1
1673,76,362,55,34,30,-1,-1,-1
1673,77,232,66,32,25,-1,-1,-1
1673,78,285,55,27,25,-1,-1,-1
1674,76,360,56,35,29,-1,-1,-1
1674,77,229,66,32,26,-1,-1,-1
1674,78,283,56,28,25,-1,-1,-1
1675,76,357,57,35,28,-1,-1,-1
1675,77,225,67,32,26,-1,-1,-1
1675,78,280,56,28,25,-1,-1,-1
1676,76,354,58,36,28,-1,-1,-1
1676,77,222,67,32,26,-1,-1,-1
1676,78,277,57,28,25,-1,-1,-1
1677,76,352,58,35,28,-1,-1,-1
1677,77,218,68,32,26,-1,-1,-1
1677,78,275,57,29,25,-1,-1,-1
1678,76,350,59,35,27,-1,-1,-1
1678,77,215,68,32,26,-1,-1,-1
1678,78,272,58,29,25,-1,-1,-1
1679,76,347,60,35,27,-1,-1,-1
1679,77,211,69,32,26,-1,-1,-1
1679,78,269,58,29,25,-1,-1,-1
1680,76,345,60,36,28,-1,-1,-1
1680,77,208,69,31,26,-1,-1,-1
1680,78,266,58,29,26,-1,-1,-1
1681,76,343,61,36,28,-1,-1,-1
1681,77,204,70,31,26,-1,-1,-1
1681,78,263,59,30,26,-1,-1,-1
1682,76,340,61,36,29,-1,-1,-1
1682,77,201,70,31,26,-1,-1,-1
1682,78,259,59,31,26,-1,-1,-1
1683,76,338,62,36,31,-1,-1,-1
1683,77,197,71,31,26,-1,-1,-1
1683,78,257,60,31,26,-1,-1,-1
1684,76,335,62,36,32,-1,-1,-1
1684,77,194,71,31,26,-1,-1,-1
1684,78,254,61,31,25,-1,-1,-1
1685,76,333,63,36,33,-1,-1,-1
1685,77,190,72,31,26,-1,-1,-1
1685,78,251,62,31,24,-1,-1,-1
1686,76,330,64,36,34,-1,-1,-1
1686,77,187,72,31,26,-1,-1,-1
1686,78,248,62,32,24,-1,-1,-1
1687,76,328,64,36,36,-1,-1,-1
1687,77,183,73,31,27,-1,-1,-1
1687,78,244,63,33,24,-1,-1,-1
1688,76,325,65,36,37,-1,-1,-1
1688,77,180,74,32,27,-1,-1,-1
1688,78,241,64,34,24,-1,-1,-1
1689,76,323,66,36,38,-1,-1,-1
1689,77,176,75,32,27,-1,-1,-1
1689,78,237,64,34,24,-1,-1,-1
1690,76,321,66,36,38,-1,-1,-1
1690,77,173,75,33,27,-1,-1,-1
1690,78,235,64,34,24,-1,-1,-1
1691,76,320,66,36,39,-1,-1,-1
1691,77,169,75,33,26,-1,-1,-1
1691,78,232,64,33,24,-1,-1,-1
1692,76,318,67,37,39,-1,-1,-1
1692,77,166,76,33,26,-1,-1,-1
1692,78,229,64,33,24,-1,-1,-1
1693,77,162,77,33,26,-1,-1,-1
1693,78,226,64,32,24,-1,-1,-1
1694,77,158,77,33,26,-1,-1,-1
1694,78,223,65,32,24,-1,-1,-1
1695,77,154,78,34,26,-1,-1,-1
1695,78,220,65,31,24,-1,-1,-1
1696,77,150,79,34,26,-1,-1,-1
1696,78,217,65,31,24,-1,-1,-1
1697,77,146,80,34,26,-1,-1,-1
1697,78,215,66,30,23,-1,-1,-1
1698,77,142,81,34,26,-1,-1,-1
1698,78,213,66,31,23,-1,-1,-1
1699,77,138,81,34,26,-1,-1,-1
1699,78,210,67,31,23,-1,-1,-1
1700,77,134,82,34,26,-1,-1,-1
1700,78,206,68,31,23,-1,-1,-1
1701,77,130,83,34,26,-1,-1,-1
1701,78,200,69,32,24,-1,-1,-1
1702,77,126,84,34,26,-1,-1,-1
1702,78,195,70,32,25,-1,-1,-1
1703,77,122,85,34,26,-1,-1,-1
1703,78,189,71,33,25,-1,-1,-1
1704,77,118,85,34,26,-1,-1,-1
1704,78,185,72,33,26,-1,-1,-1
1705,77,114,86,34,26,-1,-1,-1
1705,78,181,72,34,26,-1,-1,-1
1706,77,110,87,34,26,-1,-1,-1
1706,78,177,73,34,26,-1,-1,-1
1707,77,106,88,34,26,-1,-1,-1
1707,78,173,74,34,26,-1,-1,-1
1708,77,103,88,35,26,-1,-1,-1
1708,78,169,75,33,25,-1,-1,-1
1709,77,100,88,35,26,-1,-1,-1
1709,78,166,76,33,25,-1,-1,-1
1710,77,98,88,35,26,-1,-1,-1
1710,78,163,77,33,25,-1,-1,-1
1711,77,97,88,36,26,-1,-1,-1
1711,78,159,77,33,24,-1,-1,-1
1712,78,155,77,33,25,-1,-1,-1
1713,78,151,78,33,25,-1,-1,-1
1714,78,147,78,32,26,-1,-1,-1
1715,78,143,78,32,26,-1,-1,-1
1716,78,140,79,31,26,-1,-1,-1
1717,78,136,80,31,25,-1,-1,-1
1718,78,132,80,32,25,-1,-1,-1
1719,78,129,81,32,25,-1,-1,-1
1720,78,125,81,33,26,-1,-1,-1
1721,78,122,82,33,27,-1,-1,-1
1722,78,118,82,34,27,-1,-1,-1
1723,78,115,83,34,28,-1,-1,-1
1724,78,112,83,35,29,-1,-1,-1
1725,78,108,84,35,30,-1,-1,-1
1726,78,105,84,36,31,-1,-1,-1
1727,78,101,85,36,32,-1,-1,-1
1728,78,98,85,37,33,-1,-1,-1
1729,78,95,86,37,34,-1,-1,-1
1730,78,91,86,38,35,-1,-1,-1
1731,78,88,87,38,36,-1,-1,-1
1732,78,85,87,40,36,-1,-1,-1
1733,78,81,88,42,37,-1,-1,-1
1734,78,78,88,44,37,-1,-1,-1
1735,78,76,88,45,37,-1,-1,-1
1736,78,74,88,45,37,-1,-1,-1
1737,78,72,88,44,37,-1,-1,-1
1738,78,70,88,44,38,-1,-1,-1
1739,78,66,87,45,38,-1,-1,-1
1740,78,62,87,46,39,-1,-1,-1
1741,78,60,87,46,40,-1,-1,-1
1742,78,59,87,46,40,-1,-1,-1
1746,79,398,15,26,22,-1,-1,-1
1747,79,397,15,26,22,-1,-1,-1
1748,79,397,15,27,22,-1,-1,-1
1749,79,397,15,27,22,-1,-1,-1
1750,79,396,15,28,22,-1,-1,-1
1845,80,379,57,29,23,-1,-1,-1
1846,80,378,58,29,22,-1,-1,-1
1847,80,377,58,29,22,-1,-1,-1
1848,80,375,58,29,22,-1,-1,-1
1849,80,374,59,30,23,-1,-1,-1
1850,80,372,59,30,23,-1,-1,-1
1851,80,371,59,30,23,-1,-1,-1
1852,80,369,60,30,24,-1,-1,-1
1853,80,366,60,31,24,-1,-1,-1
1854,80,363,61,32,25,-1,-1,-1
1855,80,361,62,32,25,-1,-1,-1
1856,80,360,62,32,26,-1,-1,-1
1857,80,359,63,32,26,-1,-1,-1
1907,81,397,47,28,20,-1,-1,-1
1908,81,396,47,29,21,-1,-1,-1
1909,81,395,48,29,22,-1,-1,-1
1910,81,394,48,29,23,-1,-1,-1
1911,81,394,49,29,23,-1,-1,-1
1918,82,378,52,34,34,-1,-1,-1
1919,82,376,52,34,34,-1,-1,-1
1920,82,375,52,35,32,-1,-1,-1
1921,82,373,54,34,31,-1,-1,-1
1922,82,372,55,34,29,-1,-1,-1
1923,82,371,56,34,30,-1,-1,-1
1924,82,369,56,33,31,-1,-1,-1
1925,82,367,55,33,32,-1,-1,-1
1926,82,365,56,33,33,-1,-1,-1
1927,82,363,57,33,34,-1,-1,-1
1928,82,360,58,34,33,-1,-1,-1
1929,82,358,59,34,33,-1,-1,-1
1930,82,356,60,34,33,-1,-1,-1
1931,82,353,60,33,32,-1,-1,-1
1932,82,351,60,33,32,-1,-1,-1
1933,82,349,60,33,32,-1,-1,-1
1934,82,348,59,33,33,-1,-1,-1
1935,82,348,60,33,33,-1,-1,-1
1939,84,268,62,28,20,-1,-1,-1
1940,84,266,62,27,20,-1,-1,-1
1941,84,264,62,28,20,-1,-1,-1
1942,84,261,62,29,20,-1,-1,-1
1943,84,258,62,29,20,-1,-1,-1
1944,84,256,62,29,20,-1,-1,-1
1945,84,253,63,30,19,-1,-1,-1
1946,84,251,64,30,19,-1,-1,-1
1947,84,247,65,30,19,-1,-1,-1
1947,86,200,72,31,23,-1,-1,-1
1948,84,244,65,31,19,-1,-1,-1
1948,86,198,73,30,23,-1,-1,-1
1949,84,241,66,31,20,-1,-1,-1
1949,86,195,73,30,23,-1,-1,-1
1950,84,238,65,30,20,-1,-1,-1
1950,86,192,73,31,23,-1,-1,-1
1951,84,235,65,30,20,-1,-1,-1
1951,86,189,74,31,23,-1,-1,-1
1952,84,231,65,30,21,-1,-1,-1
1952,86,185,74,31,23,-1,-1,-1
1953,84,228,65,30,21,-1,-1,-1
1953,86,181,75,32,23,-1,-1,-1
1954,84,224,65,30,21,-1,-1,-1
1954,86,177,75,32,23,-1,-1,-1
1955,84,220,65,30,22,-1,-1,-1
1955,86,173,76,33,23,-1,-1,-1
1956,84,217,66,30,22,-1,-1,-1
1956,86,168,76,33,24,-1,-1,-1
1957,83,476,65,32,24,-1,-1,-1
1957,84,213,66,30,22,-1,-1,-1
1957,86,164,77,34,24,-1,-1,-1
1958,83,477,64,32,23,-1,-1,-1
1958,84,210,67,29,21,-1,-1,-1
1958,85,411,43,32,20,-1,-1,-1
1958,86,160,77,34,24,-1,-1,-1
1959,83,477,64,32,23,-1,-1,-1
1959,84,207,68,29,20,-1,-1,-1
1959,85,411,43,31,20,-1,-1,-1
1959,86,156,78,35,24,-1,-1,-1
1960,83,478,64,31,23,-1,-1,-1
1960,84,203,69,29,20,-1,-1,-1
1960,85,411,43,31,20,-1,-1,-1
1960,86,152,78,35,25,-1,-1,-1
1961,83,478,64,32,23,-1,-1,-1
1961,84,199,70,29,20,-1,-1,-1
1961,85,411,43,31,20,-1,-1,-1
1961,86,148,78,36,25,-1,-1,-1
1962,83,478,64,32,23,-1,-1,-1
1962,84,195,70,29,21,-1,-1,-1
1962,85,411,43,31,20,-1,-1,-1
1962,86,145,78,37,26,-1,-1,-1
1963,83,478,63,32,24,-1,-1,-1
1963,84,191,71,29,21,-1,-1,-1
1963,85,411,43,31,19,-1,-1,-1
1963,86,141,79,36,26,-1,-1,-1
1964,83,478,63,33,24,-1,-1,-1
1964,84,188,72,29,21,-1,-1,-1
1964,85,412,42,31,19,-1,-1,-1
1964,86,138,79,35,26,-1,-1,-1
1965,83,479,62,33,25,-1,-1,-1
1965,84,185,72,28,22,-1,-1,-1
1965,85,412,42,30,19,-1,-1,-1
1965,86,134,80,34,26,-1,-1,-1
1966,83,479,62,34,25,-1,-1,-1
1966,84,181,73,29,22,-1,-1,-1
1966,85,412,42,30,19,-1,-1,-1
1966,86,131,80,34,25,-1,-1,-1
1967,83,480,62,34,25,-1,-1,-1
1967,84,178,74,30,22,-1,-1,-1
1967,85,413,41,30,19,-1,-1,-1
1967,86,128,81,32,25,-1,-1,-1
1968,83,480,61,34,26,-1,-1,-1
1968,84,174,75,31,23,-1,-1,-1
1968,85,413,41,30,19,-1,-1,-1
1968,86,124,83,31,24,-1,-1,-1
1969,83,481,60,33,26,-1,-1,-1
1969,84,170,75,31,23,-1,-1,-1
1969,85,413,41,29,19,-1,-1,-1
1969,86,120,84,31,24,-1,-1,-1
1970,83,482,58,32,26,-1,-1,-1
1970,84,167,76,31,24,-1,-1,-1
1970,85,413,41,29,19,-1,-1,-1
1970,86,116,85,32,24,-1,-1,-1
1971,83,483,57,31,26,-1,-1,-1
1971,84,164,77,33,24,-1,-1,-1
1971,85,414,40,29,19,-1,-1,-1
1971,86,112,86,33,23,-1,-1,-1
1972,83,484,56,30,26,-1,-1,-1
1972,84,161,77,34,25,-1,-1,-1
1972,85,414,40,29,19,-1,-1,-1
1972,86,108,87,34,23,-1,-1,-1
1973,83,485,56,30,26,-1,-1,-1
1973,84,157,77,35,27,-1,-1,-1
1973,85,414,40,28,19,-1,-1,-1
1973,86,104,87,34,23,-1,-1,-1
1974,83,485,55,29,26,-1,-1,-1
1974,84,154,77,35,29,-1,-1,-1
1974,85,415,39,28,19,-1,-1,-1
1974,86,101,87,35,24,-1,-1,-1
1975,83,485,55,30,26,-1,-1,-1
1975,84,150,77,35,30,-1,-1,-1
1975,85,415,39,28,19,-1,-1,-1
1975,86,98,88,36,24,-1,-1,-1
1976,84,147,77,35,31,-1,-1,-1
1976,85,415,39,28,19,-1,-1,-1
1976,86,95,88,37,25,-1,-1,-1
1977,84,145,78,35,31,-1,-1,-1
1977,85,416,38,27,19,-1,-1,-1
1977,86,93,88,38,26,-1,-1,-1
1978,84,144,77,35,32,-1,-1,-1
1978,85,416,38,27,19,-1,-1,-1
1978,86,91,88,39,26,-1,-1,-1
1979,85,416,38,27,19,-1,-1,-1
1979,86,88,89,40,27,-1,-1,-1
1980,85,416,38,27,19,-1,-1,-1
1980,86,86,89,41,28,-1,-1,-1
1981,85,417,37,27,19,-1,-1,-1
1981,86,84,89,42,28,-1,-1,-1
1982,85,417,37,26,19,-1,-1,-1
1982,86,82,89,43,29,-1,-1,-1
1983,85,417,37,26,19,-1,-1,-1
1983,86,79,90,44,30,-1,-1,-1
1984,85,418,36,26,19,-1,-1,-1
1984,86,77,90,45,30,-1,-1,-1
1985,85,418,36,26,19,-1,-1,-1
1985,86,75,90,46,31,-1,-1,-1
1986,85,418,36,25,19,-1,-1,-1
1986,86,73,90,47,32,-1,-1,-1
1987,85,418,36,25,19,-1,-1,-1
1987,86,71,90,48,33,-1,-1,-1
1988,85,419,35,25,19,-1,-1,-1
1988,86,68,91,49,33,-1,-1,-1
1989,85,419,35,25,19,-1,-1,-1
1989,86,66,91,50,34,-1,-1,-1
1990,85,419,35,24,19,-1,-1,-1
1990,86,64,91,51,35,-1,-1,-1
1991,85,420,34,24,19,-1,-1,-1
1991,86,62,91,52,35,-1,-1,-1
1992,85,420,34,24,19,-1,-1,-1
1992,86,59,92,53,36,-1,-1,-1
1993,85,420,34,24,19,-1,-1,-1
1993,86,57,92,54,37,-1,-1,-1
1994,85,420,34,24,19,-1,-1,-1
1994,86,55,92,55,37,-1,-1,-1
1995,85,420,34,24,19,-1,-1,-1
1995,86,53,92,56,38,-1,-1,-1
1996,85,420,34,25,19,-1,-1,-1
1996,86,50,93,57,39,-1,-1,-1
1997,85,420,34,25,19,-1,-1,-1
1997,86,48,93,58,39,-1,-1,-1
1998,85,420,34,25,19,-1,-1,-1
1998,86,46,93,59,40,-1,-1,-1
1999,86,44,93,60,41,-1,-1,-1
2000,86,42,93,61,41,-1,-1,-1
2001,86,40,93,62,41,-1,-1,-1
2002,86,38,94,62,41,-1,-1,-1
2003,86,36,94,63,41,-1,-1,-1
2004,86,34,94,64,42,-1,-1,-1
2005,86,32,94,65,42,-1,-1,-1
2006,86,30,94,66,42,-1,-1,-1
2007,86,28,94,66,42,-1,-1,-1
2008,86,25,94,66,42,-1,-1,-1
2009,86,23,94,66,42,-1,-1,-1
2010,86,22,94,66,43,-1,-1,-1
2011,86,20,94,66,43,-1,-1,-1
2012,86,19,94,66,44,-1,-1,-1
2013,86,18,94,66,44,-1,-1,-1
2014,86,17,94,66,44,-1,-1,-1
2015,86,17,94,66,44,-1,-1,-1
2016,86,17,94,65,44,-1,-1,-1
2017,86,16,94,65,44,-1,-1,-1
2018,86,16,94,65,45,-1,-1,-1
2019,86,16,94,64,45,-1,-1,-1
2020,86,15,94,64,45,-1,-1,-1
2021,86,15,94,63,45,-1,-1,-1
2022,86,15,94,63,45,-1,-1,-1
2023,86,15,94,62,45,-1,-1,-1
2024,86,14,94,62,45,-1,-1,-1
2025,86,14,94,62,45,-1,-1,-1
2026,86,14,95,61,45,-1,-1,-1
2027,86,14,95,61,45,-1,-1,-1
2028,86,13,95,60,45,-1,-1,-1
2029,86,13,95,60,45,-1,-1,-1
2030,86,13,95,59,45,-1,-1,-1
2031,86,13,95,59,45,-1,-1,-1
2032,86,12,95,59,45,-1,-1,-1
2033,86,12,95,58,45,-1,-1,-1
2034,86,12,95,58,45,-1,-1,-1
2035,86,11,95,57,45,-1,-1,-1
2036,86,11,96,57,45,-1,-1,-1
2037,86,11,96,56,45,-1,-1,-1
2038,86,11,96,56,45,-1,-1,-1
2039,86,10,96,56,45,-1,-1,-1
2040,86,10,96,55,45,-1,-1,-1
2041,86,10,96,55,45,-1,-1,-1
2042,86,10,96,54,45,-1,-1,-1
2043,86,9,96,54,45,-1,-1,-1
2044,86,9,96,53,45,-1,-1,-1
2045,86,9,97,53,46,-1,-1,-1
2046,86,9,97,53,46,-1,-1,-1
2047,86,9,97,52,46,-1,-1,-1
2048,86,9,97,51,45,-1,-1,-1
2049,86,9,97,50,45,-1,-1,-1
2050,86,10,98,49,44,-1,-1,-1
2051,86,10,98,49,43,-1,-1,-1
2052,86,10,98,49,42,-1,-1,-1
2053,86,10,98,49,42,-1,-1,-1
2054,86,10,98,50,43,-1,-1,-1
2055,86,10,98,50,44,-1,-1,-1
2056,86,10,98,50,44,-1,-1,-1
2057,86,10,98,49,44,-1,-1,-1
2082,87,269,59,30,26,-1,-1,-1
2083,87,268,59,30,26,-1,-1,-1
2084,87,267,59,29,26,-1,-1,-1
2085,87,266,59,29,26,-1,-1,-1
2086,87,266,59,29,26,-1,-1,-1
2087,87,266,59,28,26,-1,-1,-1
2088,87,266,59,28,26,-1,-1,-1
2089,87,266,60,28,25,-1,-1,-1
2090,87,266,60,28,25,-1,-1,-1
2091,87,266,60,28,25,-1,-1,-1
2092,87,266,60,28,25,-1,-1,-1
2093,87,266,60,28,25,-1,-1,-1
2094,87,266,60,28,25,-1,-1,-1
2095,87,266,60,28,25,-1,-1,-1
2096,87,266,60,28,25,-1,-1,-1
2097,87,266,60,28,25,-1,-1,-1
2098,87,266,60,28,25,-1,-1,-1
2099,87,266,60,28,25,-1,-1,-1
