1,1,393,42,26,22,-1,-1,-1
1,4,257,59,33,24,-1,-1,-1
1,5,317,52,23,23,-1,-1,-1
2,1,393,42,26,22,-1,-1,-1
2,4,257,59,33,24,-1,-1,-1
2,5,317,52,23,23,-1,-1,-1
3,1,393,42,26,22,-1,-1,-1
3,4,257,59,33,24,-1,-1,-1
3,5,317,52,23,23,-1,-1,-1
4,1,393,42,26,22,-1,-1,-1
4,4,257,59,33,24,-1,-1,-1
4,5,317,52,23,23,-1,-1,-1
5,1,393,42,26,22,-1,-1,-1
5,4,257,59,33,24,-1,-1,-1
5,5,317,52,23,23,-1,-1,-1
6,1,393,42,26,22,-1,-1,-1
6,4,257,59,33,24,-1,-1,-1
6,5,317,52,23,23,-1,-1,-1
7,1,393,42,26,22,-1,-1,-1
7,4,257,59,33,24,-1,-1,-1
7,5,317,52,23,23,-1,-1,-1
8,1,393,42,26,22,-1,-1,-1
8,4,257,59,33,24,-1,-1,-1
8,5,317,52,23,23,-1,-1,-1
9,1,393,42,26,22,-1,-1,-1
9,4,257,59,33,24,-1,-1,-1
9,5,317,52,23,23,-1,-1,-1
10,1,393,42,26,22,-1,-1,-1
10,4,257,59,33,24,-1,-1,-1
10,5,317,52,23,23,-1,-1,-1
11,1,393,42,26,22,-1,-1,-1
11,4,256,59,32,23,-1,-1,-1
11,5,317,52,23,23,-1,-1,-1
12,1,393,42,26,22,-1,-1,-1
12,4,256,59,31,23,-1,-1,-1
12,5,317,52,23,23,-1,-1,-1
13,2,360,43,26,24,-1,-1,-1
13,4,254,60,30,21,-1,-1,-1
14,2,358,43,26,24,-1,-1,-1
14,3,180,74,29,24,-1,-1,-1
14,4,251,61,28,21,-1,-1,-1
15,2,356,43,26,24,-1,-1,-1
15,3,177,75,29,23,-1,-1,-1
15,4,248,62,28,20,-1,-1,-1
16,2,354,43,26,24,-1,-1,-1
16,3,175,75,29,23,-1,-1,-1
16,4,245,62,27,20,-1,-1,-1
17,2,352,44,26,25,-1,-1,-1
17,3,171,76,29,22,-1,-1,-1
17,4,242,63,27,19,-1,-1,-1
18,2,350,44,27,25,-1,-1,-1
18,3,167,76,29,22,-1,-1,-1
18,4,239,63,27,19,-1,-1,-1
19,2,349,45,27,25,-1,-1,-1
19,3,163,77,29,22,-1,-1,-1
19,4,235,64,27,19,-1,-1,-1
20,2,347,45,27,25,-1,-1,-1
20,3,159,77,29,22,-1,-1,-1
20,4,231,64,27,19,-1,-1,-1
21,2,345,45,27,25,-1,-1,-1
21,3,154,77,29,22,-1,-1,-1
21,4,229,64,26,19,-1,-1,-1
22,2,342,45,27,25,-1,-1,-1
22,3,149,77,29,23,-1,-1,-1
22,4,225,65,26,19,-1,-1,-1
23,2,340,45,27,25,-1,-1,-1
23,3,145,78,30,23,-1,-1,-1
23,4,222,65,25,19,-1,-1,-1
24,2,338,45,27,25,-1,-1,-1
24,3,140,79,30,24,-1,-1,-1
24,4,218,66,24,19,-1,-1,-1
25,2,336,45,27,25,-1,-1,-1
25,3,135,79,30,25,-1,-1,-1
25,4,215,67,24,20,-1,-1,-1
26,2,333,46,27,25,-1,-1,-1
26,3,130,80,31,25,-1,-1,-1
26,4,210,67,24,20,-1,-1,-1
27,2,331,46,27,24,-1,-1,-1
27,3,124,80,31,26,-1,-1,-1
27,4,206,67,24,20,-1,-1,-1
28,2,329,46,27,24,-1,-1,-1
28,3,119,82,32,26,-1,-1,-1
28,4,203,68,24,21,-1,-1,-1
29,2,326,46,28,24,-1,-1,-1
29,3,113,83,33,26,-1,-1,-1
29,4,200,68,24,21,-1,-1,-1
30,2,324,45,28,24,-1,-1,-1
30,3,108,84,34,26,-1,-1,-1
30,4,197,69,24,21,-1,-1,-1
31,2,321,45,28,24,-1,-1,-1
31,3,104,85,35,26,-1,-1,-1
31,4,194,70,25,20,-1,-1,-1
32,2,319,45,28,24,-1,-1,-1
32,3,101,85,35,27,-1,-1,-1
32,4,191,71,25,20,-1,-1,-1
33,2,319,45,28,24,-1,-1,-1
33,3,100,85,35,27,-1,-1,-1
33,4,190,72,25,20,-1,-1,-1
34,2,318,45,28,24,-1,-1,-1
34,3,99,85,35,27,-1,-1,-1
34,4,189,72,25,20,-1,-1,-1
35,2,318,45,28,24,-1,-1,-1
35,3,99,85,35,27,-1,-1,-1
35,4,189,72,25,20,-1,-1,-1
36,2,318,45,28,24,-1,-1,-1
36,3,99,85,35,27,-1,-1,-1
36,4,189,72,25,20,-1,-1,-1
37,2,318,45,28,24,-1,-1,-1
37,3,99,85,35,27,-1,-1,-1
37,4,189,72,25,20,-1,-1,-1
38,2,318,45,28,24,-1,-1,-1
38,3,99,85,35,27,-1,-1,-1
38,4,189,72,25,20,-1,-1,-1
39,2,318,45,28,24,-1,-1,-1
39,3,99,85,35,27,-1,-1,-1
39,4,189,72,25,20,-1,-1,-1
40,2,318,45,28,24,-1,-1,-1
40,3,99,85,35,27,-1,-1,-1
40,4,189,72,25,20,-1,-1,-1
41,2,318,45,28,24,-1,-1,-1
41,3,99,85,35,27,-1,-1,-1
41,4,189,72,25,20,-1,-1,-1
42,2,318,45,28,24,-1,-1,-1
42,3,99,85,35,27,-1,-1,-1
42,4,189,72,25,20,-1,-1,-1
43,2,318,45,28,24,-1,-1,-1
43,3,99,85,35,27,-1,-1,-1
43,4,189,72,25,20,-1,-1,-1
44,2,318,45,28,24,-1,-1,-1
44,3,99,85,35,27,-1,-1,-1
44,4,189,72,25,20,-1,-1,-1
45,2,318,45,28,24,-1,-1,-1
45,3,99,85,35,27,-1,-1,-1
45,4,189,72,25,20,-1,-1,-1
46,2,318,45,28,24,-1,-1,-1
46,3,99,85,35,27,-1,-1,-1
46,4,189,72,25,20,-1,-1,-1
47,2,318,45,28,24,-1,-1,-1
47,3,99,85,35,27,-1,-1,-1
47,4,189,72,25,20,-1,-1,-1
48,2,318,45,28,24,-1,-1,-1
48,3,99,85,35,27,-1,-1,-1
48,4,189,72,25,20,-1,-1,-1
49,2,318,45,28,24,-1,-1,-1
49,3,98,86,35,28,-1,-1,-1
49,4,189,72,25,20,-1,-1,-1
50,2,318,45,28,24,-1,-1,-1
50,3,98,86,35,28,-1,-1,-1
50,4,189,72,25,20,-1,-1,-1
51,3,98,86,35,28,-1,-1,-1
52,3,97,86,35,28,-1,-1,-1
53,3,97,86,36,28,-1,-1,-1
54,3,96,86,36,28,-1,-1,-1
55,3,96,86,36,28,-1,-1,-1
56,3,95,86,37,29,-1,-1,-1
57,3,95,86,37,29,-1,-1,-1
58,3,94,86,38,29,-1,-1,-1
59,3,94,86,38,29,-1,-1,-1
60,3,93,86,38,29,-1,-1,-1
61,3,92,86,39,30,-1,-1,-1
62,3,92,86,39,30,-1,-1,-1
63,3,91,86,39,30,-1,-1,-1
64,3,91,86,40,30,-1,-1,-1
65,3,90,86,40,30,-1,-1,-1
66,3,90,86,41,31,-1,-1,-1
67,3,89,86,41,31,-1,-1,-1
68,3,89,86,41,31,-1,-1,-1
69,3,88,86,42,31,-1,-1,-1
70,3,88,86,42,31,-1,-1,-1
71,3,87,86,43,32,-1,-1,-1
72,3,86,86,43,32,-1,-1,-1
73,3,86,86,43,32,-1,-1,-1
74,3,85,86,44,32,-1,-1,-1
75,3,85,86,44,32,-1,-1,-1
76,3,84,86,44,32,-1,-1,-1
77,3,84,86,45,33,-1,-1,-1
78,3,83,86,45,33,-1,-1,-1
79,3,83,86,46,33,-1,-1,-1
80,3,82,86,46,33,-1,-1,-1
80,6,141,78,36,29,-1,-1,-1
81,3,82,86,46,33,-1,-1,-1
81,6,138,78,36,31,-1,-1,-1
82,3,81,86,47,34,-1,-1,-1
82,6,135,78,35,32,-1,-1,-1
82,7,365,56,30,29,-1,-1,-1
83,3,80,86,47,34,-1,-1,-1
83,6,133,78,35,33,-1,-1,-1
83,7,364,56,30,29,-1,-1,-1
84,3,80,86,47,34,-1,-1,-1
84,6,132,79,35,33,-1,-1,-1
84,7,364,56,30,29,-1,-1,-1
85,3,79,86,48,34,-1,-1,-1
85,7,363,56,30,30,-1,-1,-1
86,3,79,86,48,34,-1,-1,-1
86,7,361,56,31,32,-1,-1,-1
87,3,78,86,49,35,-1,-1,-1
87,7,360,57,32,33,-1,-1,-1
88,3,78,86,49,35,-1,-1,-1
88,7,358,58,32,33,-1,-1,-1
89,3,77,86,49,35,-1,-1,-1
89,7,356,59,33,32,-1,-1,-1
90,3,77,86,50,35,-1,-1,-1
90,7,354,60,32,31,-1,-1,-1
91,3,75,86,50,36,-1,-1,-1
91,7,351,60,32,31,-1,-1,-1
92,3,71,87,51,36,-1,-1,-1
92,7,349,60,32,31,-1,-1,-1
93,3,66,87,52,38,-1,-1,-1
93,7,348,61,32,31,-1,-1,-1
94,3,60,87,53,39,-1,-1,-1
94,7,346,62,32,30,-1,-1,-1
95,3,54,86,53,41,-1,-1,-1
95,7,343,62,33,30,-1,-1,-1
96,3,48,86,52,43,-1,-1,-1
96,7,341,63,34,31,-1,-1,-1
97,3,45,86,52,44,-1,-1,-1
97,7,339,63,34,33,-1,-1,-1
98,3,43,86,52,44,-1,-1,-1
98,7,337,64,34,34,-1,-1,-1
99,7,335,65,35,35,-1,-1,-1
100,7,333,65,35,35,-1,-1,-1
101,7,330,65,35,36,-1,-1,-1
102,7,328,66,35,36,-1,-1,-1
103,7,325,67,35,36,-1,-1,-1
103,8,398,46,26,25,-1,-1,-1
104,7,323,68,35,35,-1,-1,-1
104,8,397,47,26,24,-1,-1,-1
105,7,321,68,35,36,-1,-1,-1
105,8,397,47,25,24,-1,-1,-1
106,7,318,69,35,36,-1,-1,-1
106,8,396,48,25,23,-1,-1,-1
107,7,317,69,35,36,-1,-1,-1
107,8,395,48,24,23,-1,-1,-1
108,7,315,70,35,36,-1,-1,-1
108,8,394,49,23,22,-1,-1,-1
109,8,393,49,22,21,-1,-1,-1
110,8,392,49,22,21,-1,-1,-1
111,8,390,49,23,22,-1,-1,-1
112,8,389,49,23,22,-1,-1,-1
112,9,417,45,18,20,-1,-1,-1
113,8,388,49,23,22,-1,-1,-1
113,9,416,45,18,20,-1,-1,-1
114,8,387,50,23,23,-1,-1,-1
114,9,415,45,18,20,-1,-1,-1
115,8,385,50,23,23,-1,-1,-1
115,9,415,46,18,21,-1,-1,-1
116,8,384,50,23,23,-1,-1,-1
116,9,414,46,18,20,-1,-1,-1
117,8,382,50,23,24,-1,-1,-1
117,9,413,46,18,20,-1,-1,-1
118,8,381,51,23,23,-1,-1,-1
118,9,412,46,19,20,-1,-1,-1
119,8,379,51,23,23,-1,-1,-1
119,9,411,47,19,20,-1,-1,-1
120,8,377,52,23,23,-1,-1,-1
120,9,410,47,19,20,-1,-1,-1
121,8,374,53,24,24,-1,-1,-1
121,9,409,47,19,20,-1,-1,-1
122,8,372,54,25,24,-1,-1,-1
122,9,407,47,20,20,-1,-1,-1
123,8,370,56,25,25,-1,-1,-1
123,9,406,47,20,21,-1,-1,-1
124,8,368,56,26,26,-1,-1,-1
124,9,405,47,20,21,-1,-1,-1
125,8,366,57,26,27,-1,-1,-1
125,9,403,47,21,21,-1,-1,-1
126,8,364,58,27,28,-1,-1,-1
126,9,402,48,21,22,-1,-1,-1
127,8,362,58,27,28,-1,-1,-1
127,9,400,48,22,22,-1,-1,-1
128,8,360,58,28,28,-1,-1,-1
128,9,399,48,22,22,-1,-1,-1
129,8,358,58,29,29,-1,-1,-1
129,9,398,48,22,23,-1,-1,-1
130,8,356,59,29,29,-1,-1,-1
130,9,396,48,23,23,-1,-1,-1
131,8,353,59,29,29,-1,-1,-1
131,9,395,49,23,23,-1,-1,-1
132,8,351,61,29,28,-1,-1,-1
132,9,394,49,23,23,-1,-1,-1
133,8,349,62,29,28,-1,-1,-1
133,9,393,49,23,23,-1,-1,-1
134,8,346,62,29,28,-1,-1,-1
134,9,392,49,22,23,-1,-1,-1
135,8,344,63,29,28,-1,-1,-1
135,9,390,50,22,24,-1,-1,-1
136,8,341,63,29,28,-1,-1,-1
136,9,389,50,22,23,-1,-1,-1
137,8,339,63,29,28,-1,-1,-1
137,9,387,52,23,23,-1,-1,-1
138,8,337,64,29,28,-1,-1,-1
138,9,385,53,24,23,-1,-1,-1
139,8,337,64,29,28,-1,-1,-1
139,9,382,54,25,23,-1,-1,-1
140,9,381,55,25,23,-1,-1,-1
141,9,379,55,25,23,-1,-1,-1
141,10,384,266,51,45,-1,-1,-1
142,9,377,56,25,24,-1,-1,-1
142,10,390,256,49,43,-1,-1,-1
143,9,375,56,24,24,-1,-1,-1
143,10,394,248,47,41,-1,-1,-1
144,9,374,56,25,25,-1,-1,-1
144,10,399,238,44,39,-1,-1,-1
145,9,372,56,25,26,-1,-1,-1
145,10,406,228,41,37,-1,-1,-1
146,9,370,57,26,26,-1,-1,-1
146,10,412,218,38,37,-1,-1,-1
147,9,368,57,27,27,-1,-1,-1
147,10,418,208,37,36,-1,-1,-1
148,9,366,57,27,27,-1,-1,-1
148,10,422,199,36,35,-1,-1,-1
148,11,447,89,35,27,-1,-1,-1
149,9,363,58,27,28,-1,-1,-1
149,10,425,195,36,34,-1,-1,-1
149,11,447,89,35,26,-1,-1,-1
150,9,361,58,28,28,-1,-1,-1
150,10,426,192,36,33,-1,-1,-1
150,11,447,89,35,26,-1,-1,-1
151,9,358,59,28,29,-1,-1,-1
152,9,355,59,29,29,-1,-1,-1
153,9,353,60,29,29,-1,-1,-1
154,9,351,61,29,28,-1,-1,-1
155,9,349,62,28,28,-1,-1,-1
156,9,348,62,28,28,-1,-1,-1
157,9,348,62,28,27,-1,-1,-1
238,13,404,206,46,31,-1,-1,-1
239,13,409,201,43,29,-1,-1,-1
240,12,387,57,28,26,-1,-1,-1
240,13,412,196,41,29,-1,-1,-1
241,12,385,57,28,26,-1,-1,-1
241,13,417,190,38,28,-1,-1,-1
242,12,383,58,28,25,-1,-1,-1
242,13,421,183,38,29,-1,-1,-1
243,12,382,58,28,25,-1,-1,-1
243,13,425,177,37,28,-1,-1,-1
244,12,380,58,29,25,-1,-1,-1
244,13,429,170,35,28,-1,-1,-1
245,12,378,58,29,25,-1,-1,-1
245,13,431,167,35,28,-1,-1,-1
246,12,375,59,31,25,-1,-1,-1
246,13,433,165,34,28,-1,-1,-1
247,12,373,59,31,25,-1,-1,-1
248,12,371,60,31,26,-1,-1,-1
249,12,369,60,31,26,-1,-1,-1
250,12,366,61,31,26,-1,-1,-1
250,16,427,41,24,25,-1,-1,-1
251,12,365,62,31,27,-1,-1,-1
251,16,427,41,23,25,-1,-1,-1
252,12,363,62,30,26,-1,-1,-1
252,16,427,41,23,24,-1,-1,-1
253,12,361,63,30,27,-1,-1,-1
253,16,426,42,23,24,-1,-1,-1
254,12,360,63,30,26,-1,-1,-1
254,16,426,43,23,24,-1,-1,-1
255,12,359,64,30,27,-1,-1,-1
255,16,425,43,23,24,-1,-1,-1
256,16,425,44,22,24,-1,-1,-1
257,16,424,44,22,23,-1,-1,-1
258,16,423,45,22,23,-1,-1,-1
259,14,376,39,23,23,-1,-1,-1
259,16,422,45,22,23,-1,-1,-1
260,14,375,40,23,23,-1,-1,-1
260,16,420,45,23,23,-1,-1,-1
261,14,374,40,23,24,-1,-1,-1
261,16,419,46,23,23,-1,-1,-1
262,14,373,41,23,24,-1,-1,-1
262,16,417,46,24,24,-1,-1,-1
263,14,371,42,23,24,-1,-1,-1
263,16,415,46,24,24,-1,-1,-1
264,14,369,42,23,24,-1,-1,-1
264,16,414,46,25,24,-1,-1,-1
265,14,368,43,24,24,-1,-1,-1
265,16,413,46,25,24,-1,-1,-1
266,14,366,43,25,24,-1,-1,-1
266,16,412,46,26,24,-1,-1,-1
267,14,364,44,25,23,-1,-1,-1
267,16,411,46,26,24,-1,-1,-1
268,14,362,44,25,23,-1,-1,-1
268,16,410,46,26,23,-1,-1,-1
269,14,360,45,25,22,-1,-1,-1
269,16,410,47,25,23,-1,-1,-1
270,14,358,45,25,22,-1,-1,-1
270,16,409,47,24,23,-1,-1,-1
271,14,356,44,25,22,-1,-1,-1
271,16,408,47,24,22,-1,-1,-1
272,14,354,44,25,22,-1,-1,-1
272,16,407,47,23,22,-1,-1,-1
273,14,352,44,26,22,-1,-1,-1
273,16,406,47,23,22,-1,-1,-1
274,14,349,44,26,22,-1,-1,-1
274,15,437,31,20,19,-1,-1,-1
274,16,404,47,24,22,-1,-1,-1
275,14,348,44,27,22,-1,-1,-1
275,15,437,31,20,19,-1,-1,-1
275,16,402,48,25,22,-1,-1,-1
276,14,347,44,27,22,-1,-1,-1
276,15,436,31,20,19,-1,-1,-1
276,16,400,49,26,23,-1,-1,-1
277,15,436,31,20,20,-1,-1,-1
277,16,399,49,27,23,-1,-1,-1
278,15,435,31,20,20,-1,-1,-1
278,16,397,50,28,23,-1,-1,-1
279,15,434,31,21,21,-1,-1,-1
279,16,396,50,28,24,-1,-1,-1
280,15,433,31,21,21,-1,-1,-1
280,16,395,50,28,25,-1,-1,-1
281,15,432,31,22,22,-1,-1,-1
281,16,394,50,28,25,-1,-1,-1
282,15,431,31,22,22,-1,-1,-1
282,16,393,50,28,25,-1,-1,-1
283,15,430,31,22,23,-1,-1,-1
283,16,392,50,28,25,-1,-1,-1
284,15,429,32,23,23,-1,-1,-1
284,16,391,51,28,25,-1,-1,-1
285,15,428,32,23,23,-1,-1,-1
285,16,390,51,28,26,-1,-1,-1
286,15,427,32,24,23,-1,-1,-1
286,16,388,52,28,26,-1,-1,-1
287,15,426,32,24,23,-1,-1,-1
287,16,387,52,29,26,-1,-1,-1
288,15,426,32,24,23,-1,-1,-1
288,16,386,53,29,26,-1,-1,-1
289,15,425,32,23,23,-1,-1,-1
289,16,384,53,29,26,-1,-1,-1
290,15,424,33,23,22,-1,-1,-1
290,16,383,54,30,26,-1,-1,-1
291,15,424,33,23,21,-1,-1,-1
291,16,381,54,30,26,-1,-1,-1
292,15,423,34,23,20,-1,-1,-1
292,16,380,55,30,26,-1,-1,-1
293,15,422,34,23,20,-1,-1,-1
293,16,378,55,31,26,-1,-1,-1
294,15,421,35,23,19,-1,-1,-1
294,16,377,56,31,26,-1,-1,-1
295,15,421,35,23,18,-1,-1,-1
295,16,376,57,31,27,-1,-1,-1
296,15,419,35,23,18,-1,-1,-1
296,16,374,57,32,27,-1,-1,-1
297,15,418,35,23,18,-1,-1,-1
297,16,373,58,32,27,-1,-1,-1
298,15,416,34,24,19,-1,-1,-1
298,16,371,58,32,27,-1,-1,-1
299,15,415,34,24,20,-1,-1,-1
299,16,370,59,33,27,-1,-1,-1
300,15,414,34,25,20,-1,-1,-1
300,16,368,59,33,27,-1,-1,-1
301,15,412,34,25,21,-1,-1,-1
301,16,367,60,33,27,-1,-1,-1
302,15,411,34,25,21,-1,-1,-1
302,16,365,60,34,27,-1,-1,-1
303,15,411,34,25,20,-1,-1,-1
303,16,364,61,34,28,-1,-1,-1
304,15,411,35,24,20,-1,-1,-1
304,16,363,61,34,28,-1,-1,-1
305,15,411,35,25,20,-1,-1,-1
305,16,362,61,34,29,-1,-1,-1
306,15,410,35,25,20,-1,-1,-1
306,16,360,61,33,29,-1,-1,-1
307,15,409,35,25,20,-1,-1,-1
307,16,359,61,32,30,-1,-1,-1
307,17,440,148,43,39,-1,-1,-1
308,15,407,34,25,21,-1,-1,-1
308,16,359,62,32,30,-1,-1,-1
308,17,443,143,40,39,-1,-1,-1
309,15,406,34,27,21,-1,-1,-1
309,16,358,62,32,30,-1,-1,-1
309,17,444,139,40,38,-1,-1,-1
310,15,404,34,28,21,-1,-1,-1
310,17,447,135,39,38,-1,-1,-1
311,15,403,34,29,21,-1,-1,-1
311,17,450,132,39,37,-1,-1,-1
312,15,401,34,30,22,-1,-1,-1
312,17,453,129,36,36,-1,-1,-1
312,18,344,69,34,27,-1,-1,-1
313,15,400,34,30,22,-1,-1,-1
313,17,455,126,36,36,-1,-1,-1
313,18,342,70,33,27,-1,-1,-1
314,15,398,34,30,22,-1,-1,-1
314,17,456,124,35,37,-1,-1,-1
314,18,340,71,32,27,-1,-1,-1
315,15,397,34,30,22,-1,-1,-1
315,17,456,123,35,37,-1,-1,-1
315,18,338,73,31,27,-1,-1,-1
316,15,395,35,30,22,-1,-1,-1
316,18,336,74,30,27,-1,-1,-1
317,15,394,35,30,22,-1,-1,-1
317,18,334,75,30,27,-1,-1,-1
318,15,393,35,30,23,-1,-1,-1
318,18,333,75,30,27,-1,-1,-1
319,15,391,35,30,23,-1,-1,-1
320,15,390,35,30,23,-1,-1,-1
321,15,388,36,30,23,-1,-1,-1
322,15,387,36,30,23,-1,-1,-1
322,19,209,66,32,22,-1,-1,-1
323,15,386,36,30,23,-1,-1,-1
323,19,206,67,31,22,-1,-1,-1
324,15,384,36,30,23,-1,-1,-1
324,19,204,67,31,23,-1,-1,-1
325,15,383,36,30,24,-1,-1,-1
325,19,200,67,30,24,-1,-1,-1
326,15,381,37,30,24,-1,-1,-1
326,19,197,68,30,25,-1,-1,-1
327,15,380,37,30,24,-1,-1,-1
327,19,193,69,30,25,-1,-1,-1
328,15,379,37,30,24,-1,-1,-1
328,19,189,70,30,25,-1,-1,-1
329,15,377,37,30,24,-1,-1,-1
329,19,185,71,30,25,-1,-1,-1
330,15,376,37,30,24,-1,-1,-1
330,19,181,71,31,25,-1,-1,-1
331,15,374,38,30,24,-1,-1,-1
331,19,176,72,32,25,-1,-1,-1
332,15,373,38,30,25,-1,-1,-1
332,19,171,73,33,26,-1,-1,-1
333,15,371,38,30,25,-1,-1,-1
333,19,167,74,34,26,-1,-1,-1
334,15,370,38,30,25,-1,-1,-1
334,19,162,74,34,26,-1,-1,-1
335,15,369,38,30,25,-1,-1,-1
335,19,158,75,34,26,-1,-1,-1
336,15,367,39,30,25,-1,-1,-1
336,19,153,76,35,26,-1,-1,-1
337,15,366,39,30,25,-1,-1,-1
337,19,148,76,37,27,-1,-1,-1
338,15,364,39,30,25,-1,-1,-1
338,19,143,77,38,28,-1,-1,-1
339,15,363,39,30,26,-1,-1,-1
339,19,139,78,39,29,-1,-1,-1
340,15,362,39,30,26,-1,-1,-1
340,19,134,78,40,30,-1,-1,-1
341,15,360,40,30,26,-1,-1,-1
341,19,130,79,42,31,-1,-1,-1
342,15,359,40,30,26,-1,-1,-1
342,19,125,80,43,32,-1,-1,-1
343,15,357,40,30,26,-1,-1,-1
343,19,121,80,44,33,-1,-1,-1
344,15,355,40,30,26,-1,-1,-1
344,19,115,81,45,34,-1,-1,-1
345,15,353,41,30,26,-1,-1,-1
345,19,110,82,45,34,-1,-1,-1
346,15,351,41,30,26,-1,-1,-1
346,19,105,83,46,34,-1,-1,-1
347,15,349,41,29,26,-1,-1,-1
347,19,100,83,47,35,-1,-1,-1
348,15,348,42,30,26,-1,-1,-1
348,19,94,84,47,35,-1,-1,-1
349,15,347,42,30,26,-1,-1,-1
349,19,89,84,48,36,-1,-1,-1
350,15,345,43,30,26,-1,-1,-1
350,19,83,85,49,36,-1,-1,-1
351,15,344,43,31,26,-1,-1,-1
351,19,77,85,49,37,-1,-1,-1
352,15,342,43,31,26,-1,-1,-1
352,19,71,86,50,37,-1,-1,-1
353,15,340,44,31,27,-1,-1,-1
353,19,65,86,51,38,-1,-1,-1
354,15,338,44,31,27,-1,-1,-1
354,19,59,86,51,39,-1,-1,-1
355,15,335,45,31,27,-1,-1,-1
355,19,54,86,51,39,-1,-1,-1
356,15,333,45,31,27,-1,-1,-1
356,19,49,86,51,40,-1,-1,-1
357,15,331,46,31,27,-1,-1,-1
357,19,46,86,51,41,-1,-1,-1
358,15,330,46,31,27,-1,-1,-1
358,19,44,86,51,42,-1,-1,-1
359,15,328,46,31,27,-1,-1,-1
360,15,326,47,31,28,-1,-1,-1
361,15,324,47,31,28,-1,-1,-1
362,15,321,47,31,28,-1,-1,-1
363,15,319,48,31,28,-1,-1,-1
364,15,316,48,31,29,-1,-1,-1
365,15,314,48,31,29,-1,-1,-1
366,15,311,49,31,29,-1,-1,-1
367,15,309,49,31,30,-1,-1,-1
368,15,306,49,31,30,-1,-1,-1
369,15,304,50,31,30,-1,-1,-1
370,15,301,50,31,31,-1,-1,-1
371,15,298,51,32,31,-1,-1,-1
372,15,296,51,32,31,-1,-1,-1
373,15,293,51,32,32,-1,-1,-1
374,15,291,52,32,32,-1,-1,-1
375,15,288,52,32,32,-1,-1,-1
376,15,286,52,32,33,-1,-1,-1
377,15,283,53,32,33,-1,-1,-1
378,15,281,53,32,33,-1,-1,-1
379,15,278,53,32,34,-1,-1,-1
380,15,276,54,32,34,-1,-1,-1
381,15,273,55,33,33,-1,-1,-1
382,15,271,56,33,31,-1,-1,-1
383,15,268,58,33,29,-1,-1,-1
384,15,265,59,32,28,-1,-1,-1
385,15,262,59,32,28,-1,-1,-1
386,15,259,60,32,27,-1,-1,-1
387,15,255,61,32,27,-1,-1,-1
388,15,251,61,32,27,-1,-1,-1
389,15,247,62,32,27,-1,-1,-1
390,15,243,63,32,27,-1,-1,-1
390,20,365,42,27,26,-1,-1,-1
391,15,239,63,32,28,-1,-1,-1
391,20,364,43,27,26,-1,-1,-1
392,15,235,64,32,28,-1,-1,-1
392,20,363,43,28,26,-1,-1,-1
393,15,231,65,33,28,-1,-1,-1
393,20,360,44,29,26,-1,-1,-1
394,15,227,65,33,28,-1,-1,-1
394,20,358,44,29,26,-1,-1,-1
395,15,223,66,33,28,-1,-1,-1
395,20,355,44,30,26,-1,-1,-1
396,15,219,67,33,28,-1,-1,-1
396,20,352,44,30,26,-1,-1,-1
397,15,215,67,33,28,-1,-1,-1
397,20,349,44,30,25,-1,-1,-1
398,15,211,68,33,29,-1,-1,-1
398,20,347,44,31,25,-1,-1,-1
399,15,207,69,33,29,-1,-1,-1
399,20,345,45,31,25,-1,-1,-1
400,15,203,69,34,29,-1,-1,-1
400,20,343,45,31,24,-1,-1,-1
401,15,199,70,34,29,-1,-1,-1
401,20,341,45,31,24,-1,-1,-1
402,15,195,71,34,29,-1,-1,-1
402,20,338,46,31,24,-1,-1,-1
403,15,191,71,34,29,-1,-1,-1
403,20,335,46,32,24,-1,-1,-1
404,15,187,72,34,30,-1,-1,-1
404,20,332,46,32,25,-1,-1,-1
405,15,183,72,34,30,-1,-1,-1
405,20,329,46,32,25,-1,-1,-1
406,15,179,73,34,30,-1,-1,-1
406,20,326,47,32,26,-1,-1,-1
407,15,175,74,34,30,-1,-1,-1
407,20,322,47,32,27,-1,-1,-1
408,15,171,74,35,30,-1,-1,-1
408,20,319,47,32,27,-1,-1,-1
409,15,167,75,35,30,-1,-1,-1
409,20,315,48,32,28,-1,-1,-1
410,15,163,76,35,31,-1,-1,-1
410,20,312,48,32,28,-1,-1,-1
411,15,159,76,35,31,-1,-1,-1
411,20,308,48,32,29,-1,-1,-1
412,15,155,77,35,31,-1,-1,-1
412,20,305,49,32,30,-1,-1,-1
413,15,151,78,35,31,-1,-1,-1
413,20,302,49,32,30,-1,-1,-1
414,15,147,78,35,31,-1,-1,-1
414,20,298,49,32,31,-1,-1,-1
415,15,143,79,36,31,-1,-1,-1
415,20,295,49,32,31,-1,-1,-1
416,15,139,80,36,32,-1,-1,-1
416,20,291,50,32,32,-1,-1,-1
417,15,135,80,36,32,-1,-1,-1
417,20,288,50,32,33,-1,-1,-1
418,15,131,81,36,32,-1,-1,-1
418,20,284,50,32,33,-1,-1,-1
419,15,127,82,36,32,-1,-1,-1
419,20,281,51,32,34,-1,-1,-1
420,15,123,82,36,32,-1,-1,-1
420,20,277,51,32,34,-1,-1,-1
421,15,119,83,37,32,-1,-1,-1
421,20,274,52,33,33,-1,-1,-1
422,15,114,84,37,32,-1,-1,-1
422,20,271,54,33,31,-1,-1,-1
423,15,110,85,37,32,-1,-1,-1
423,20,268,56,33,29,-1,-1,-1
423,21,361,59,33,29,-1,-1,-1
424,15,107,85,37,32,-1,-1,-1
424,20,265,57,33,28,-1,-1,-1
424,21,358,59,34,28,-1,-1,-1
425,15,106,85,37,32,-1,-1,-1
425,20,261,58,33,27,-1,-1,-1
425,21,357,60,33,28,-1,-1,-1
426,20,257,58,33,27,-1,-1,-1
426,21,354,60,32,28,-1,-1,-1
427,20,253,59,33,27,-1,-1,-1
427,21,351,60,31,28,-1,-1,-1
428,20,249,60,33,27,-1,-1,-1
428,21,350,61,31,29,-1,-1,-1
429,20,245,61,33,27,-1,-1,-1
429,21,349,61,31,29,-1,-1,-1
430,20,240,62,33,27,-1,-1,-1
431,20,236,63,33,27,-1,-1,-1
432,20,232,63,33,27,-1,-1,-1
433,20,227,64,33,27,-1,-1,-1
434,20,223,65,33,27,-1,-1,-1
435,20,218,66,33,28,-1,-1,-1
436,20,214,67,33,28,-1,-1,-1
437,20,209,68,33,28,-1,-1,-1
438,20,205,68,33,28,-1,-1,-1
439,20,201,69,33,28,-1,-1,-1
440,20,196,70,33,28,-1,-1,-1
441,20,192,71,33,28,-1,-1,-1
442,20,187,72,33,28,-1,-1,-1
443,20,183,73,33,28,-1,-1,-1
444,20,179,73,33,27,-1,-1,-1
445,20,174,74,33,27,-1,-1,-1
446,20,170,75,33,27,-1,-1,-1
447,20,165,76,33,27,-1,-1,-1
448,20,159,77,34,27,-1,-1,-1
449,20,154,77,34,28,-1,-1,-1
450,20,148,77,35,29,-1,-1,-1
451,20,142,78,35,31,-1,-1,-1
452,20,135,79,36,31,-1,-1,-1
453,20,128,80,36,32,-1,-1,-1
454,20,122,81,37,33,-1,-1,-1
455,20,117,82,37,33,-1,-1,-1
456,20,113,82,37,33,-1,-1,-1
457,20,108,84,37,32,-1,-1,-1
458,20,103,85,37,31,-1,-1,-1
459,20,98,86,37,32,-1,-1,-1
460,20,91,86,37,33,-1,-1,-1
461,20,83,87,39,33,-1,-1,-1
462,20,77,87,39,33,-1,-1,-1
463,20,69,88,41,33,-1,-1,-1
463,22,396,13,24,19,-1,-1,-1
464,20,64,89,40,33,-1,-1,-1
464,22,396,13,25,19,-1,-1,-1
465,20,58,90,40,33,-1,-1,-1
465,22,395,13,25,19,-1,-1,-1
466,20,52,91,38,34,-1,-1,-1
466,22,395,13,25,19,-1,-1,-1
467,20,46,92,37,34,-1,-1,-1
468,20,37,94,39,35,-1,-1,-1
469,20,29,95,41,35,-1,-1,-1
470,20,20,96,44,37,-1,-1,-1
471,20,17,96,45,39,-1,-1,-1
472,20,15,97,45,40,-1,-1,-1
491,23,421,215,38,23,-1,-1,-1
492,23,421,215,38,23,-1,-1,-1
493,23,421,215,38,23,-1,-1,-1
494,23,421,215,38,23,-1,-1,-1
495,23,421,215,38,23,-1,-1,-1
496,23,421,215,38,23,-1,-1,-1
497,23,421,215,38,23,-1,-1,-1
498,23,421,215,38,23,-1,-1,-1
499,23,421,215,38,23,-1,-1,-1
500,23,421,215,38,23,-1,-1,-1
501,23,421,215,38,23,-1,-1,-1
502,23,421,215,38,23,-1,-1,-1
503,23,421,215,38,23,-1,-1,-1
504,23,421,215,38,23,-1,-1,-1
505,23,421,215,38,23,-1,-1,-1
506,23,421,215,38,23,-1,-1,-1
507,23,421,215,38,23,-1,-1,-1
508,23,421,215,38,23,-1,-1,-1
509,23,421,215,38,23,-1,-1,-1
510,24,401,153,32,25,-1,-1,-1
511,24,404,149,31,25,-1,-1,-1
512,24,407,147,31,24,-1,-1,-1
513,24,411,142,30,24,-1,-1,-1
514,24,414,139,30,24,-1,-1,-1
515,24,418,135,30,23,-1,-1,-1
516,24,421,131,31,23,-1,-1,-1
517,24,424,128,31,23,-1,-1,-1
518,24,428,124,32,23,-1,-1,-1
518,26,335,73,31,26,-1,-1,-1
519,24,431,120,32,23,-1,-1,-1
519,26,332,74,31,26,-1,-1,-1
520,24,434,116,33,23,-1,-1,-1
520,26,330,74,31,26,-1,-1,-1
521,24,437,113,33,23,-1,-1,-1
521,26,328,75,31,26,-1,-1,-1
522,24,440,109,32,23,-1,-1,-1
522,25,449,149,41,38,-1,-1,-1
522,26,324,75,32,26,-1,-1,-1
523,24,441,108,32,22,-1,-1,-1
523,25,450,148,39,37,-1,-1,-1
523,26,321,76,32,26,-1,-1,-1
524,24,441,107,32,22,-1,-1,-1
524,25,451,147,39,37,-1,-1,-1
524,26,318,78,33,26,-1,-1,-1
525,26,314,79,33,27,-1,-1,-1
526,26,310,80,34,29,-1,-1,-1
527,26,306,81,35,31,-1,-1,-1
528,26,302,82,36,32,-1,-1,-1
529,26,298,84,35,32,-1,-1,-1
530,26,296,84,36,32,-1,-1,-1
531,26,295,85,36,32,-1,-1,-1
532,28,368,45,21,18,-1,-1,-1
533,28,367,45,21,18,-1,-1,-1
534,28,366,45,21,18,-1,-1,-1
535,28,365,45,21,18,-1,-1,-1
536,28,363,45,21,18,-1,-1,-1
537,28,361,45,21,19,-1,-1,-1
538,28,359,45,21,19,-1,-1,-1
539,28,357,45,21,20,-1,-1,-1
540,28,356,46,21,20,-1,-1,-1
541,28,354,46,21,20,-1,-1,-1
542,28,353,47,21,20,-1,-1,-1
543,28,352,47,20,20,-1,-1,-1
544,28,351,48,20,20,-1,-1,-1
545,28,349,48,20,20,-1,-1,-1
546,28,348,48,21,20,-1,-1,-1
547,28,346,48,21,19,-1,-1,-1
547,29,186,116,41,34,-1,-1,-1
547,30,442,33,24,19,-1,-1,-1
548,28,345,48,22,19,-1,-1,-1
548,29,184,116,39,34,-1,-1,-1
548,30,442,33,24,19,-1,-1,-1
549,28,344,48,21,19,-1,-1,-1
549,29,184,116,39,34,-1,-1,-1
549,30,442,33,24,19,-1,-1,-1
550,28,344,48,21,19,-1,-1,-1
550,29,184,116,38,34,-1,-1,-1
550,30,442,33,24,19,-1,-1,-1
551,28,344,48,21,19,-1,-1,-1
551,29,184,116,38,34,-1,-1,-1
551,30,442,33,24,19,-1,-1,-1
552,28,344,48,21,19,-1,-1,-1
552,29,184,116,38,34,-1,-1,-1
552,30,442,33,24,19,-1,-1,-1
553,28,344,48,21,19,-1,-1,-1
553,29,184,116,38,34,-1,-1,-1
553,30,442,33,24,19,-1,-1,-1
554,28,344,48,21,19,-1,-1,-1
554,29,184,116,38,34,-1,-1,-1
554,30,442,33,24,19,-1,-1,-1
555,28,344,48,21,19,-1,-1,-1
555,29,184,116,38,34,-1,-1,-1
555,30,442,33,24,19,-1,-1,-1
556,28,344,48,21,19,-1,-1,-1
556,29,184,116,38,34,-1,-1,-1
556,30,442,33,24,19,-1,-1,-1
557,28,344,48,21,19,-1,-1,-1
557,29,184,116,38,34,-1,-1,-1
557,30,442,33,24,19,-1,-1,-1
558,28,344,48,21,19,-1,-1,-1
558,29,184,116,38,34,-1,-1,-1
558,30,442,33,24,19,-1,-1,-1
559,28,344,48,21,19,-1,-1,-1
559,29,184,116,38,34,-1,-1,-1
559,30,442,33,24,19,-1,-1,-1
560,28,344,48,21,19,-1,-1,-1
560,29,184,116,38,34,-1,-1,-1
560,30,442,33,24,19,-1,-1,-1
561,28,344,48,21,19,-1,-1,-1
561,29,184,116,38,34,-1,-1,-1
561,30,442,33,24,19,-1,-1,-1
562,28,344,48,21,19,-1,-1,-1
562,29,184,116,38,34,-1,-1,-1
562,30,442,33,24,19,-1,-1,-1
563,28,344,48,21,19,-1,-1,-1
563,29,184,116,38,34,-1,-1,-1
563,30,442,33,24,19,-1,-1,-1
564,28,344,48,21,19,-1,-1,-1
564,29,184,116,38,34,-1,-1,-1
564,30,442,33,24,19,-1,-1,-1
565,28,344,48,21,19,-1,-1,-1
565,29,184,116,38,34,-1,-1,-1
565,30,442,33,24,19,-1,-1,-1
566,28,344,48,21,19,-1,-1,-1
566,29,184,116,38,34,-1,-1,-1
566,30,442,33,24,19,-1,-1,-1
568,31,257,64,25,23,-1,-1,-1
569,31,255,64,25,22,-1,-1,-1
570,31,253,64,25,22,-1,-1,-1
571,27,206,72,28,22,-1,-1,-1
571,31,251,64,26,22,-1,-1,-1
572,27,203,72,28,22,-1,-1,-1
572,31,249,64,26,22,-1,-1,-1
573,27,201,72,28,22,-1,-1,-1
573,31,246,64,27,23,-1,-1,-1
574,27,197,73,28,22,-1,-1,-1
574,31,244,64,27,23,-1,-1,-1
575,27,193,73,29,23,-1,-1,-1
575,31,242,65,27,23,-1,-1,-1
576,27,189,73,29,24,-1,-1,-1
576,31,239,65,28,23,-1,-1,-1
577,27,187,74,30,24,-1,-1,-1
577,31,237,65,28,23,-1,-1,-1
578,27,186,74,30,24,-1,-1,-1
578,31,235,66,28,23,-1,-1,-1
579,31,232,66,28,24,-1,-1,-1
580,31,230,66,29,24,-1,-1,-1
581,31,228,67,29,24,-1,-1,-1
582,31,226,67,29,24,-1,-1,-1
583,31,223,67,29,24,-1,-1,-1
584,31,221,68,30,24,-1,-1,-1
585,31,219,68,30,25,-1,-1,-1
586,31,216,68,30,25,-1,-1,-1
587,31,214,69,30,25,-1,-1,-1
588,31,212,69,31,25,-1,-1,-1
589,31,209,69,31,25,-1,-1,-1
590,31,207,70,31,25,-1,-1,-1
591,31,205,70,32,26,-1,-1,-1
592,31,203,70,32,26,-1,-1,-1
593,31,200,71,32,26,-1,-1,-1
594,31,198,71,32,26,-1,-1,-1
595,31,196,71,33,26,-1,-1,-1
596,31,193,72,33,26,-1,-1,-1
597,31,191,72,33,27,-1,-1,-1
598,31,189,72,33,27,-1,-1,-1
599,31,186,73,34,27,-1,-1,-1
600,31,184,73,34,27,-1,-1,-1
601,31,182,73,34,27,-1,-1,-1
602,31,179,74,35,26,-1,-1,-1
603,31,176,75,35,26,-1,-1,-1
604,31,173,75,35,26,-1,-1,-1
605,31,168,76,35,26,-1,-1,-1
606,31,163,77,35,26,-1,-1,-1
607,31,158,77,35,27,-1,-1,-1
608,31,152,78,35,28,-1,-1,-1
609,31,147,79,35,29,-1,-1,-1
610,31,142,79,36,29,-1,-1,-1
611,31,136,80,36,30,-1,-1,-1
612,31,131,81,36,31,-1,-1,-1
613,31,125,81,36,32,-1,-1,-1
614,31,120,82,36,32,-1,-1,-1
615,31,116,83,37,32,-1,-1,-1
616,31,111,84,37,32,-1,-1,-1
617,31,106,85,38,33,-1,-1,-1
618,31,101,85,41,33,-1,-1,-1
619,31,95,86,43,33,-1,-1,-1
620,31,88,87,45,33,-1,-1,-1
621,31,81,88,46,33,-1,-1,-1
622,31,78,88,47,33,-1,-1,-1
623,31,77,89,47,33,-1,-1,-1
628,34,369,47,23,27,-1,-1,-1
629,34,368,47,24,28,-1,-1,-1
630,34,367,47,24,27,-1,-1,-1
631,34,366,48,24,27,-1,-1,-1
632,34,364,48,24,27,-1,-1,-1
633,34,362,48,24,27,-1,-1,-1
634,34,360,48,24,26,-1,-1,-1
635,34,359,48,24,25,-1,-1,-1
636,34,357,48,23,24,-1,-1,-1
637,34,355,48,24,24,-1,-1,-1
638,34,353,47,24,23,-1,-1,-1
639,34,352,47,24,23,-1,-1,-1
640,34,350,48,24,23,-1,-1,-1
641,34,348,48,24,22,-1,-1,-1
642,34,346,48,23,22,-1,-1,-1
643,34,344,48,23,22,-1,-1,-1
644,34,342,48,23,22,-1,-1,-1
645,34,340,48,24,23,-1,-1,-1
646,34,339,48,24,23,-1,-1,-1
647,34,337,48,24,23,-1,-1,-1
648,34,336,48,24,23,-1,-1,-1
649,34,334,49,24,23,-1,-1,-1
650,34,332,49,23,23,-1,-1,-1
651,32,463,112,36,37,-1,-1,-1
651,34,330,49,22,23,-1,-1,-1
652,32,463,109,37,38,-1,-1,-1
652,34,328,50,22,22,-1,-1,-1
653,32,465,106,37,39,-1,-1,-1
653,34,325,50,22,21,-1,-1,-1
654,32,466,104,37,38,-1,-1,-1
654,34,324,50,21,21,-1,-1,-1
655,32,468,103,37,37,-1,-1,-1
655,34,321,51,21,20,-1,-1,-1
656,32,470,101,37,36,-1,-1,-1
656,34,320,52,21,20,-1,-1,-1
657,32,472,100,36,35,-1,-1,-1
657,34,318,52,21,20,-1,-1,-1
658,32,473,99,36,34,-1,-1,-1
658,34,315,53,21,20,-1,-1,-1
659,32,473,98,36,34,-1,-1,-1
659,34,312,55,21,20,-1,-1,-1
660,32,474,97,36,34,-1,-1,-1
660,34,308,56,21,20,-1,-1,-1
661,34,305,56,21,20,-1,-1,-1
662,34,301,56,22,20,-1,-1,-1
663,34,298,57,22,20,-1,-1,-1
664,34,294,57,23,20,-1,-1,-1
665,34,291,57,24,20,-1,-1,-1
666,34,288,58,24,20,-1,-1,-1
667,34,285,58,25,21,-1,-1,-1
668,34,281,58,25,22,-1,-1,-1
669,33,224,96,36,27,-1,-1,-1
669,34,278,59,26,22,-1,-1,-1
670,33,222,96,36,27,-1,-1,-1
670,34,275,59,27,23,-1,-1,-1
670,35,425,45,20,22,-1,-1,-1
671,33,221,96,36,27,-1,-1,-1
671,34,272,60,27,22,-1,-1,-1
671,35,424,45,20,22,-1,-1,-1
672,34,269,60,27,22,-1,-1,-1
672,35,423,45,20,22,-1,-1,-1
673,34,266,61,27,22,-1,-1,-1
673,35,423,45,20,22,-1,-1,-1
674,34,263,61,28,23,-1,-1,-1
674,35,422,45,20,22,-1,-1,-1
675,34,259,61,30,23,-1,-1,-1
675,35,421,46,20,22,-1,-1,-1
676,34,256,62,31,23,-1,-1,-1
676,35,419,46,20,22,-1,-1,-1
677,34,252,63,31,23,-1,-1,-1
677,35,418,46,21,22,-1,-1,-1
678,34,248,63,32,23,-1,-1,-1
678,35,417,47,21,22,-1,-1,-1
679,34,245,63,33,23,-1,-1,-1
679,35,415,47,21,22,-1,-1,-1
680,34,242,64,33,23,-1,-1,-1
680,35,414,47,22,22,-1,-1,-1
681,34,239,65,33,23,-1,-1,-1
681,35,412,48,22,22,-1,-1,-1
682,34,235,65,33,23,-1,-1,-1
682,35,411,48,22,22,-1,-1,-1
683,34,232,66,33,23,-1,-1,-1
683,35,409,48,23,22,-1,-1,-1
684,34,228,66,33,23,-1,-1,-1
684,35,408,48,23,22,-1,-1,-1
685,34,224,67,33,24,-1,-1,-1
685,35,407,49,23,22,-1,-1,-1
686,34,220,67,33,24,-1,-1,-1
686,35,405,49,24,22,-1,-1,-1
687,34,217,68,33,24,-1,-1,-1
687,35,404,49,24,22,-1,-1,-1
688,34,213,68,33,24,-1,-1,-1
688,35,402,50,24,22,-1,-1,-1
689,34,209,69,33,25,-1,-1,-1
689,35,401,50,25,22,-1,-1,-1
690,34,205,70,33,25,-1,-1,-1
690,35,399,50,25,22,-1,-1,-1
691,34,201,70,33,25,-1,-1,-1
691,35,398,51,25,22,-1,-1,-1
692,34,198,71,33,25,-1,-1,-1
692,35,396,51,26,22,-1,-1,-1
693,34,194,71,33,26,-1,-1,-1
693,35,395,51,26,22,-1,-1,-1
694,34,190,72,33,26,-1,-1,-1
694,35,394,51,26,22,-1,-1,-1
695,34,186,72,33,26,-1,-1,-1
695,35,394,51,25,22,-1,-1,-1
696,34,183,73,33,26,-1,-1,-1
696,35,393,51,25,22,-1,-1,-1
697,34,181,73,33,26,-1,-1,-1
697,35,393,51,25,22,-1,-1,-1
698,34,179,74,33,25,-1,-1,-1
698,35,393,51,25,22,-1,-1,-1
699,34,179,74,33,24,-1,-1,-1
700,34,178,74,32,24,-1,-1,-1
734,36,257,60,29,21,-1,-1,-1
735,36,255,60,29,21,-1,-1,-1
736,36,253,60,29,21,-1,-1,-1
737,36,251,60,30,21,-1,-1,-1
738,36,248,60,30,22,-1,-1,-1
739,36,244,61,30,22,-1,-1,-1
740,36,241,62,31,22,-1,-1,-1
741,36,238,63,32,23,-1,-1,-1
742,36,235,63,33,23,-1,-1,-1
743,36,232,64,33,23,-1,-1,-1
744,36,229,65,33,24,-1,-1,-1
745,36,226,65,33,24,-1,-1,-1
746,36,222,66,33,24,-1,-1,-1
747,36,219,66,33,24,-1,-1,-1
748,36,216,67,32,24,-1,-1,-1
749,36,213,67,32,24,-1,-1,-1
750,36,209,68,32,24,-1,-1,-1
751,36,206,68,32,24,-1,-1,-1
752,36,203,69,31,25,-1,-1,-1
753,36,199,69,31,24,-1,-1,-1
754,36,195,70,31,24,-1,-1,-1
755,36,192,70,31,24,-1,-1,-1
756,36,188,70,32,25,-1,-1,-1
757,36,184,71,33,25,-1,-1,-1
757,37,425,34,27,23,-1,-1,-1
758,36,182,72,33,26,-1,-1,-1
758,37,425,34,27,23,-1,-1,-1
759,36,181,72,33,25,-1,-1,-1
759,37,424,34,28,23,-1,-1,-1
760,37,424,34,28,23,-1,-1,-1
761,37,423,34,28,23,-1,-1,-1
762,37,422,34,28,22,-1,-1,-1
763,37,422,34,28,22,-1,-1,-1
764,37,421,34,27,21,-1,-1,-1
765,37,421,35,26,20,-1,-1,-1
766,37,421,36,25,20,-1,-1,-1
767,37,420,36,25,19,-1,-1,-1
768,37,420,36,24,19,-1,-1,-1
769,37,419,36,24,19,-1,-1,-1
770,37,418,36,24,19,-1,-1,-1
771,37,416,36,25,19,-1,-1,-1
772,37,415,36,25,19,-1,-1,-1
773,37,414,36,26,19,-1,-1,-1
774,37,413,36,26,19,-1,-1,-1
775,37,412,36,26,19,-1,-1,-1
776,37,410,36,26,19,-1,-1,-1
777,37,409,36,26,19,-1,-1,-1
778,37,408,36,26,19,-1,-1,-1
779,37,407,36,26,19,-1,-1,-1
780,37,406,36,26,19,-1,-1,-1
781,37,405,36,26,19,-1,-1,-1
782,37,403,36,26,20,-1,-1,-1
783,37,402,36,26,20,-1,-1,-1
784,37,401,36,26,20,-1,-1,-1
785,37,400,36,26,20,-1,-1,-1
786,37,399,36,26,20,-1,-1,-1
787,37,398,36,26,21,-1,-1,-1
788,37,397,36,26,21,-1,-1,-1
789,37,397,36,26,21,-1,-1,-1
818,38,346,43,33,28,-1,-1,-1
819,38,344,43,34,27,-1,-1,-1
820,38,343,43,34,27,-1,-1,-1
821,38,342,43,34,28,-1,-1,-1
822,38,341,43,34,29,-1,-1,-1
823,38,340,43,34,29,-1,-1,-1
824,38,339,43,34,30,-1,-1,-1
889,39,460,124,28,29,-1,-1,-1
890,39,461,122,28,29,-1,-1,-1
891,39,461,120,28,29,-1,-1,-1
892,39,463,117,28,29,-1,-1,-1
893,39,464,114,28,28,-1,-1,-1
894,39,465,112,28,27,-1,-1,-1
895,39,466,110,28,27,-1,-1,-1
896,39,467,108,28,27,-1,-1,-1
897,39,469,106,29,27,-1,-1,-1
898,39,470,103,28,26,-1,-1,-1
899,39,471,101,28,25,-1,-1,-1
900,39,472,100,28,24,-1,-1,-1
901,39,472,99,29,24,-1,-1,-1
901,40,417,50,20,16,-1,-1,-1
902,40,417,50,20,16,-1,-1,-1
903,40,416,50,20,16,-1,-1,-1
904,40,415,50,20,16,-1,-1,-1
905,40,414,50,21,16,-1,-1,-1
906,40,413,50,21,16,-1,-1,-1
907,40,412,50,21,16,-1,-1,-1
908,40,411,50,20,16,-1,-1,-1
909,40,410,50,20,17,-1,-1,-1
910,40,409,50,20,17,-1,-1,-1
911,40,408,50,19,17,-1,-1,-1
912,40,408,50,19,17,-1,-1,-1
913,40,407,51,18,17,-1,-1,-1
914,40,406,51,18,17,-1,-1,-1
915,40,404,51,19,18,-1,-1,-1
916,40,403,52,19,18,-1,-1,-1
917,40,401,52,20,18,-1,-1,-1
918,40,399,52,21,19,-1,-1,-1
919,40,397,52,21,19,-1,-1,-1
920,40,396,53,22,20,-1,-1,-1
921,40,394,54,22,19,-1,-1,-1
922,40,393,55,23,19,-1,-1,-1
923,40,390,56,24,19,-1,-1,-1
924,40,389,57,25,19,-1,-1,-1
925,40,388,57,25,20,-1,-1,-1
926,40,387,58,24,21,-1,-1,-1
927,40,386,59,24,22,-1,-1,-1
928,40,384,59,24,23,-1,-1,-1
929,40,383,60,24,23,-1,-1,-1
930,40,381,60,24,23,-1,-1,-1
931,40,379,61,24,23,-1,-1,-1
932,40,378,61,24,22,-1,-1,-1
932,41,342,49,23,19,-1,-1,-1
933,40,376,61,24,22,-1,-1,-1
933,41,341,49,23,19,-1,-1,-1
934,40,374,61,25,22,-1,-1,-1
934,41,339,49,23,19,-1,-1,-1
935,40,372,61,25,23,-1,-1,-1
935,41,338,49,23,20,-1,-1,-1
936,40,369,61,26,23,-1,-1,-1
936,41,335,49,23,20,-1,-1,-1
937,40,367,62,27,23,-1,-1,-1
937,41,333,50,23,19,-1,-1,-1
938,40,365,62,27,24,-1,-1,-1
938,41,330,50,23,19,-1,-1,-1
939,40,363,63,27,24,-1,-1,-1
939,41,328,50,23,19,-1,-1,-1
940,40,361,63,27,24,-1,-1,-1
940,41,325,50,23,19,-1,-1,-1
941,40,359,64,27,24,-1,-1,-1
941,41,323,50,23,19,-1,-1,-1
942,40,357,64,27,24,-1,-1,-1
942,41,321,50,23,19,-1,-1,-1
943,40,355,64,27,25,-1,-1,-1
943,41,318,51,23,19,-1,-1,-1
944,40,353,65,28,26,-1,-1,-1
944,41,315,51,23,19,-1,-1,-1
945,40,350,67,29,26,-1,-1,-1
945,41,312,52,23,19,-1,-1,-1
946,40,347,68,30,26,-1,-1,-1
946,41,310,52,23,20,-1,-1,-1
947,40,345,69,30,26,-1,-1,-1
947,41,307,53,23,20,-1,-1,-1
948,40,342,70,30,27,-1,-1,-1
948,41,304,53,24,20,-1,-1,-1
949,40,339,71,30,28,-1,-1,-1
949,41,300,53,25,20,-1,-1,-1
950,40,336,72,30,28,-1,-1,-1
950,41,297,54,25,20,-1,-1,-1
951,40,333,74,30,28,-1,-1,-1
951,41,294,54,26,20,-1,-1,-1
952,40,330,74,30,29,-1,-1,-1
952,41,290,55,27,20,-1,-1,-1
953,40,327,75,31,30,-1,-1,-1
953,41,286,56,27,20,-1,-1,-1
954,40,323,75,31,32,-1,-1,-1
954,41,283,56,28,21,-1,-1,-1
955,40,320,76,32,33,-1,-1,-1
955,41,279,57,28,21,-1,-1,-1
956,40,316,77,33,34,-1,-1,-1
956,41,276,58,29,21,-1,-1,-1
957,40,312,78,34,36,-1,-1,-1
957,41,273,58,28,20,-1,-1,-1
958,40,308,79,35,37,-1,-1,-1
958,41,270,59,28,20,-1,-1,-1
959,40,304,80,36,37,-1,-1,-1
959,41,267,60,28,20,-1,-1,-1
960,40,300,81,35,36,-1,-1,-1
960,41,263,60,28,20,-1,-1,-1
961,40,296,82,35,35,-1,-1,-1
961,41,259,61,28,20,-1,-1,-1
962,40,294,83,35,34,-1,-1,-1
962,41,256,62,28,20,-1,-1,-1
963,40,293,83,35,34,-1,-1,-1
963,41,253,62,28,19,-1,-1,-1
964,41,249,62,28,20,-1,-1,-1
965,41,245,63,28,20,-1,-1,-1
966,41,242,64,28,20,-1,-1,-1
967,41,238,64,27,20,-1,-1,-1
968,41,233,65,28,21,-1,-1,-1
969,41,228,65,28,21,-1,-1,-1
970,41,224,66,29,22,-1,-1,-1
971,41,219,66,30,23,-1,-1,-1
972,41,215,67,30,24,-1,-1,-1
973,41,211,68,30,24,-1,-1,-1
974,41,206,69,30,24,-1,-1,-1
975,41,202,70,31,24,-1,-1,-1
976,41,198,70,31,24,-1,-1,-1
977,41,194,71,32,24,-1,-1,-1
978,41,191,72,33,24,-1,-1,-1
979,41,186,73,33,24,-1,-1,-1
980,41,182,74,34,24,-1,-1,-1
981,41,178,74,34,24,-1,-1,-1
982,41,176,75,34,24,-1,-1,-1
983,41,175,75,34,25,-1,-1,-1
986,42,423,36,20,19,-1,-1,-1
987,42,422,36,20,19,-1,-1,-1
988,42,422,36,20,19,-1,-1,-1
989,42,422,36,19,19,-1,-1,-1
990,42,422,36,19,19,-1,-1,-1
1000,44,451,127,36,42,-1,-1,-1
1001,44,452,125,35,41,-1,-1,-1
1002,44,453,124,35,40,-1,-1,-1
1003,44,456,122,34,38,-1,-1,-1
1004,43,475,68,23,19,-1,-1,-1
1004,44,458,120,34,36,-1,-1,-1
1005,43,475,68,23,19,-1,-1,-1
1005,44,460,118,34,34,-1,-1,-1
1006,43,475,67,23,19,-1,-1,-1
1006,44,462,116,33,32,-1,-1,-1
1007,44,464,113,33,30,-1,-1,-1
1008,44,465,111,34,28,-1,-1,-1
1009,44,466,109,35,28,-1,-1,-1
1010,44,467,107,34,26,-1,-1,-1
1011,44,468,105,33,26,-1,-1,-1
1012,44,470,103,32,25,-1,-1,-1
1013,44,471,101,32,25,-1,-1,-1
1014,44,472,99,31,24,-1,-1,-1
1015,44,473,97,31,24,-1,-1,-1
1016,44,473,95,31,24,-1,-1,-1
1017,44,474,93,30,24,-1,-1,-1
1018,44,475,91,30,24,-1,-1,-1
1019,44,476,89,30,23,-1,-1,-1
1020,44,477,87,30,23,-1,-1,-1
1021,44,477,85,29,23,-1,-1,-1
1022,44,478,83,29,23,-1,-1,-1
1023,44,479,81,29,23,-1,-1,-1
1024,44,480,79,29,23,-1,-1,-1
1025,44,480,76,28,22,-1,-1,-1
1026,44,481,74,28,22,-1,-1,-1
1027,44,482,72,28,22,-1,-1,-1
1028,44,483,70,28,22,-1,-1,-1
1029,44,483,68,27,22,-1,-1,-1
1030,44,484,66,27,22,-1,-1,-1
1031,44,485,64,27,21,-1,-1,-1
1032,44,486,62,27,21,-1,-1,-1
1033,44,486,60,26,21,-1,-1,-1
1034,44,487,58,26,21,-1,-1,-1
1035,44,488,56,26,21,-1,-1,-1
1036,44,489,54,26,21,-1,-1,-1
1037,44,489,52,25,21,-1,-1,-1
1038,44,490,52,25,21,-1,-1,-1
1039,44,490,52,25,21,-1,-1,-1
1040,44,491,52,25,21,-1,-1,-1
1042,46,349,43,28,25,-1,-1,-1
1043,46,348,44,28,25,-1,-1,-1
1044,46,347,45,28,25,-1,-1,-1
1045,46,346,45,28,25,-1,-1,-1
1046,46,344,45,28,24,-1,-1,-1
1047,46,341,45,28,24,-1,-1,-1
1048,46,339,45,29,24,-1,-1,-1
1049,46,337,46,29,24,-1,-1,-1
1050,46,335,46,29,24,-1,-1,-1
1051,46,333,47,29,23,-1,-1,-1
1052,46,330,47,28,23,-1,-1,-1
1053,46,328,47,28,24,-1,-1,-1
1054,46,326,48,27,24,-1,-1,-1
1055,46,324,48,27,24,-1,-1,-1
1056,46,322,49,26,24,-1,-1,-1
1057,46,320,49,27,24,-1,-1,-1
1058,46,317,49,27,24,-1,-1,-1
1059,46,315,49,27,24,-1,-1,-1
1060,46,312,49,27,25,-1,-1,-1
1061,46,310,50,27,24,-1,-1,-1
1062,46,307,51,28,24,-1,-1,-1
1063,46,304,51,28,24,-1,-1,-1
1064,46,301,52,28,24,-1,-1,-1
1065,46,299,52,28,24,-1,-1,-1
1066,46,296,53,29,25,-1,-1,-1
1067,46,293,53,29,25,-1,-1,-1
1068,46,290,54,29,25,-1,-1,-1
1069,46,287,54,30,26,-1,-1,-1
1070,46,284,55,30,26,-1,-1,-1
1071,46,281,55,30,26,-1,-1,-1
1072,46,278,56,31,27,-1,-1,-1
1073,46,275,56,32,27,-1,-1,-1
1074,46,272,57,32,27,-1,-1,-1
1075,46,269,58,33,26,-1,-1,-1
1076,46,267,59,32,26,-1,-1,-1
1077,46,264,59,31,25,-1,-1,-1
1078,46,261,60,32,26,-1,-1,-1
1079,46,258,61,32,26,-1,-1,-1
1080,46,255,61,33,26,-1,-1,-1
1081,45,173,76,35,24,-1,-1,-1
1081,46,252,62,34,25,-1,-1,-1
1082,45,170,77,35,24,-1,-1,-1
1082,46,248,62,34,25,-1,-1,-1
1083,45,168,77,35,24,-1,-1,-1
1083,46,244,62,35,26,-1,-1,-1
1084,45,164,77,35,25,-1,-1,-1
1084,46,240,63,35,26,-1,-1,-1
1085,45,160,78,35,25,-1,-1,-1
1085,46,237,64,35,25,-1,-1,-1
1086,45,155,78,36,25,-1,-1,-1
1086,46,234,64,35,24,-1,-1,-1
1087,45,150,79,36,26,-1,-1,-1
1087,46,231,65,34,24,-1,-1,-1
1088,45,145,79,36,26,-1,-1,-1
1088,46,227,65,33,24,-1,-1,-1
1089,45,140,80,36,27,-1,-1,-1
1089,46,224,65,33,24,-1,-1,-1
1090,45,134,80,37,27,-1,-1,-1
1090,46,219,65,32,24,-1,-1,-1
1091,45,129,81,37,28,-1,-1,-1
1091,46,216,65,32,24,-1,-1,-1
1092,45,123,82,37,29,-1,-1,-1
1092,46,212,67,31,24,-1,-1,-1
1093,45,118,82,37,29,-1,-1,-1
1093,46,208,68,31,24,-1,-1,-1
1094,45,113,83,37,30,-1,-1,-1
1094,46,205,69,31,24,-1,-1,-1
1095,45,107,83,38,30,-1,-1,-1
1095,46,201,70,31,24,-1,-1,-1
1096,45,102,84,38,31,-1,-1,-1
1096,46,197,70,31,24,-1,-1,-1
1097,45,96,84,38,31,-1,-1,-1
1097,46,192,71,31,24,-1,-1,-1
1098,45,90,85,40,32,-1,-1,-1
1098,46,187,72,32,25,-1,-1,-1
1099,45,84,86,42,32,-1,-1,-1
1099,46,183,73,33,25,-1,-1,-1
1100,45,79,87,44,32,-1,-1,-1
1100,46,180,73,33,26,-1,-1,-1
1101,45,73,88,45,32,-1,-1,-1
1101,46,176,74,34,26,-1,-1,-1
1102,45,68,88,46,34,-1,-1,-1
1102,46,171,75,34,26,-1,-1,-1
1103,45,62,88,47,35,-1,-1,-1
1103,46,166,75,36,26,-1,-1,-1
1104,45,55,88,48,37,-1,-1,-1
1104,46,160,76,37,26,-1,-1,-1
1105,45,49,88,49,39,-1,-1,-1
1105,46,155,77,38,26,-1,-1,-1
1106,45,43,89,50,40,-1,-1,-1
1106,46,148,77,38,27,-1,-1,-1
1107,45,37,90,49,41,-1,-1,-1
1107,46,143,78,39,28,-1,-1,-1
1108,45,31,93,50,41,-1,-1,-1
1108,46,137,78,40,28,-1,-1,-1
1109,45,24,94,50,40,-1,-1,-1
1109,46,131,79,41,29,-1,-1,-1
1110,45,18,96,50,40,-1,-1,-1
1110,46,126,79,42,30,-1,-1,-1
1111,45,13,97,49,40,-1,-1,-1
1111,46,120,80,43,31,-1,-1,-1
1112,45,10,97,48,40,-1,-1,-1
1112,46,114,80,43,31,-1,-1,-1
1113,45,9,97,47,40,-1,-1,-1
1113,46,108,81,44,32,-1,-1,-1
1114,46,102,82,45,33,-1,-1,-1
1115,46,96,82,46,34,-1,-1,-1
1116,46,90,83,46,34,-1,-1,-1
1117,46,84,83,47,35,-1,-1,-1
1118,46,78,84,48,36,-1,-1,-1
1119,46,72,85,49,37,-1,-1,-1
1120,46,66,85,49,37,-1,-1,-1
1121,46,60,86,50,38,-1,-1,-1
1122,46,54,86,51,39,-1,-1,-1
1123,46,49,86,51,40,-1,-1,-1
1124,46,43,88,52,41,-1,-1,-1
1125,46,37,90,52,41,-1,-1,-1
1126,46,30,92,52,40,-1,-1,-1
1127,46,24,94,51,39,-1,-1,-1
1128,46,19,96,50,38,-1,-1,-1
1129,46,14,97,49,38,-1,-1,-1
1130,46,11,98,49,37,-1,-1,-1
1131,46,10,98,48,37,-1,-1,-1
1151,47,358,61,26,26,-1,-1,-1
1152,47,357,61,26,27,-1,-1,-1
1153,47,356,61,26,26,-1,-1,-1
1154,47,354,63,26,26,-1,-1,-1
1155,47,352,64,26,25,-1,-1,-1
1156,47,349,66,27,25,-1,-1,-1
1157,47,347,67,28,24,-1,-1,-1
1158,47,345,69,30,25,-1,-1,-1
1158,48,351,47,22,21,-1,-1,-1
1159,47,344,69,30,25,-1,-1,-1
1159,48,349,47,23,22,-1,-1,-1
1160,47,343,69,31,25,-1,-1,-1
1160,48,348,47,23,23,-1,-1,-1
1161,48,346,46,23,23,-1,-1,-1
1161,49,379,43,20,20,-1,-1,-1
1162,48,344,46,23,23,-1,-1,-1
1162,49,378,43,20,20,-1,-1,-1
1163,48,342,46,23,23,-1,-1,-1
1163,49,377,43,20,20,-1,-1,-1
1164,48,339,47,24,24,-1,-1,-1
1164,49,375,43,20,21,-1,-1,-1
1165,48,337,47,24,24,-1,-1,-1
1165,49,373,43,21,21,-1,-1,-1
1166,48,335,48,24,23,-1,-1,-1
1166,49,371,43,22,22,-1,-1,-1
1167,48,333,49,23,23,-1,-1,-1
1167,49,369,43,23,21,-1,-1,-1
1168,48,331,49,23,22,-1,-1,-1
1168,49,368,44,23,21,-1,-1,-1
1169,48,329,50,22,22,-1,-1,-1
1169,49,366,45,23,21,-1,-1,-1
1170,48,326,50,22,22,-1,-1,-1
1170,49,364,46,24,20,-1,-1,-1
1171,48,323,51,23,22,-1,-1,-1
1171,49,362,45,24,20,-1,-1,-1
1172,48,321,51,23,22,-1,-1,-1
1172,49,359,45,25,21,-1,-1,-1
1173,48,318,51,22,22,-1,-1,-1
1173,49,357,45,25,21,-1,-1,-1
1174,48,315,51,22,21,-1,-1,-1
1174,49,355,45,25,22,-1,-1,-1
1175,48,312,53,22,21,-1,-1,-1
1175,49,353,45,25,21,-1,-1,-1
1176,48,309,54,23,21,-1,-1,-1
1176,49,351,45,25,21,-1,-1,-1
1177,48,306,54,23,22,-1,-1,-1
1177,49,348,46,25,21,-1,-1,-1
1177,50,496,47,28,21,-1,-1,-1
1178,48,304,55,23,22,-1,-1,-1
1178,49,345,46,25,21,-1,-1,-1
1178,50,496,47,28,21,-1,-1,-1
1179,48,301,54,23,23,-1,-1,-1
1179,49,341,47,25,21,-1,-1,-1
1179,50,496,47,28,21,-1,-1,-1
1180,48,298,55,23,22,-1,-1,-1
1180,49,336,47,25,21,-1,-1,-1
1181,48,295,56,24,22,-1,-1,-1
1181,49,330,48,25,21,-1,-1,-1
1182,48,291,56,25,22,-1,-1,-1
1182,49,325,49,26,21,-1,-1,-1
1183,48,288,56,26,23,-1,-1,-1
1183,49,320,50,26,21,-1,-1,-1
1184,48,284,57,26,23,-1,-1,-1
1184,49,314,51,26,22,-1,-1,-1
1185,48,281,57,26,24,-1,-1,-1
1185,49,309,52,27,22,-1,-1,-1
1186,48,277,58,27,24,-1,-1,-1
1186,49,303,53,27,22,-1,-1,-1
1187,48,274,59,26,24,-1,-1,-1
1187,49,298,54,27,22,-1,-1,-1
1188,48,271,59,26,24,-1,-1,-1
1188,49,292,55,27,22,-1,-1,-1
1189,48,268,60,26,24,-1,-1,-1
1189,49,286,55,28,23,-1,-1,-1
1190,48,263,61,27,24,-1,-1,-1
1190,49,281,56,28,23,-1,-1,-1
1191,48,259,61,28,24,-1,-1,-1
1191,49,275,57,28,23,-1,-1,-1
1192,48,255,62,29,23,-1,-1,-1
1192,49,270,58,29,23,-1,-1,-1
1193,48,251,62,29,23,-1,-1,-1
1193,49,264,59,29,23,-1,-1,-1
1194,48,247,62,30,23,-1,-1,-1
1194,49,259,60,29,24,-1,-1,-1
1195,48,243,63,31,24,-1,-1,-1
1195,49,253,61,29,24,-1,-1,-1
1196,48,241,63,32,24,-1,-1,-1
1196,49,248,62,30,24,-1,-1,-1
1197,48,240,64,32,24,-1,-1,-1
1197,49,242,63,30,24,-1,-1,-1
1198,49,237,64,30,24,-1,-1,-1
1199,49,231,64,31,25,-1,-1,-1
1200,49,225,65,31,25,-1,-1,-1
1201,49,220,66,31,25,-1,-1,-1
1202,49,214,67,31,25,-1,-1,-1
1203,49,209,68,32,25,-1,-1,-1
1203,48,274,57,30,26,-1,-1,-1
1204,49,203,69,32,26,-1,-1,-1
1204,48,271,57,30,26,-1,-1,-1
1205,49,198,70,32,26,-1,-1,-1
1205,48,270,58,30,25,-1,-1,-1
1206,49,192,71,33,26,-1,-1,-1
1206,48,266,59,29,25,-1,-1,-1
1207,49,187,72,33,26,-1,-1,-1
1207,48,262,60,29,24,-1,-1,-1
1208,49,181,73,33,26,-1,-1,-1
1208,48,258,61,29,24,-1,-1,-1
1209,49,176,74,33,26,-1,-1,-1
1209,48,254,62,29,23,-1,-1,-1
1210,49,171,75,33,26,-1,-1,-1
1210,48,250,63,30,23,-1,-1,-1
1211,49,166,76,33,25,-1,-1,-1
1211,48,247,63,30,22,-1,-1,-1
1212,49,160,76,34,26,-1,-1,-1
1212,48,243,64,31,22,-1,-1,-1
1213,49,154,77,35,26,-1,-1,-1
1213,48,239,65,31,22,-1,-1,-1
1214,49,148,78,35,26,-1,-1,-1
1214,48,235,65,31,23,-1,-1,-1
1215,49,143,79,35,27,-1,-1,-1
1215,48,231,65,31,23,-1,-1,-1
1216,49,138,80,34,27,-1,-1,-1
1216,48,227,65,31,23,-1,-1,-1
1217,49,135,81,34,27,-1,-1,-1
1217,48,222,66,30,23,-1,-1,-1
1218,49,133,82,34,26,-1,-1,-1
1218,48,218,66,30,24,-1,-1,-1
1219,48,214,66,29,24,-1,-1,-1
1220,48,211,67,29,25,-1,-1,-1
1221,48,206,68,29,24,-1,-1,-1
1222,48,203,69,29,24,-1,-1,-1
1223,48,198,70,29,24,-1,-1,-1
1224,48,194,71,29,23,-1,-1,-1
1225,48,189,72,29,23,-1,-1,-1
1226,48,184,73,29,23,-1,-1,-1
1227,48,180,74,29,23,-1,-1,-1
1228,48,175,74,28,23,-1,-1,-1
1229,48,170,75,28,23,-1,-1,-1
1230,48,167,76,28,23,-1,-1,-1
1231,48,163,76,29,23,-1,-1,-1
1232,48,159,76,29,23,-1,-1,-1
1233,51,22,97,47,38,-1,-1,-1
1233,48,155,77,30,23,-1,-1,-1
1234,51,19,97,47,37,-1,-1,-1
1234,48,149,78,30,23,-1,-1,-1
1235,51,17,97,47,37,-1,-1,-1
1235,48,143,79,31,22,-1,-1,-1
1236,48,137,80,30,23,-1,-1,-1
1237,48,130,82,30,23,-1,-1,-1
1238,48,124,84,30,23,-1,-1,-1
1238,54,398,48,26,23,-1,-1,-1
1239,48,117,85,29,24,-1,-1,-1
1239,54,397,49,26,23,-1,-1,-1
1240,48,111,87,29,24,-1,-1,-1
1240,54,396,49,26,24,-1,-1,-1
1241,48,104,87,30,24,-1,-1,-1
1241,54,395,50,26,24,-1,-1,-1
1242,48,99,88,31,24,-1,-1,-1
1242,54,394,50,26,23,-1,-1,-1
1243,48,94,88,32,25,-1,-1,-1
1243,54,393,50,26,23,-1,-1,-1
1244,48,92,88,33,25,-1,-1,-1
1244,54,393,51,26,22,-1,-1,-1
1245,48,91,88,33,25,-1,-1,-1
1245,54,392,51,26,22,-1,-1,-1
1246,54,390,51,26,21,-1,-1,-1
1247,54,389,52,26,21,-1,-1,-1
1247,55,411,36,25,20,-1,-1,-1
1248,54,387,52,26,21,-1,-1,-1
1248,55,411,36,25,19,-1,-1,-1
1249,54,386,52,25,21,-1,-1,-1
1249,55,411,36,24,19,-1,-1,-1
1250,53,468,119,33,29,-1,-1,-1
1250,54,385,52,25,22,-1,-1,-1
1250,55,411,36,24,19,-1,-1,-1
1251,53,469,118,32,30,-1,-1,-1
1251,54,384,53,25,22,-1,-1,-1
1251,55,411,36,23,19,-1,-1,-1
1252,53,470,119,32,29,-1,-1,-1
1252,54,382,54,24,22,-1,-1,-1
1252,55,410,36,23,20,-1,-1,-1
1253,54,380,55,25,23,-1,-1,-1
1253,55,409,36,23,20,-1,-1,-1
1254,54,378,55,26,24,-1,-1,-1
1254,55,409,36,23,20,-1,-1,-1
1255,54,375,55,28,26,-1,-1,-1
1256,54,372,55,30,27,-1,-1,-1
1257,54,369,55,31,28,-1,-1,-1
1258,54,367,55,32,28,-1,-1,-1
1259,54,365,56,32,29,-1,-1,-1
1260,54,364,57,32,29,-1,-1,-1
1261,54,363,57,32,29,-1,-1,-1
1262,54,361,58,32,29,-1,-1,-1
1263,54,359,58,33,29,-1,-1,-1
1264,54,357,58,33,30,-1,-1,-1
1265,54,355,58,33,31,-1,-1,-1
1266,54,353,58,33,32,-1,-1,-1
1267,54,351,59,32,31,-1,-1,-1
1268,54,349,60,33,30,-1,-1,-1
1269,54,347,60,33,30,-1,-1,-1
1270,54,345,61,33,31,-1,-1,-1
1271,54,343,61,33,31,-1,-1,-1
1272,54,340,62,33,31,-1,-1,-1
1273,54,338,62,33,31,-1,-1,-1
1274,54,335,63,32,30,-1,-1,-1
1275,54,334,63,32,30,-1,-1,-1
1276,54,332,64,31,29,-1,-1,-1
1277,54,330,64,31,28,-1,-1,-1
1278,54,327,66,31,28,-1,-1,-1
1279,54,324,67,32,28,-1,-1,-1
1280,54,322,69,32,27,-1,-1,-1
1280,56,367,42,27,26,-1,-1,-1
1281,54,320,69,32,27,-1,-1,-1
1281,56,366,42,27,26,-1,-1,-1
1282,54,319,70,32,27,-1,-1,-1
1282,56,366,42,26,25,-1,-1,-1
1283,54,317,71,32,26,-1,-1,-1
1283,56,365,42,27,25,-1,-1,-1
1284,54,314,71,32,26,-1,-1,-1
1284,56,365,42,28,24,-1,-1,-1
1285,54,311,72,33,26,-1,-1,-1
1285,56,362,43,27,23,-1,-1,-1
1286,54,309,72,33,27,-1,-1,-1
1286,56,359,44,26,23,-1,-1,-1
1287,54,308,72,33,27,-1,-1,-1
1287,56,356,45,25,22,-1,-1,-1
1288,56,354,45,24,22,-1,-1,-1
1289,56,352,46,23,22,-1,-1,-1
1290,56,350,46,23,21,-1,-1,-1
1291,56,348,47,23,20,-1,-1,-1
1292,56,346,47,22,20,-1,-1,-1
1293,56,343,48,22,20,-1,-1,-1
1294,56,341,48,22,20,-1,-1,-1
1295,56,338,49,23,21,-1,-1,-1
1296,56,335,49,23,21,-1,-1,-1
1297,56,332,50,23,21,-1,-1,-1
1298,56,329,50,24,22,-1,-1,-1
1299,56,326,50,24,22,-1,-1,-1
1300,56,323,51,24,22,-1,-1,-1
1301,56,320,51,25,23,-1,-1,-1
1302,56,318,52,25,23,-1,-1,-1
1303,56,315,52,26,23,-1,-1,-1
1304,56,312,52,26,24,-1,-1,-1
1305,56,309,53,26,24,-1,-1,-1
1306,56,306,53,27,24,-1,-1,-1
1307,56,303,54,27,25,-1,-1,-1
1308,56,300,54,27,25,-1,-1,-1
1309,56,297,54,28,25,-1,-1,-1
1310,56,294,55,28,26,-1,-1,-1
1311,56,292,55,29,26,-1,-1,-1
1312,56,289,56,29,26,-1,-1,-1
1313,56,286,56,29,27,-1,-1,-1
1314,56,283,56,30,27,-1,-1,-1
1315,56,280,57,30,27,-1,-1,-1
1316,56,277,57,30,28,-1,-1,-1
1317,56,274,58,31,28,-1,-1,-1
1318,56,272,58,31,28,-1,-1,-1
1319,56,270,59,30,28,-1,-1,-1
1320,56,269,59,29,27,-1,-1,-1
1321,56,266,60,29,27,-1,-1,-1
1322,56,263,60,30,28,-1,-1,-1
1323,56,259,61,30,27,-1,-1,-1
1324,56,256,62,30,27,-1,-1,-1
1325,56,253,63,31,25,-1,-1,-1
1326,56,249,64,31,24,-1,-1,-1
1327,56,245,65,31,23,-1,-1,-1
1328,56,242,65,31,22,-1,-1,-1
1329,56,241,65,31,22,-1,-1,-1
1330,56,240,65,31,22,-1,-1,-1
1334,58,274,58,30,25,-1,-1,-1
1335,58,271,58,31,25,-1,-1,-1
1336,58,270,59,31,25,-1,-1,-1
1337,58,268,60,32,24,-1,-1,-1
1338,58,266,60,31,24,-1,-1,-1
1339,58,263,61,32,24,-1,-1,-1
1340,58,260,61,32,24,-1,-1,-1
1341,58,257,62,33,24,-1,-1,-1
1342,58,254,62,32,23,-1,-1,-1
1343,58,251,63,32,22,-1,-1,-1
1343,58,175,74,32,26,-1,-1,-1
1344,58,248,63,32,23,-1,-1,-1
1344,58,171,75,32,26,-1,-1,-1
1345,58,244,63,33,23,-1,-1,-1
1345,58,168,75,33,26,-1,-1,-1
1346,58,241,64,34,23,-1,-1,-1
1346,58,164,76,33,26,-1,-1,-1
1347,58,237,64,35,22,-1,-1,-1
1347,58,160,76,34,25,-1,-1,-1
1348,58,234,65,34,21,-1,-1,-1
1348,58,154,77,34,26,-1,-1,-1
1349,58,231,65,33,21,-1,-1,-1
1349,58,149,77,35,26,-1,-1,-1
1350,58,228,66,33,21,-1,-1,-1
1350,58,144,78,35,26,-1,-1,-1
1351,58,224,67,34,21,-1,-1,-1
1351,58,139,78,35,26,-1,-1,-1
1352,58,221,67,34,21,-1,-1,-1
1352,58,136,79,35,26,-1,-1,-1
1353,58,217,68,34,21,-1,-1,-1
1353,58,134,79,36,26,-1,-1,-1
1354,58,214,69,34,21,-1,-1,-1
1355,58,210,69,34,21,-1,-1,-1
1356,58,206,70,34,22,-1,-1,-1
1357,58,202,71,34,22,-1,-1,-1
1357,59,255,60,33,28,-1,-1,-1
1358,58,199,71,33,22,-1,-1,-1
1358,59,253,61,33,27,-1,-1,-1
1359,58,195,72,33,22,-1,-1,-1
1359,59,251,61,33,26,-1,-1,-1
1360,58,191,73,33,23,-1,-1,-1
1360,59,249,62,33,25,-1,-1,-1
1361,58,187,73,33,23,-1,-1,-1
1361,59,246,62,33,25,-1,-1,-1
1362,58,184,74,33,23,-1,-1,-1
1362,59,243,63,34,25,-1,-1,-1
1363,58,180,74,33,23,-1,-1,-1
1363,59,241,64,34,24,-1,-1,-1
1363,62,338,49,22,18,-1,-1,-1
1364,58,177,75,33,23,-1,-1,-1
1364,59,237,64,35,24,-1,-1,-1
1364,62,337,50,21,18,-1,-1,-1
1365,58,172,75,33,23,-1,-1,-1
1365,59,234,65,34,24,-1,-1,-1
1365,62,336,50,21,19,-1,-1,-1
1366,58,167,75,34,23,-1,-1,-1
1366,59,231,65,34,24,-1,-1,-1
1366,62,334,50,21,19,-1,-1,-1
1367,58,162,76,34,24,-1,-1,-1
1367,59,228,65,33,24,-1,-1,-1
1367,62,332,51,21,19,-1,-1,-1
1368,58,157,76,34,24,-1,-1,-1
1368,59,224,66,34,23,-1,-1,-1
1368,62,329,51,21,19,-1,-1,-1
1369,58,151,77,35,25,-1,-1,-1
1369,59,220,66,33,23,-1,-1,-1
1369,62,326,52,21,19,-1,-1,-1
1370,58,146,78,35,26,-1,-1,-1
1370,59,216,66,32,23,-1,-1,-1
1370,62,323,52,21,20,-1,-1,-1
1370,62,274,57,30,22,-1,-1,-1
1371,58,141,78,35,26,-1,-1,-1
1371,59,212,67,31,23,-1,-1,-1
1371,62,320,53,21,20,-1,-1,-1
1371,62,271,58,31,22,-1,-1,-1
1372,58,138,78,35,27,-1,-1,-1
1372,59,208,67,30,23,-1,-1,-1
1372,62,317,53,21,20,-1,-1,-1
1372,62,269,58,31,21,-1,-1,-1
1373,58,137,78,35,27,-1,-1,-1
1373,59,204,67,29,23,-1,-1,-1
1373,62,314,53,21,21,-1,-1,-1
1373,62,267,59,31,21,-1,-1,-1
1374,59,200,68,29,24,-1,-1,-1
1374,62,311,54,21,21,-1,-1,-1
1374,62,265,60,31,21,-1,-1,-1
1375,59,196,68,29,24,-1,-1,-1
1375,62,308,54,21,21,-1,-1,-1
1375,62,262,61,30,21,-1,-1,-1
1376,59,191,70,30,24,-1,-1,-1
1376,62,305,55,21,21,-1,-1,-1
1376,62,260,62,29,21,-1,-1,-1
1377,59,187,71,31,24,-1,-1,-1
1377,60,296,84,35,33,-1,-1,-1
1377,62,302,55,21,22,-1,-1,-1
1377,62,257,62,28,21,-1,-1,-1
1378,59,183,71,31,25,-1,-1,-1
1378,60,295,85,35,33,-1,-1,-1
1378,62,299,56,21,22,-1,-1,-1
1378,62,255,63,27,20,-1,-1,-1
1379,59,179,72,32,26,-1,-1,-1
1379,60,294,85,35,32,-1,-1,-1
1379,62,296,56,22,22,-1,-1,-1
1379,62,251,63,27,20,-1,-1,-1
1380,59,175,73,33,26,-1,-1,-1
1380,62,293,56,22,22,-1,-1,-1
1380,62,248,64,27,20,-1,-1,-1
1381,59,171,74,33,25,-1,-1,-1
1381,62,291,57,23,22,-1,-1,-1
1381,62,244,64,27,20,-1,-1,-1
1382,59,166,74,34,25,-1,-1,-1
1382,62,288,58,23,22,-1,-1,-1
1382,62,241,64,27,20,-1,-1,-1
1383,59,161,75,34,25,-1,-1,-1
1383,62,285,58,24,22,-1,-1,-1
1383,62,237,64,26,20,-1,-1,-1
1384,59,156,76,35,25,-1,-1,-1
1384,62,282,59,24,22,-1,-1,-1
1384,62,234,65,25,20,-1,-1,-1
1385,59,152,77,35,25,-1,-1,-1
1385,62,278,60,25,22,-1,-1,-1
1385,62,230,65,25,20,-1,-1,-1
1386,59,148,77,34,25,-1,-1,-1
1386,62,275,61,25,22,-1,-1,-1
1386,62,227,66,25,19,-1,-1,-1
1387,59,144,77,33,25,-1,-1,-1
1387,62,272,61,24,22,-1,-1,-1
1387,62,223,67,25,20,-1,-1,-1
1388,59,140,78,32,25,-1,-1,-1
1388,62,269,62,24,22,-1,-1,-1
1388,62,219,67,24,21,-1,-1,-1
1389,59,136,78,31,26,-1,-1,-1
1389,62,265,62,24,23,-1,-1,-1
1389,62,215,67,24,21,-1,-1,-1
1390,59,132,79,31,26,-1,-1,-1
1390,62,261,63,25,23,-1,-1,-1
1390,62,212,68,24,21,-1,-1,-1
1391,59,127,81,31,26,-1,-1,-1
1391,62,258,63,25,23,-1,-1,-1
1391,62,208,69,23,21,-1,-1,-1
1392,59,122,83,31,25,-1,-1,-1
1392,62,253,64,25,23,-1,-1,-1
1392,62,205,70,23,21,-1,-1,-1
1393,59,117,84,31,25,-1,-1,-1
1393,62,249,64,26,24,-1,-1,-1
1393,62,202,71,23,21,-1,-1,-1
1394,59,113,85,31,25,-1,-1,-1
1394,62,245,65,26,24,-1,-1,-1
1394,62,198,71,24,22,-1,-1,-1
1395,59,108,86,30,25,-1,-1,-1
1395,62,241,65,26,24,-1,-1,-1
1395,62,194,72,25,22,-1,-1,-1
1396,59,104,87,29,25,-1,-1,-1
1396,62,236,65,27,24,-1,-1,-1
1396,62,190,73,26,22,-1,-1,-1
1397,59,99,87,29,25,-1,-1,-1
1397,62,231,65,27,25,-1,-1,-1
1397,62,186,74,27,23,-1,-1,-1
1398,59,94,88,30,25,-1,-1,-1
1398,62,227,66,28,25,-1,-1,-1
1398,62,182,74,28,23,-1,-1,-1
1399,59,89,89,31,25,-1,-1,-1
1399,62,222,66,29,26,-1,-1,-1
1399,62,177,75,28,23,-1,-1,-1
1400,59,83,89,31,26,-1,-1,-1
1400,62,217,67,30,26,-1,-1,-1
1400,62,173,76,29,23,-1,-1,-1
1401,59,78,90,32,26,-1,-1,-1
1401,62,212,68,30,27,-1,-1,-1
1401,62,169,76,29,23,-1,-1,-1
1402,59,75,90,32,27,-1,-1,-1
1402,62,206,69,31,27,-1,-1,-1
1402,62,167,77,29,22,-1,-1,-1
1403,59,73,90,33,27,-1,-1,-1
1403,62,201,70,31,27,-1,-1,-1
1403,62,165,77,29,22,-1,-1,-1
1404,62,196,70,32,28,-1,-1,-1
1405,62,191,71,32,28,-1,-1,-1
1406,62,186,72,33,28,-1,-1,-1
1407,62,180,73,34,29,-1,-1,-1
1408,62,175,74,34,29,-1,-1,-1
1409,62,170,74,35,30,-1,-1,-1
1409,63,271,56,29,23,-1,-1,-1
1410,62,165,75,35,30,-1,-1,-1
1410,63,268,57,30,23,-1,-1,-1
1411,62,159,76,36,30,-1,-1,-1
1411,63,266,57,30,22,-1,-1,-1
1412,62,154,77,36,31,-1,-1,-1
1412,63,263,58,29,22,-1,-1,-1
1413,62,149,78,37,31,-1,-1,-1
1413,63,261,59,29,22,-1,-1,-1
1414,62,144,78,37,31,-1,-1,-1
1414,63,257,60,29,21,-1,-1,-1
1415,62,138,79,38,32,-1,-1,-1
1415,63,254,60,30,21,-1,-1,-1
1416,62,133,80,39,32,-1,-1,-1
1416,63,250,61,30,21,-1,-1,-1
1417,62,128,81,39,32,-1,-1,-1
1417,63,246,61,29,21,-1,-1,-1
1418,62,123,82,40,33,-1,-1,-1
1418,63,243,62,29,21,-1,-1,-1
1419,62,117,82,40,33,-1,-1,-1
1419,63,240,63,29,20,-1,-1,-1
1420,62,112,83,41,34,-1,-1,-1
1420,63,236,63,29,20,-1,-1,-1
1421,62,107,84,41,34,-1,-1,-1
1421,63,232,64,28,20,-1,-1,-1
1422,62,102,85,42,34,-1,-1,-1
1422,63,227,65,28,20,-1,-1,-1
1423,62,96,86,43,35,-1,-1,-1
1423,63,223,65,27,20,-1,-1,-1
1424,62,91,86,43,35,-1,-1,-1
1424,63,219,66,26,21,-1,-1,-1
1425,62,86,87,44,35,-1,-1,-1
1425,63,215,66,26,21,-1,-1,-1
1426,62,81,88,44,36,-1,-1,-1
1426,63,211,67,26,21,-1,-1,-1
1427,62,75,89,45,36,-1,-1,-1
1427,63,207,68,26,21,-1,-1,-1
1428,62,70,90,45,36,-1,-1,-1
1428,63,203,69,26,21,-1,-1,-1
1429,62,65,90,46,37,-1,-1,-1
1429,63,199,70,26,21,-1,-1,-1
1430,62,60,91,46,37,-1,-1,-1
1430,63,195,71,26,21,-1,-1,-1
1431,62,54,92,47,38,-1,-1,-1
1431,63,191,72,26,22,-1,-1,-1
1432,62,49,93,48,38,-1,-1,-1
1432,63,187,73,27,22,-1,-1,-1
1433,62,44,94,48,38,-1,-1,-1
1433,63,182,74,27,22,-1,-1,-1
1434,62,39,94,49,39,-1,-1,-1
1434,63,177,75,27,22,-1,-1,-1
1435,62,33,95,49,39,-1,-1,-1
1435,63,172,75,26,22,-1,-1,-1
1436,62,28,96,50,39,-1,-1,-1
1436,63,170,75,26,22,-1,-1,-1
1437,62,23,97,50,40,-1,-1,-1
1437,63,168,76,26,22,-1,-1,-1
1438,62,18,98,50,40,-1,-1,-1
1439,62,14,98,50,41,-1,-1,-1
1440,62,10,98,48,42,-1,-1,-1
1441,62,7,99,46,42,-1,-1,-1
1442,62,6,99,44,42,-1,-1,-1
1443,62,5,99,42,41,-1,-1,-1
1582,64,420,43,26,25,-1,-1,-1
1583,64,420,44,25,25,-1,-1,-1
1584,64,420,44,25,25,-1,-1,-1
1584,66,283,55,34,25,-1,-1,-1
1585,64,420,44,24,25,-1,-1,-1
1585,66,281,55,34,25,-1,-1,-1
1586,66,279,55,34,25,-1,-1,-1
1587,66,277,56,33,25,-1,-1,-1
1588,65,371,43,20,21,-1,-1,-1
1588,66,274,56,33,25,-1,-1,-1
1589,65,370,43,20,22,-1,-1,-1
1589,66,271,57,32,24,-1,-1,-1
1590,65,369,43,20,22,-1,-1,-1
1590,66,269,58,31,23,-1,-1,-1
1591,65,367,44,20,22,-1,-1,-1
1591,66,266,58,31,23,-1,-1,-1
1592,65,366,44,20,22,-1,-1,-1
1592,66,262,59,31,23,-1,-1,-1
1593,65,364,44,20,22,-1,-1,-1
1593,66,258,60,32,23,-1,-1,-1
1594,65,362,44,20,22,-1,-1,-1
1594,66,255,60,31,23,-1,-1,-1
1595,65,360,44,20,22,-1,-1,-1
1595,66,252,61,31,21,-1,-1,-1
1596,65,358,45,20,22,-1,-1,-1
1596,66,249,62,32,21,-1,-1,-1
1597,65,357,46,20,21,-1,-1,-1
1597,66,245,63,33,22,-1,-1,-1
1598,65,355,46,20,21,-1,-1,-1
1598,66,241,63,33,22,-1,-1,-1
1599,65,354,46,21,21,-1,-1,-1
1599,66,237,64,32,21,-1,-1,-1
1600,65,354,46,21,21,-1,-1,-1
1600,66,234,64,31,21,-1,-1,-1
1601,66,229,64,31,21,-1,-1,-1
1602,66,226,65,31,20,-1,-1,-1
1603,66,221,65,30,21,-1,-1,-1
1604,66,217,65,29,21,-1,-1,-1
1605,66,214,66,28,22,-1,-1,-1
1606,66,209,66,28,23,-1,-1,-1
1607,66,204,68,28,23,-1,-1,-1
1608,66,199,69,28,22,-1,-1,-1
1609,66,194,71,29,22,-1,-1,-1
1610,66,189,72,29,22,-1,-1,-1
1611,66,184,73,29,22,-1,-1,-1
1612,66,180,75,29,22,-1,-1,-1
1613,66,175,76,29,22,-1,-1,-1
1614,66,170,76,28,22,-1,-1,-1
1615,66,165,77,28,22,-1,-1,-1
1616,66,160,77,28,22,-1,-1,-1
1617,66,154,77,28,23,-1,-1,-1
1618,66,148,77,28,23,-1,-1,-1
1619,66,143,78,28,23,-1,-1,-1
1620,66,140,78,28,24,-1,-1,-1
1621,66,139,78,27,24,-1,-1,-1
1630,67,270,58,32,22,-1,-1,-1
1631,67,267,58,32,22,-1,-1,-1
1632,67,265,59,32,22,-1,-1,-1
1633,67,262,60,32,22,-1,-1,-1
1634,67,258,60,33,22,-1,-1,-1
1635,67,256,61,34,22,-1,-1,-1
1636,67,253,61,34,22,-1,-1,-1
1637,67,251,62,33,21,-1,-1,-1
1638,67,248,63,33,21,-1,-1,-1
1639,67,245,64,32,21,-1,-1,-1
1640,67,243,65,31,20,-1,-1,-1
1641,67,241,65,30,19,-1,-1,-1
1642,67,237,66,29,19,-1,-1,-1
1643,67,234,66,28,19,-1,-1,-1
1644,67,230,66,28,19,-1,-1,-1
1645,67,226,67,28,19,-1,-1,-1
1646,67,222,68,29,19,-1,-1,-1
1646,68,271,59,30,24,-1,-1,-1
1647,67,218,68,29,19,-1,-1,-1
1647,68,268,59,29,24,-1,-1,-1
1648,67,214,69,29,20,-1,-1,-1
1648,68,266,59,29,25,-1,-1,-1
1649,67,210,69,30,20,-1,-1,-1
1649,68,263,60,29,26,-1,-1,-1
1650,67,206,70,30,21,-1,-1,-1
1650,68,259,61,30,26,-1,-1,-1
1651,67,202,71,30,21,-1,-1,-1
1651,68,257,62,30,25,-1,-1,-1
1652,67,198,71,31,22,-1,-1,-1
1652,68,254,62,30,24,-1,-1,-1
1653,67,193,72,31,23,-1,-1,-1
1653,68,250,63,30,24,-1,-1,-1
1654,67,188,73,32,24,-1,-1,-1
1654,68,246,63,31,24,-1,-1,-1
1655,67,183,73,33,26,-1,-1,-1
1655,68,242,63,32,25,-1,-1,-1
1656,67,178,74,34,26,-1,-1,-1
1656,68,239,63,33,25,-1,-1,-1
1657,67,174,75,34,26,-1,-1,-1
1657,68,235,64,33,24,-1,-1,-1
1658,67,169,75,34,26,-1,-1,-1
1658,68,231,64,33,24,-1,-1,-1
1659,67,166,75,35,26,-1,-1,-1
1659,68,227,64,32,24,-1,-1,-1
1660,67,165,76,35,26,-1,-1,-1
1660,68,223,65,32,24,-1,-1,-1
1661,68,219,65,31,24,-1,-1,-1
1662,68,216,65,31,24,-1,-1,-1
1663,68,213,65,30,24,-1,-1,-1
1664,68,210,66,29,24,-1,-1,-1
1665,68,206,66,29,24,-1,-1,-1
1666,68,202,67,29,24,-1,-1,-1
1667,68,198,68,29,24,-1,-1,-1
1668,68,194,70,30,24,-1,-1,-1
1669,68,189,71,31,25,-1,-1,-1
1670,68,184,72,32,25,-1,-1,-1
1671,68,180,73,33,25,-1,-1,-1
1672,68,175,74,33,25,-1,-1,-1
1673,68,171,75,34,25,-1,-1,-1
1674,68,166,76,34,26,-1,-1,-1
1675,68,162,77,34,26,-1,-1,-1
1676,68,157,77,35,27,-1,-1,-1
1677,68,151,78,36,27,-1,-1,-1
1678,68,146,78,36,28,-1,-1,-1
1679,68,141,78,36,29,-1,-1,-1
1680,68,137,77,35,31,-1,-1,-1
1681,68,132,77,35,32,-1,-1,-1
1682,68,127,78,36,33,-1,-1,-1
1683,68,121,78,37,34,-1,-1,-1
1684,68,115,79,38,34,-1,-1,-1
1685,68,109,80,40,35,-1,-1,-1
1686,68,103,82,42,35,-1,-1,-1
1687,68,97,83,43,35,-1,-1,-1
1688,68,90,84,45,36,-1,-1,-1
1689,68,84,85,46,36,-1,-1,-1
1690,68,79,86,47,36,-1,-1,-1
1691,68,73,87,48,36,-1,-1,-1
1692,68,66,87,49,37,-1,-1,-1
1693,68,58,87,51,38,-1,-1,-1
1694,68,52,87,51,39,-1,-1,-1
1695,68,47,87,50,39,-1,-1,-1
1696,68,42,88,50,40,-1,-1,-1
1697,68,40,88,50,40,-1,-1,-1
1698,68,37,88,51,40,-1,-1,-1
1749,69,420,41,30,25,-1,-1,-1
1750,69,419,41,30,25,-1,-1,-1
1751,69,418,41,30,25,-1,-1,-1
1752,69,418,41,30,25,-1,-1,-1
1753,69,417,41,29,24,-1,-1,-1
1754,69,416,41,29,23,-1,-1,-1
1755,69,415,41,29,24,-1,-1,-1
1756,69,414,42,30,24,-1,-1,-1
1757,69,413,42,30,24,-1,-1,-1
1758,69,412,42,30,23,-1,-1,-1
1759,69,411,42,30,24,-1,-1,-1
1760,69,410,42,30,24,-1,-1,-1
1761,69,409,42,30,24,-1,-1,-1
1762,69,408,42,31,23,-1,-1,-1
1763,69,407,42,31,23,-1,-1,-1
1764,69,406,43,31,22,-1,-1,-1
1765,69,405,43,31,22,-1,-1,-1
1766,69,404,43,31,22,-1,-1,-1
1767,69,403,43,31,22,-1,-1,-1
1768,69,402,44,31,22,-1,-1,-1
1769,69,400,44,31,22,-1,-1,-1
1770,69,399,45,31,23,-1,-1,-1
1771,69,398,45,31,23,-1,-1,-1
1772,69,396,45,31,23,-1,-1,-1
1773,69,395,46,31,23,-1,-1,-1
1774,69,394,46,31,23,-1,-1,-1
1775,69,393,47,31,24,-1,-1,-1
1776,69,392,47,32,24,-1,-1,-1
1777,69,391,48,32,25,-1,-1,-1
1778,69,391,48,32,25,-1,-1,-1
1779,69,391,48,32,25,-1,-1,-1
1904,70,411,46,29,23,-1,-1,-1
1905,70,411,46,28,23,-1,-1,-1
1906,70,410,46,28,23,-1,-1,-1
1907,70,409,46,28,22,-1,-1,-1
1908,70,408,46,28,22,-1,-1,-1
1909,70,407,46,28,22,-1,-1,-1
1910,70,406,46,28,22,-1,-1,-1
1911,70,405,46,28,22,-1,-1,-1
1912,70,404,46,28,21,-1,-1,-1
1913,70,403,46,28,21,-1,-1,-1
1914,70,402,46,29,21,-1,-1,-1
1915,70,400,46,29,21,-1,-1,-1
1916,70,399,47,29,21,-1,-1,-1
1917,70,397,47,30,21,-1,-1,-1
1918,70,396,47,30,22,-1,-1,-1
1919,70,395,47,29,22,-1,-1,-1
1920,70,395,48,29,22,-1,-1,-1
1921,70,394,48,28,22,-1,-1,-1
1922,70,394,48,28,22,-1,-1,-1
1923,70,393,49,28,22,-1,-1,-1
1924,70,391,49,28,23,-1,-1,-1
1925,70,390,50,28,23,-1,-1,-1
1926,70,389,50,29,23,-1,-1,-1
1927,70,387,51,29,23,-1,-1,-1
1928,70,386,51,29,23,-1,-1,-1
1929,70,384,52,30,23,-1,-1,-1
1930,70,382,52,30,23,-1,-1,-1
1931,70,381,53,30,23,-1,-1,-1
1932,70,379,53,31,23,-1,-1,-1
1933,70,378,54,31,23,-1,-1,-1
1934,70,376,54,31,23,-1,-1,-1
1935,70,375,55,32,23,-1,-1,-1
1936,70,373,55,32,24,-1,-1,-1
1937,70,371,55,33,25,-1,-1,-1
1938,70,369,55,33,26,-1,-1,-1
1939,70,368,56,34,28,-1,-1,-1
1940,70,366,56,33,30,-1,-1,-1
1941,70,365,57,33,32,-1,-1,-1
1942,70,363,57,33,33,-1,-1,-1
1943,70,361,58,33,34,-1,-1,-1
1944,70,359,58,33,35,-1,-1,-1
1945,70,357,59,34,34,-1,-1,-1
1946,70,356,60,34,33,-1,-1,-1
1947,70,354,61,35,32,-1,-1,-1
1948,70,352,61,34,32,-1,-1,-1
1949,70,350,61,34,32,-1,-1,-1
1950,70,348,62,34,32,-1,-1,-1
1951,70,347,62,33,32,-1,-1,-1
1952,70,346,62,33,33,-1,-1,-1
1952,71,433,173,37,36,-1,-1,-1
1953,70,344,62,33,32,-1,-1,-1
1953,71,434,171,36,36,-1,-1,-1
1954,70,342,63,33,31,-1,-1,-1
1954,71,434,170,36,36,-1,-1,-1
1955,70,340,64,32,29,-1,-1,-1
1956,70,338,65,32,28,-1,-1,-1
1956,72,449,135,35,44,-1,-1,-1
1957,70,336,66,32,27,-1,-1,-1
1957,72,450,131,36,43,-1,-1,-1
1958,70,333,67,32,28,-1,-1,-1
1958,72,452,129,36,43,-1,-1,-1
1959,70,330,69,32,29,-1,-1,-1
1959,72,452,126,36,42,-1,-1,-1
1960,70,327,69,32,29,-1,-1,-1
1960,72,453,125,36,42,-1,-1,-1
1961,70,323,70,33,31,-1,-1,-1
1962,70,319,71,33,33,-1,-1,-1
1963,70,315,72,34,34,-1,-1,-1
1964,70,311,73,34,34,-1,-1,-1
1965,70,308,74,34,35,-1,-1,-1
1966,70,306,74,34,36,-1,-1,-1
1967,70,305,74,34,36,-1,-1,-1
1978,73,430,33,22,19,-1,-1,-1
1979,73,429,33,22,19,-1,-1,-1
1980,73,428,33,22,19,-1,-1,-1
1981,73,428,33,22,19,-1,-1,-1
1982,73,427,33,22,19,-1,-1,-1
1983,73,427,34,22,19,-1,-1,-1
1984,73,427,34,22,20,-1,-1,-1
1985,73,426,34,22,20,-1,-1,-1
1986,73,426,34,22,20,-1,-1,-1
1986,74,369,58,31,25,-1,-1,-1
1987,74,367,58,31,24,-1,-1,-1
1988,74,365,58,31,24,-1,-1,-1
1989,74,363,58,32,23,-1,-1,-1
1990,74,361,59,32,23,-1,-1,-1
1991,74,359,59,32,22,-1,-1,-1
1992,74,358,60,32,22,-1,-1,-1
1993,74,357,61,32,22,-1,-1,-1
1994,74,357,62,30,21,-1,-1,-1
1995,74,357,63,30,21,-1,-1,-1
1996,74,357,64,29,21,-1,-1,-1
1997,75,351,66,29,21,-1,-1,-1
1998,75,348,65,29,22,-1,-1,-1
1999,75,348,65,29,22,-1,-1,-1
2000,75,347,65,29,22,-1,-1,-1
2002,76,330,48,29,21,-1,-1,-1
2003,76,329,48,29,21,-1,-1,-1
2004,76,328,48,28,21,-1,-1,-1
2005,76,327,48,27,21,-1,-1,-1
2006,76,325,48,27,21,-1,-1,-1
2007,76,324,48,26,21,-1,-1,-1
2008,76,322,49,25,21,-1,-1,-1
2009,76,321,49,25,20,-1,-1,-1
2010,76,319,50,24,20,-1,-1,-1
2011,76,317,50,23,20,-1,-1,-1
2012,76,316,51,23,20,-1,-1,-1
2013,76,313,51,23,20,-1,-1,-1
2014,76,310,52,23,20,-1,-1,-1
2015,76,307,52,24,20,-1,-1,-1
2016,76,304,53,24,19,-1,-1,-1
2017,76,302,53,23,19,-1,-1,-1
2018,76,299,53,23,19,-1,-1,-1
2019,76,297,53,23,20,-1,-1,-1
2020,76,294,53,23,20,-1,-1,-1
2021,76,291,53,23,20,-1,-1,-1
2022,76,288,54,24,20,-1,-1,-1
2023,76,284,55,26,20,-1,-1,-1
2024,76,280,56,28,20,-1,-1,-1
2025,76,276,56,29,21,-1,-1,-1
2026,76,273,56,30,21,-1,-1,-1
2026,77,367,47,27,21,-1,-1,-1
2027,76,270,57,32,21,-1,-1,-1
2027,77,366,47,27,22,-1,-1,-1
2028,76,267,57,33,22,-1,-1,-1
2028,77,365,47,28,22,-1,-1,-1
2029,76,264,57,33,22,-1,-1,-1
2029,77,363,48,28,22,-1,-1,-1
2030,76,261,58,34,23,-1,-1,-1
2030,77,360,48,29,23,-1,-1,-1
2031,76,257,58,35,23,-1,-1,-1
2031,77,358,48,30,22,-1,-1,-1
2032,76,254,59,35,24,-1,-1,-1
2032,77,355,48,30,22,-1,-1,-1
2033,76,252,59,35,23,-1,-1,-1
2033,77,352,47,30,22,-1,-1,-1
2034,76,250,59,34,23,-1,-1,-1
2034,77,350,47,30,23,-1,-1,-1
2035,76,247,60,34,23,-1,-1,-1
2035,77,348,47,30,23,-1,-1,-1
2036,76,244,60,35,23,-1,-1,-1
2036,77,346,47,30,23,-1,-1,-1
2037,76,240,61,37,24,-1,-1,-1
2037,77,344,47,31,23,-1,-1,-1
2038,76,238,61,37,24,-1,-1,-1
2038,77,341,47,31,23,-1,-1,-1
2039,76,237,61,37,24,-1,-1,-1
2039,77,339,47,31,23,-1,-1,-1
2040,77,337,47,30,23,-1,-1,-1
2041,77,334,47,30,24,-1,-1,-1
2042,77,331,47,30,24,-1,-1,-1
2043,77,329,47,31,24,-1,-1,-1
2044,77,326,47,30,24,-1,-1,-1
2045,77,324,47,29,24,-1,-1,-1
2046,77,322,48,28,24,-1,-1,-1
2047,77,319,48,27,24,-1,-1,-1
2048,77,317,49,27,24,-1,-1,-1
2049,77,314,50,26,23,-1,-1,-1
2050,77,311,51,26,23,-1,-1,-1
2051,77,307,51,26,22,-1,-1,-1
2052,77,304,52,26,22,-1,-1,-1
2053,77,301,52,26,21,-1,-1,-1
2054,77,298,53,26,21,-1,-1,-1
2055,77,295,53,25,21,-1,-1,-1
2056,77,292,53,24,21,-1,-1,-1
2057,77,289,54,24,21,-1,-1,-1
2058,77,286,55,25,21,-1,-1,-1
2059,77,282,56,26,22,-1,-1,-1
2060,77,278,56,27,22,-1,-1,-1
2061,77,274,57,29,23,-1,-1,-1
2062,77,271,58,29,24,-1,-1,-1
2063,77,268,58,29,24,-1,-1,-1
2064,77,264,58,30,25,-1,-1,-1
2065,77,260,59,31,25,-1,-1,-1
2066,77,257,59,31,25,-1,-1,-1
2067,77,253,60,31,24,-1,-1,-1
2068,77,249,61,31,24,-1,-1,-1
2069,77,245,62,31,24,-1,-1,-1
2070,77,241,62,32,24,-1,-1,-1
2071,77,236,63,31,24,-1,-1,-1
2072,77,232,63,32,24,-1,-1,-1
2073,77,227,63,31,24,-1,-1,-1
2074,77,223,64,32,23,-1,-1,-1
2075,77,218,64,32,23,-1,-1,-1
2076,77,214,65,32,23,-1,-1,-1
2077,77,209,66,32,23,-1,-1,-1
2078,77,205,67,33,23,-1,-1,-1
2079,77,200,68,33,24,-1,-1,-1
2080,77,196,69,33,24,-1,-1,-1
2081,77,191,70,34,25,-1,-1,-1
2082,77,187,71,34,25,-1,-1,-1
2083,77,182,72,34,25,-1,-1,-1
2084,77,178,73,33,25,-1,-1,-1
2085,77,174,74,33,25,-1,-1,-1
2086,77,170,75,32,25,-1,-1,-1
2087,77,165,75,32,26,-1,-1,-1
2088,77,160,76,33,26,-1,-1,-1
2089,77,154,76,34,26,-1,-1,-1
2090,77,149,76,35,27,-1,-1,-1
2091,77,144,76,35,27,-1,-1,-1
2092,77,139,76,35,28,-1,-1,-1
2093,77,134,76,35,29,-1,-1,-1
2094,77,129,76,36,31,-1,-1,-1
2095,77,126,76,36,32,-1,-1,-1
2096,77,124,76,36,33,-1,-1,-1
