104,1,411,46,29,23,-1,-1,-1
105,1,411,46,28,23,-1,-1,-1
106,1,410,46,28,23,-1,-1,-1
107,1,409,46,28,22,-1,-1,-1
108,1,408,46,28,22,-1,-1,-1
109,1,407,46,28,22,-1,-1,-1
110,1,406,46,28,22,-1,-1,-1
111,1,405,46,28,22,-1,-1,-1
112,1,404,46,28,21,-1,-1,-1
113,1,403,46,28,21,-1,-1,-1
114,1,402,46,29,21,-1,-1,-1
115,1,400,46,29,21,-1,-1,-1
116,1,399,47,29,21,-1,-1,-1
117,1,397,47,30,21,-1,-1,-1
118,1,396,47,30,22,-1,-1,-1
119,1,395,47,29,22,-1,-1,-1
120,1,395,48,29,22,-1,-1,-1
121,1,394,48,28,22,-1,-1,-1
122,1,394,48,28,22,-1,-1,-1
123,1,393,49,28,22,-1,-1,-1
124,1,391,49,28,23,-1,-1,-1
125,1,390,50,28,23,-1,-1,-1
126,1,389,50,29,23,-1,-1,-1
127,1,387,51,29,23,-1,-1,-1
128,1,386,51,29,23,-1,-1,-1
129,1,384,52,30,23,-1,-1,-1
130,1,382,52,30,23,-1,-1,-1
131,1,381,53,30,23,-1,-1,-1
132,1,379,53,31,23,-1,-1,-1
133,1,378,54,31,23,-1,-1,-1
134,1,376,54,31,23,-1,-1,-1
135,1,375,55,32,23,-1,-1,-1
136,1,373,55,32,24,-1,-1,-1
137,1,371,55,33,25,-1,-1,-1
138,1,369,55,33,26,-1,-1,-1
139,1,368,56,34,28,-1,-1,-1
140,1,366,56,33,30,-1,-1,-1
141,1,365,57,33,32,-1,-1,-1
142,1,363,57,33,33,-1,-1,-1
143,1,361,58,33,34,-1,-1,-1
144,1,359,58,33,35,-1,-1,-1
145,1,357,59,34,34,-1,-1,-1
146,1,356,60,34,33,-1,-1,-1
147,1,354,61,35,32,-1,-1,-1
148,1,352,61,34,32,-1,-1,-1
149,1,350,61,34,32,-1,-1,-1
150,1,348,62,34,32,-1,-1,-1
151,1,347,62,33,32,-1,-1,-1
152,1,346,62,33,33,-1,-1,-1
152,2,433,173,37,36,-1,-1,-1
153,1,344,62,33,32,-1,-1,-1
153,2,434,171,36,36,-1,-1,-1
154,1,342,63,33,31,-1,-1,-1
154,2,434,170,36,36,-1,-1,-1
155,1,340,64,32,29,-1,-1,-1
156,1,338,65,32,28,-1,-1,-1
156,3,449,135,35,44,-1,-1,-1
157,1,336,66,32,27,-1,-1,-1
157,3,450,131,36,43,-1,-1,-1
158,1,333,67,32,28,-1,-1,-1
158,3,452,129,36,43,-1,-1,-1
159,1,330,69,32,29,-1,-1,-1
159,3,452,126,36,42,-1,-1,-1
160,1,327,69,32,29,-1,-1,-1
160,3,453,125,36,42,-1,-1,-1
161,1,323,70,33,31,-1,-1,-1
162,1,319,71,33,33,-1,-1,-1
163,1,315,72,34,34,-1,-1,-1
164,1,311,73,34,34,-1,-1,-1
165,1,308,74,34,35,-1,-1,-1
166,1,306,74,34,36,-1,-1,-1
167,1,305,74,34,36,-1,-1,-1
178,4,430,33,22,19,-1,-1,-1
179,4,429,33,22,19,-1,-1,-1
180,4,428,33,22,19,-1,-1,-1
181,4,428,33,22,19,-1,-1,-1
182,4,427,33,22,19,-1,-1,-1
183,4,427,34,22,19,-1,-1,-1
184,4,427,34,22,20,-1,-1,-1
185,4,426,34,22,20,-1,-1,-1
186,4,426,34,22,20,-1,-1,-1
186,5,369,58,31,25,-1,-1,-1
187,5,367,58,31,24,-1,-1,-1
188,5,365,58,31,24,-1,-1,-1
189,5,363,58,32,23,-1,-1,-1
190,5,361,59,32,23,-1,-1,-1
191,5,359,59,32,22,-1,-1,-1
192,5,358,60,32,22,-1,-1,-1
193,5,357,61,32,22,-1,-1,-1
194,5,357,62,30,21,-1,-1,-1
195,5,357,63,30,21,-1,-1,-1
196,5,357,64,29,21,-1,-1,-1
197,6,351,66,29,21,-1,-1,-1
198,6,348,65,29,22,-1,-1,-1
199,6,348,65,29,22,-1,-1,-1
200,6,347,65,29,22,-1,-1,-1
202,7,330,48,29,21,-1,-1,-1
203,7,329,48,29,21,-1,-1,-1
204,7,328,48,28,21,-1,-1,-1
205,7,327,48,27,21,-1,-1,-1
206,7,325,48,27,21,-1,-1,-1
207,7,324,48,26,21,-1,-1,-1
208,7,322,49,25,21,-1,-1,-1
209,7,321,49,25,20,-1,-1,-1
210,7,319,50,24,20,-1,-1,-1
211,7,317,50,23,20,-1,-1,-1
212,7,316,51,23,20,-1,-1,-1
213,7,313,51,23,20,-1,-1,-1
214,7,310,52,23,20,-1,-1,-1
215,7,307,52,24,20,-1,-1,-1
216,7,304,53,24,19,-1,-1,-1
217,7,302,53,23,19,-1,-1,-1
218,7,299,53,23,19,-1,-1,-1
219,7,297,53,23,20,-1,-1,-1
220,7,294,53,23,20,-1,-1,-1
221,7,291,53,23,20,-1,-1,-1
222,7,288,54,24,20,-1,-1,-1
223,7,284,55,26,20,-1,-1,-1
224,7,280,56,28,20,-1,-1,-1
225,7,276,56,29,21,-1,-1,-1
226,7,273,56,30,21,-1,-1,-1
226,8,367,47,27,21,-1,-1,-1
227,7,270,57,32,21,-1,-1,-1
227,8,366,47,27,22,-1,-1,-1
228,7,267,57,33,22,-1,-1,-1
228,8,365,47,28,22,-1,-1,-1
229,7,264,57,33,22,-1,-1,-1
229,8,363,48,28,22,-1,-1,-1
230,7,261,58,34,23,-1,-1,-1
230,8,360,48,29,23,-1,-1,-1
231,7,257,58,35,23,-1,-1,-1
231,8,358,48,30,22,-1,-1,-1
232,7,254,59,35,24,-1,-1,-1
232,8,355,48,30,22,-1,-1,-1
233,7,252,59,35,23,-1,-1,-1
233,8,352,47,30,22,-1,-1,-1
234,7,250,59,34,23,-1,-1,-1
234,8,350,47,30,23,-1,-1,-1
235,7,247,60,34,23,-1,-1,-1
235,8,348,47,30,23,-1,-1,-1
236,7,244,60,35,23,-1,-1,-1
236,8,346,47,30,23,-1,-1,-1
237,7,240,61,37,24,-1,-1,-1
237,8,344,47,31,23,-1,-1,-1
238,7,238,61,37,24,-1,-1,-1
238,8,341,47,31,23,-1,-1,-1
239,7,237,61,37,24,-1,-1,-1
239,8,339,47,31,23,-1,-1,-1
240,8,337,47,30,23,-1,-1,-1
241,8,334,47,30,24,-1,-1,-1
242,8,331,47,30,24,-1,-1,-1
243,8,329,47,31,24,-1,-1,-1
244,8,326,47,30,24,-1,-1,-1
245,8,324,47,29,24,-1,-1,-1
246,8,322,48,28,24,-1,-1,-1
247,8,319,48,27,24,-1,-1,-1
248,8,317,49,27,24,-1,-1,-1
249,8,314,50,26,23,-1,-1,-1
250,8,311,51,26,23,-1,-1,-1
251,8,307,51,26,22,-1,-1,-1
252,8,304,52,26,22,-1,-1,-1
253,8,301,52,26,21,-1,-1,-1
254,8,298,53,26,21,-1,-1,-1
255,8,295,53,25,21,-1,-1,-1
256,8,292,53,24,21,-1,-1,-1
257,8,289,54,24,21,-1,-1,-1
258,8,286,55,25,21,-1,-1,-1
259,8,282,56,26,22,-1,-1,-1
260,8,278,56,27,22,-1,-1,-1
261,8,274,57,29,23,-1,-1,-1
262,8,271,58,29,24,-1,-1,-1
263,8,268,58,29,24,-1,-1,-1
264,8,264,58,30,25,-1,-1,-1
265,8,260,59,31,25,-1,-1,-1
266,8,257,59,31,25,-1,-1,-1
267,8,253,60,31,24,-1,-1,-1
268,8,249,61,31,24,-1,-1,-1
269,8,245,62,31,24,-1,-1,-1
270,8,241,62,32,24,-1,-1,-1
271,8,236,63,31,24,-1,-1,-1
272,8,232,63,32,24,-1,-1,-1
273,8,227,63,31,24,-1,-1,-1
274,8,223,64,32,23,-1,-1,-1
275,8,218,64,32,23,-1,-1,-1
276,8,214,65,32,23,-1,-1,-1
277,8,209,66,32,23,-1,-1,-1
278,8,205,67,33,23,-1,-1,-1
279,8,200,68,33,24,-1,-1,-1
280,8,196,69,33,24,-1,-1,-1
281,8,191,70,34,25,-1,-1,-1
282,8,187,71,34,25,-1,-1,-1
283,8,182,72,34,25,-1,-1,-1
284,8,178,73,33,25,-1,-1,-1
285,8,174,74,33,25,-1,-1,-1
286,8,170,75,32,25,-1,-1,-1
287,8,165,75,32,26,-1,-1,-1
288,8,160,76,33,26,-1,-1,-1
289,8,154,76,34,26,-1,-1,-1
290,8,149,76,35,27,-1,-1,-1
291,8,144,76,35,27,-1,-1,-1
292,8,139,76,35,28,-1,-1,-1
293,8,134,76,35,29,-1,-1,-1
294,8,129,76,36,31,-1,-1,-1
295,8,123,76,36,33,-1,-1,-1
296,8,117,77,37,34,-1,-1,-1
297,8,110,78,39,35,-1,-1,-1
298,8,103,80,40,35,-1,-1,-1
299,8,96,81,42,36,-1,-1,-1
300,8,89,83,44,36,-1,-1,-1
301,8,83,84,45,36,-1,-1,-1
302,8,77,85,47,38,-1,-1,-1
303,8,71,85,47,39,-1,-1,-1
304,8,65,85,48,41,-1,-1,-1
305,8,59,85,48,43,-1,-1,-1
306,8,56,85,49,43,-1,-1,-1
307,8,54,85,49,44,-1,-1,-1
307,9,349,61,33,26,-1,-1,-1
308,9,347,62,33,26,-1,-1,-1
309,9,345,63,32,26,-1,-1,-1
310,9,343,64,33,26,-1,-1,-1
311,9,341,64,33,26,-1,-1,-1
312,9,338,65,32,27,-1,-1,-1
313,9,336,66,32,27,-1,-1,-1
314,9,334,68,31,27,-1,-1,-1
315,9,332,69,31,27,-1,-1,-1
316,9,329,70,31,27,-1,-1,-1
317,9,326,71,31,27,-1,-1,-1
318,9,323,72,31,28,-1,-1,-1
319,9,320,73,31,29,-1,-1,-1
320,9,317,74,31,30,-1,-1,-1
321,9,314,75,32,31,-1,-1,-1
322,9,310,75,32,32,-1,-1,-1
323,9,306,76,33,35,-1,-1,-1
324,9,303,77,33,37,-1,-1,-1
324,10,387,51,34,27,-1,-1,-1
325,9,299,78,34,37,-1,-1,-1
325,10,385,52,34,27,-1,-1,-1
326,9,295,79,34,37,-1,-1,-1
326,10,384,53,34,27,-1,-1,-1
327,9,291,80,34,38,-1,-1,-1
327,10,381,54,33,27,-1,-1,-1
328,9,286,81,35,39,-1,-1,-1
328,10,379,55,33,27,-1,-1,-1
329,9,281,81,35,39,-1,-1,-1
329,10,377,55,33,27,-1,-1,-1
330,9,276,82,35,40,-1,-1,-1
330,10,374,56,33,28,-1,-1,-1
331,9,271,84,35,39,-1,-1,-1
331,10,372,56,33,28,-1,-1,-1
331,11,333,74,26,23,-1,-1,-1
332,9,266,86,36,38,-1,-1,-1
332,10,370,56,32,28,-1,-1,-1
332,11,331,74,26,23,-1,-1,-1
333,9,261,87,37,37,-1,-1,-1
333,10,368,57,31,28,-1,-1,-1
333,11,328,75,27,23,-1,-1,-1
334,9,255,89,37,36,-1,-1,-1
334,10,366,57,31,28,-1,-1,-1
334,11,325,76,27,23,-1,-1,-1
335,9,251,90,37,36,-1,-1,-1
335,10,364,57,31,28,-1,-1,-1
335,11,322,77,28,24,-1,-1,-1
336,9,246,91,37,37,-1,-1,-1
336,10,362,58,31,28,-1,-1,-1
336,11,319,78,28,24,-1,-1,-1
337,9,238,93,39,37,-1,-1,-1
337,10,360,58,31,28,-1,-1,-1
337,11,315,80,28,25,-1,-1,-1
338,9,232,95,40,38,-1,-1,-1
338,10,358,59,31,28,-1,-1,-1
338,11,311,82,29,25,-1,-1,-1
339,9,228,96,41,38,-1,-1,-1
339,10,356,60,30,28,-1,-1,-1
339,11,306,85,30,25,-1,-1,-1
340,9,227,96,40,39,-1,-1,-1
340,10,354,60,29,28,-1,-1,-1
340,11,302,86,30,26,-1,-1,-1
341,10,352,61,28,28,-1,-1,-1
341,11,297,87,31,26,-1,-1,-1
342,10,350,62,27,28,-1,-1,-1
342,11,292,89,32,26,-1,-1,-1
343,10,348,63,27,28,-1,-1,-1
343,11,288,91,33,26,-1,-1,-1
344,10,345,64,27,27,-1,-1,-1
344,11,282,92,34,26,-1,-1,-1
345,10,342,66,27,27,-1,-1,-1
345,11,278,94,33,27,-1,-1,-1
346,10,339,67,27,27,-1,-1,-1
346,11,272,95,33,27,-1,-1,-1
347,10,337,68,27,27,-1,-1,-1
347,11,267,97,33,26,-1,-1,-1
348,10,334,69,26,27,-1,-1,-1
348,11,261,100,34,26,-1,-1,-1
349,10,331,70,26,27,-1,-1,-1
349,11,254,102,34,26,-1,-1,-1
350,10,328,71,26,27,-1,-1,-1
350,11,248,104,34,26,-1,-1,-1
351,10,326,71,26,26,-1,-1,-1
351,11,245,105,34,27,-1,-1,-1
352,10,325,71,26,27,-1,-1,-1
352,11,243,106,34,27,-1,-1,-1
372,13,412,177,59,57,-1,-1,-1
373,13,417,171,57,55,-1,-1,-1
374,13,420,166,57,55,-1,-1,-1
375,13,424,160,56,54,-1,-1,-1
376,13,427,155,56,52,-1,-1,-1
377,12,364,62,24,25,-1,-1,-1
377,13,431,151,55,50,-1,-1,-1
378,12,362,63,24,25,-1,-1,-1
378,13,433,146,55,49,-1,-1,-1
379,12,360,64,24,25,-1,-1,-1
379,13,436,141,55,49,-1,-1,-1
380,12,358,64,24,25,-1,-1,-1
380,13,439,136,54,49,-1,-1,-1
381,12,355,65,24,25,-1,-1,-1
381,13,442,132,53,49,-1,-1,-1
382,12,353,66,24,25,-1,-1,-1
382,13,444,128,51,48,-1,-1,-1
383,12,350,68,26,25,-1,-1,-1
383,13,447,125,50,48,-1,-1,-1
384,12,347,69,26,25,-1,-1,-1
384,13,450,121,48,47,-1,-1,-1
385,12,344,71,27,25,-1,-1,-1
385,13,453,118,46,45,-1,-1,-1
386,12,341,72,27,25,-1,-1,-1
386,13,455,115,44,44,-1,-1,-1
387,12,337,73,27,26,-1,-1,-1
387,13,457,113,42,42,-1,-1,-1
388,12,334,74,27,25,-1,-1,-1
388,13,458,111,42,41,-1,-1,-1
389,12,331,74,27,25,-1,-1,-1
389,13,459,109,43,41,-1,-1,-1
390,12,327,75,28,25,-1,-1,-1
390,13,460,106,44,40,-1,-1,-1
391,12,323,76,28,26,-1,-1,-1
391,13,462,104,43,39,-1,-1,-1
392,12,320,77,30,26,-1,-1,-1
392,13,463,102,41,38,-1,-1,-1
393,12,316,78,31,26,-1,-1,-1
393,13,464,100,39,37,-1,-1,-1
394,12,311,80,32,27,-1,-1,-1
394,13,466,97,37,37,-1,-1,-1
395,12,307,80,34,29,-1,-1,-1
395,13,467,95,36,36,-1,-1,-1
396,12,305,81,34,31,-1,-1,-1
396,13,469,93,35,35,-1,-1,-1
397,12,303,81,35,31,-1,-1,-1
397,13,470,91,34,34,-1,-1,-1
398,13,471,90,34,32,-1,-1,-1
399,13,473,88,34,31,-1,-1,-1
400,13,475,86,34,31,-1,-1,-1
401,13,476,85,33,29,-1,-1,-1
402,13,477,84,32,27,-1,-1,-1
403,13,479,83,31,26,-1,-1,-1
404,13,480,82,29,24,-1,-1,-1
405,13,481,81,29,23,-1,-1,-1
406,13,481,80,29,22,-1,-1,-1
407,13,482,79,29,22,-1,-1,-1
408,13,483,78,29,22,-1,-1,-1
409,13,484,76,29,22,-1,-1,-1
410,13,485,75,29,22,-1,-1,-1
411,13,485,74,29,22,-1,-1,-1
412,13,486,74,29,23,-1,-1,-1
443,16,278,57,29,25,-1,-1,-1
444,16,275,57,30,26,-1,-1,-1
445,16,273,58,31,26,-1,-1,-1
446,16,270,59,31,26,-1,-1,-1
447,16,268,59,31,25,-1,-1,-1
448,16,265,60,31,25,-1,-1,-1
449,16,262,60,31,25,-1,-1,-1
450,16,259,61,32,26,-1,-1,-1
450,19,367,43,25,24,-1,-1,-1
451,16,257,62,32,26,-1,-1,-1
451,19,365,43,26,24,-1,-1,-1
452,16,254,62,32,25,-1,-1,-1
452,19,364,43,27,24,-1,-1,-1
453,16,251,63,32,24,-1,-1,-1
453,19,362,43,28,24,-1,-1,-1
454,14,178,74,32,25,-1,-1,-1
454,16,248,63,32,24,-1,-1,-1
454,19,361,43,28,24,-1,-1,-1
455,14,175,74,32,24,-1,-1,-1
455,16,245,64,33,24,-1,-1,-1
455,19,360,43,29,25,-1,-1,-1
456,14,173,75,31,24,-1,-1,-1
456,16,242,65,34,23,-1,-1,-1
456,19,359,43,29,25,-1,-1,-1
457,14,170,76,30,24,-1,-1,-1
457,16,239,65,34,23,-1,-1,-1
457,19,358,42,28,25,-1,-1,-1
458,14,167,76,30,24,-1,-1,-1
458,16,236,66,33,23,-1,-1,-1
458,19,357,42,28,26,-1,-1,-1
459,14,162,77,30,23,-1,-1,-1
459,16,233,66,31,22,-1,-1,-1
459,19,355,42,28,26,-1,-1,-1
460,14,156,77,31,23,-1,-1,-1
460,16,231,66,31,22,-1,-1,-1
460,19,353,42,28,26,-1,-1,-1
461,14,151,77,33,24,-1,-1,-1
461,16,228,67,30,22,-1,-1,-1
461,19,351,43,29,26,-1,-1,-1
462,14,146,78,34,25,-1,-1,-1
462,16,224,67,31,22,-1,-1,-1
462,19,350,43,29,26,-1,-1,-1
463,14,142,78,34,25,-1,-1,-1
463,16,221,67,30,22,-1,-1,-1
463,19,349,43,30,26,-1,-1,-1
464,14,140,78,34,26,-1,-1,-1
464,16,217,67,30,22,-1,-1,-1
464,19,348,43,30,25,-1,-1,-1
465,14,138,79,34,26,-1,-1,-1
465,16,213,67,31,22,-1,-1,-1
465,19,347,43,30,24,-1,-1,-1
466,16,210,68,31,23,-1,-1,-1
466,18,451,32,25,24,-1,-1,-1
466,19,345,44,30,24,-1,-1,-1
467,16,205,68,31,24,-1,-1,-1
467,18,451,32,25,24,-1,-1,-1
467,19,344,44,30,24,-1,-1,-1
468,16,201,69,31,25,-1,-1,-1
468,18,451,32,25,24,-1,-1,-1
468,19,343,45,30,24,-1,-1,-1
469,16,197,70,31,25,-1,-1,-1
469,18,450,32,25,24,-1,-1,-1
469,19,342,46,30,24,-1,-1,-1
470,16,192,71,32,25,-1,-1,-1
470,18,450,32,25,24,-1,-1,-1
470,19,340,47,30,24,-1,-1,-1
471,16,187,72,32,25,-1,-1,-1
471,18,450,32,25,24,-1,-1,-1
471,19,339,48,30,24,-1,-1,-1
472,16,183,73,33,26,-1,-1,-1
472,18,449,32,24,24,-1,-1,-1
472,19,338,49,30,25,-1,-1,-1
473,16,179,74,34,26,-1,-1,-1
473,18,449,32,24,24,-1,-1,-1
473,19,336,50,30,25,-1,-1,-1
474,16,176,74,34,26,-1,-1,-1
474,18,448,33,23,24,-1,-1,-1
474,19,335,51,30,25,-1,-1,-1
475,16,172,75,34,25,-1,-1,-1
475,18,448,34,23,24,-1,-1,-1
475,19,334,52,31,25,-1,-1,-1
476,16,168,76,33,25,-1,-1,-1
476,18,447,34,23,24,-1,-1,-1
476,19,332,53,31,26,-1,-1,-1
477,16,163,77,34,25,-1,-1,-1
477,18,447,34,23,23,-1,-1,-1
477,19,331,54,31,26,-1,-1,-1
478,16,158,77,35,25,-1,-1,-1
478,18,446,34,24,23,-1,-1,-1
478,19,330,55,31,26,-1,-1,-1
479,16,153,78,36,26,-1,-1,-1
479,18,445,34,24,23,-1,-1,-1
479,19,328,56,31,26,-1,-1,-1
480,15,252,93,44,36,-1,-1,-1
480,16,148,78,37,26,-1,-1,-1
480,18,445,34,24,24,-1,-1,-1
480,19,327,57,31,26,-1,-1,-1
481,15,248,94,43,36,-1,-1,-1
481,16,143,78,37,27,-1,-1,-1
481,18,444,35,24,24,-1,-1,-1
481,19,326,58,31,27,-1,-1,-1
482,15,247,95,44,36,-1,-1,-1
482,16,138,78,37,29,-1,-1,-1
482,18,444,35,24,24,-1,-1,-1
482,19,324,59,31,27,-1,-1,-1
483,15,246,95,44,36,-1,-1,-1
483,16,134,78,36,31,-1,-1,-1
483,18,443,35,24,24,-1,-1,-1
483,19,323,60,32,27,-1,-1,-1
484,16,129,79,37,32,-1,-1,-1
484,18,442,35,25,24,-1,-1,-1
484,19,322,61,32,27,-1,-1,-1
485,16,123,80,37,33,-1,-1,-1
485,17,12,97,47,40,-1,-1,-1
485,18,442,35,25,24,-1,-1,-1
485,19,320,62,32,28,-1,-1,-1
486,16,118,81,38,34,-1,-1,-1
486,17,9,98,47,40,-1,-1,-1
486,18,442,35,25,23,-1,-1,-1
486,19,319,63,32,28,-1,-1,-1
487,16,114,83,38,33,-1,-1,-1
487,17,8,99,46,39,-1,-1,-1
487,18,441,35,25,23,-1,-1,-1
487,19,317,64,32,28,-1,-1,-1
488,16,109,84,38,33,-1,-1,-1
488,17,7,99,47,39,-1,-1,-1
488,18,440,35,25,23,-1,-1,-1
488,19,316,65,32,28,-1,-1,-1
489,16,104,85,38,33,-1,-1,-1
489,18,440,35,25,23,-1,-1,-1
489,19,315,66,32,28,-1,-1,-1
490,16,101,86,39,34,-1,-1,-1
490,18,439,35,25,23,-1,-1,-1
490,19,313,67,32,29,-1,-1,-1
491,16,99,86,39,33,-1,-1,-1
491,18,438,35,25,23,-1,-1,-1
491,19,312,68,33,29,-1,-1,-1
492,18,437,35,26,23,-1,-1,-1
492,19,311,69,33,29,-1,-1,-1
493,18,436,35,26,23,-1,-1,-1
493,19,309,70,33,29,-1,-1,-1
494,18,435,34,27,23,-1,-1,-1
494,19,308,71,33,30,-1,-1,-1
495,18,435,34,27,23,-1,-1,-1
495,19,307,72,33,30,-1,-1,-1
496,18,434,35,27,24,-1,-1,-1
496,19,305,73,33,30,-1,-1,-1
497,18,433,35,27,24,-1,-1,-1
497,19,304,74,33,30,-1,-1,-1
498,18,432,36,27,24,-1,-1,-1
498,19,303,75,33,30,-1,-1,-1
499,18,431,36,27,24,-1,-1,-1
499,19,301,76,34,31,-1,-1,-1
500,18,431,37,27,25,-1,-1,-1
500,19,300,77,34,31,-1,-1,-1
501,18,430,38,27,25,-1,-1,-1
501,19,299,78,34,31,-1,-1,-1
502,18,429,38,27,25,-1,-1,-1
502,19,297,79,34,31,-1,-1,-1
503,18,428,39,28,25,-1,-1,-1
503,19,296,80,34,32,-1,-1,-1
503,22,337,49,24,19,-1,-1,-1
504,18,427,39,28,25,-1,-1,-1
504,19,295,81,34,32,-1,-1,-1
504,22,336,49,24,19,-1,-1,-1
505,18,426,39,28,26,-1,-1,-1
505,19,293,82,34,32,-1,-1,-1
505,22,335,49,24,19,-1,-1,-1
506,18,425,39,29,26,-1,-1,-1
506,19,291,82,34,33,-1,-1,-1
506,22,334,49,24,19,-1,-1,-1
507,18,424,40,29,26,-1,-1,-1
507,19,288,83,35,33,-1,-1,-1
507,22,332,49,24,19,-1,-1,-1
508,18,423,40,30,26,-1,-1,-1
508,19,283,84,35,33,-1,-1,-1
508,22,329,49,24,19,-1,-1,-1
509,18,422,40,30,25,-1,-1,-1
509,19,279,85,35,34,-1,-1,-1
509,22,327,50,23,19,-1,-1,-1
510,18,421,41,29,25,-1,-1,-1
510,19,274,87,36,34,-1,-1,-1
510,22,325,50,23,19,-1,-1,-1
511,18,421,42,29,25,-1,-1,-1
511,19,268,89,36,34,-1,-1,-1
511,22,324,51,22,19,-1,-1,-1
512,18,420,42,27,25,-1,-1,-1
512,19,263,91,37,34,-1,-1,-1
512,22,322,51,23,20,-1,-1,-1
513,18,419,43,27,25,-1,-1,-1
513,19,258,93,37,34,-1,-1,-1
513,22,320,51,23,20,-1,-1,-1
514,18,417,43,27,25,-1,-1,-1
514,19,253,95,37,34,-1,-1,-1
514,22,318,51,23,20,-1,-1,-1
515,18,416,43,27,25,-1,-1,-1
515,19,246,96,36,34,-1,-1,-1
515,22,315,52,23,20,-1,-1,-1
516,18,415,44,27,24,-1,-1,-1
516,19,241,98,36,33,-1,-1,-1
516,22,312,52,22,20,-1,-1,-1
517,18,414,44,27,24,-1,-1,-1
517,19,233,100,36,33,-1,-1,-1
517,22,310,53,22,19,-1,-1,-1
518,18,412,44,28,24,-1,-1,-1
518,19,226,102,36,33,-1,-1,-1
518,22,307,53,22,19,-1,-1,-1
519,18,411,45,28,24,-1,-1,-1
519,19,218,105,37,34,-1,-1,-1
519,22,305,53,23,20,-1,-1,-1
520,18,410,45,28,24,-1,-1,-1
520,19,209,108,37,34,-1,-1,-1
520,22,302,54,23,20,-1,-1,-1
521,18,408,45,29,24,-1,-1,-1
521,19,201,111,37,33,-1,-1,-1
521,22,300,55,24,21,-1,-1,-1
522,18,407,46,29,23,-1,-1,-1
522,19,192,113,39,33,-1,-1,-1
522,22,297,56,25,21,-1,-1,-1
523,18,406,46,29,23,-1,-1,-1
523,19,183,116,41,34,-1,-1,-1
523,22,294,56,25,21,-1,-1,-1
524,18,404,46,29,23,-1,-1,-1
524,19,172,119,44,34,-1,-1,-1
524,22,292,56,25,21,-1,-1,-1
525,18,403,46,29,23,-1,-1,-1
525,19,161,123,45,34,-1,-1,-1
525,22,289,56,26,22,-1,-1,-1
526,18,401,46,29,23,-1,-1,-1
526,19,149,126,47,35,-1,-1,-1
526,20,208,65,32,24,-1,-1,-1
526,22,286,56,27,22,-1,-1,-1
527,18,400,46,29,24,-1,-1,-1
527,19,136,130,48,35,-1,-1,-1
527,20,207,65,32,23,-1,-1,-1
527,22,284,56,27,22,-1,-1,-1
528,18,398,46,29,24,-1,-1,-1
528,19,121,134,50,36,-1,-1,-1
528,20,206,65,31,22,-1,-1,-1
528,22,282,57,27,22,-1,-1,-1
529,18,397,47,29,24,-1,-1,-1
529,19,107,138,52,37,-1,-1,-1
529,20,204,65,31,22,-1,-1,-1
529,22,280,57,26,22,-1,-1,-1
530,18,396,48,29,24,-1,-1,-1
530,19,100,140,53,38,-1,-1,-1
530,20,201,65,30,22,-1,-1,-1
530,22,278,58,26,21,-1,-1,-1
531,18,394,49,29,24,-1,-1,-1
531,19,96,141,54,38,-1,-1,-1
531,20,198,65,30,22,-1,-1,-1
531,22,276,58,26,21,-1,-1,-1
532,18,393,49,29,24,-1,-1,-1
532,20,195,66,30,22,-1,-1,-1
532,22,273,58,27,21,-1,-1,-1
533,18,392,50,29,24,-1,-1,-1
533,20,193,66,31,22,-1,-1,-1
533,22,271,58,26,21,-1,-1,-1
534,18,390,50,29,24,-1,-1,-1
534,20,193,66,31,22,-1,-1,-1
534,22,268,59,26,20,-1,-1,-1
535,18,389,51,29,25,-1,-1,-1
535,22,265,59,26,21,-1,-1,-1
536,18,388,51,29,26,-1,-1,-1
536,22,262,59,26,22,-1,-1,-1
537,18,386,52,30,26,-1,-1,-1
537,22,260,60,26,22,-1,-1,-1
538,18,385,53,30,26,-1,-1,-1
538,22,258,60,26,22,-1,-1,-1
539,18,384,53,30,26,-1,-1,-1
539,22,255,61,26,21,-1,-1,-1
540,22,253,61,26,21,-1,-1,-1
541,22,250,61,26,21,-1,-1,-1
542,22,247,62,26,21,-1,-1,-1
543,22,244,62,27,21,-1,-1,-1
544,22,242,62,27,20,-1,-1,-1
545,21,396,13,27,24,-1,-1,-1
545,22,239,63,27,20,-1,-1,-1
546,21,396,13,27,23,-1,-1,-1
546,22,237,63,27,20,-1,-1,-1
547,21,395,14,27,23,-1,-1,-1
547,22,234,64,26,19,-1,-1,-1
548,21,395,14,27,22,-1,-1,-1
548,22,232,65,25,19,-1,-1,-1
549,21,395,14,27,22,-1,-1,-1
549,22,230,65,25,20,-1,-1,-1
550,22,228,66,25,20,-1,-1,-1
551,22,225,66,26,21,-1,-1,-1
552,22,221,66,26,22,-1,-1,-1
553,22,218,66,26,23,-1,-1,-1
554,22,215,66,26,24,-1,-1,-1
555,22,213,67,26,24,-1,-1,-1
556,22,210,67,26,24,-1,-1,-1
557,22,208,68,26,23,-1,-1,-1
558,22,205,69,26,23,-1,-1,-1
559,22,203,70,26,23,-1,-1,-1
560,22,200,71,27,23,-1,-1,-1
561,22,197,71,28,23,-1,-1,-1
562,22,193,72,28,25,-1,-1,-1
563,22,189,72,28,26,-1,-1,-1
564,22,185,72,28,26,-1,-1,-1
565,22,182,73,28,26,-1,-1,-1
566,22,179,73,29,25,-1,-1,-1
567,22,176,73,30,25,-1,-1,-1
568,22,173,74,31,24,-1,-1,-1
569,22,169,74,32,25,-1,-1,-1
570,22,165,75,33,25,-1,-1,-1
571,22,162,75,33,26,-1,-1,-1
572,22,158,76,32,26,-1,-1,-1
573,22,155,76,32,26,-1,-1,-1
574,22,152,77,31,26,-1,-1,-1
575,22,149,77,31,25,-1,-1,-1
576,22,145,77,30,25,-1,-1,-1
577,22,142,78,30,25,-1,-1,-1
578,22,139,78,29,25,-1,-1,-1
579,22,136,79,29,25,-1,-1,-1
580,22,133,80,29,25,-1,-1,-1
581,22,129,80,28,25,-1,-1,-1
582,22,126,81,28,25,-1,-1,-1
583,22,122,82,28,25,-1,-1,-1
584,22,118,83,28,25,-1,-1,-1
585,22,114,85,29,24,-1,-1,-1
586,22,110,85,29,24,-1,-1,-1
587,22,107,86,30,24,-1,-1,-1
588,22,104,86,31,25,-1,-1,-1
589,22,101,87,32,25,-1,-1,-1
590,22,96,87,35,26,-1,-1,-1
591,22,90,88,37,28,-1,-1,-1
592,22,84,88,40,30,-1,-1,-1
593,22,77,89,43,32,-1,-1,-1
593,23,8,100,55,42,-1,-1,-1
594,22,71,89,45,33,-1,-1,-1
594,23,6,100,53,42,-1,-1,-1
595,22,68,89,44,34,-1,-1,-1
595,23,5,101,49,40,-1,-1,-1
596,22,67,90,42,35,-1,-1,-1
596,23,5,101,47,39,-1,-1,-1
597,22,65,91,39,35,-1,-1,-1
597,23,5,101,44,39,-1,-1,-1
598,22,62,91,38,36,-1,-1,-1
599,22,58,91,39,37,-1,-1,-1
600,22,54,91,42,38,-1,-1,-1
601,22,51,90,44,38,-1,-1,-1
602,22,50,90,45,38,-1,-1,-1
651,24,383,55,23,20,-1,-1,-1
652,24,382,56,23,20,-1,-1,-1
653,24,380,57,24,20,-1,-1,-1
654,24,378,57,25,20,-1,-1,-1
655,24,376,57,26,21,-1,-1,-1
656,24,374,57,27,22,-1,-1,-1
657,24,372,57,28,24,-1,-1,-1
658,24,370,57,28,25,-1,-1,-1
659,24,367,57,29,26,-1,-1,-1
660,24,365,56,29,26,-1,-1,-1
661,24,363,57,30,26,-1,-1,-1
662,24,361,57,31,26,-1,-1,-1
663,24,358,58,32,27,-1,-1,-1
664,24,356,58,31,27,-1,-1,-1
665,24,354,59,31,28,-1,-1,-1
666,24,352,60,31,27,-1,-1,-1
667,24,349,61,31,28,-1,-1,-1
668,24,347,61,31,29,-1,-1,-1
669,24,344,62,32,30,-1,-1,-1
670,24,342,63,32,31,-1,-1,-1
671,24,339,63,33,33,-1,-1,-1
672,24,336,64,33,34,-1,-1,-1
673,24,333,65,34,35,-1,-1,-1
674,24,330,66,34,35,-1,-1,-1
675,24,327,68,34,35,-1,-1,-1
676,24,326,68,34,35,-1,-1,-1
677,24,326,68,34,35,-1,-1,-1
727,27,426,31,29,24,-1,-1,-1
728,27,426,31,29,24,-1,-1,-1
729,27,426,31,28,24,-1,-1,-1
730,27,426,31,28,24,-1,-1,-1
731,27,425,31,28,23,-1,-1,-1
732,27,423,31,28,23,-1,-1,-1
733,27,421,31,28,23,-1,-1,-1
734,27,418,32,28,23,-1,-1,-1
735,27,415,32,28,23,-1,-1,-1
736,27,411,33,28,23,-1,-1,-1
737,27,408,34,28,23,-1,-1,-1
738,27,404,34,28,23,-1,-1,-1
739,27,401,35,29,23,-1,-1,-1
740,27,397,35,29,23,-1,-1,-1
741,27,394,36,29,23,-1,-1,-1
742,27,390,37,29,23,-1,-1,-1
743,25,347,43,30,26,-1,-1,-1
743,27,386,37,29,24,-1,-1,-1
744,25,346,44,30,25,-1,-1,-1
744,27,383,38,29,24,-1,-1,-1
745,25,346,44,30,25,-1,-1,-1
745,27,379,38,30,24,-1,-1,-1
746,25,345,45,30,25,-1,-1,-1
746,27,376,39,30,24,-1,-1,-1
747,27,372,40,30,24,-1,-1,-1
748,27,369,40,30,24,-1,-1,-1
749,27,365,41,30,24,-1,-1,-1
750,27,362,42,30,24,-1,-1,-1
751,27,358,42,31,24,-1,-1,-1
752,27,355,43,31,24,-1,-1,-1
753,27,351,43,31,24,-1,-1,-1
754,27,347,44,31,25,-1,-1,-1
755,27,344,45,31,25,-1,-1,-1
756,27,340,45,31,25,-1,-1,-1
757,27,337,46,31,25,-1,-1,-1
758,27,333,46,32,25,-1,-1,-1
759,27,330,47,32,25,-1,-1,-1
760,27,326,48,32,25,-1,-1,-1
761,27,323,48,32,25,-1,-1,-1
762,27,319,49,32,25,-1,-1,-1
763,27,316,50,32,25,-1,-1,-1
764,27,312,50,33,25,-1,-1,-1
765,27,308,51,33,26,-1,-1,-1
766,27,305,51,33,26,-1,-1,-1
767,27,301,52,33,26,-1,-1,-1
768,27,298,53,33,26,-1,-1,-1
769,27,294,53,33,26,-1,-1,-1
770,27,291,54,34,26,-1,-1,-1
771,27,287,54,34,26,-1,-1,-1
772,27,284,55,34,26,-1,-1,-1
773,27,280,56,34,26,-1,-1,-1
774,27,277,56,34,26,-1,-1,-1
775,27,273,57,34,26,-1,-1,-1
776,27,270,58,34,26,-1,-1,-1
777,27,268,58,32,26,-1,-1,-1
778,27,264,58,32,26,-1,-1,-1
779,27,261,59,33,26,-1,-1,-1
780,26,69,86,49,39,-1,-1,-1
780,27,258,60,33,26,-1,-1,-1
781,26,65,87,49,38,-1,-1,-1
781,27,255,60,33,26,-1,-1,-1
782,26,61,87,50,38,-1,-1,-1
782,27,253,61,33,25,-1,-1,-1
783,26,57,87,51,38,-1,-1,-1
783,27,249,61,33,25,-1,-1,-1
784,26,51,87,52,39,-1,-1,-1
784,27,246,62,33,25,-1,-1,-1
785,26,46,87,53,40,-1,-1,-1
785,27,242,63,34,24,-1,-1,-1
786,26,41,87,53,41,-1,-1,-1
786,27,239,63,34,24,-1,-1,-1
787,26,39,87,53,42,-1,-1,-1
787,27,235,63,35,24,-1,-1,-1
788,26,37,87,53,41,-1,-1,-1
788,27,232,64,35,24,-1,-1,-1
789,27,228,64,34,24,-1,-1,-1
790,27,225,65,34,24,-1,-1,-1
790,28,357,41,30,29,-1,-1,-1
791,27,222,65,33,24,-1,-1,-1
791,28,355,41,30,29,-1,-1,-1
792,27,218,66,33,24,-1,-1,-1
792,28,353,41,30,28,-1,-1,-1
793,27,215,67,33,24,-1,-1,-1
793,28,351,41,30,28,-1,-1,-1
794,27,211,68,33,24,-1,-1,-1
794,28,350,42,30,28,-1,-1,-1
795,27,208,69,32,23,-1,-1,-1
795,28,349,42,30,27,-1,-1,-1
796,27,204,70,32,23,-1,-1,-1
796,28,348,42,30,26,-1,-1,-1
797,27,200,70,33,24,-1,-1,-1
797,28,346,43,30,26,-1,-1,-1
798,27,196,71,34,24,-1,-1,-1
798,28,345,43,30,26,-1,-1,-1
799,27,192,72,34,24,-1,-1,-1
799,28,344,43,30,27,-1,-1,-1
800,27,188,72,34,25,-1,-1,-1
800,28,342,43,30,27,-1,-1,-1
801,27,184,73,34,25,-1,-1,-1
801,28,340,43,29,27,-1,-1,-1
802,27,180,74,35,26,-1,-1,-1
802,28,338,43,29,27,-1,-1,-1
803,27,176,74,36,25,-1,-1,-1
803,28,337,43,29,27,-1,-1,-1
804,27,172,75,36,25,-1,-1,-1
804,28,335,44,29,27,-1,-1,-1
805,27,168,75,36,25,-1,-1,-1
805,28,333,44,28,27,-1,-1,-1
806,27,164,77,37,25,-1,-1,-1
806,28,333,44,28,27,-1,-1,-1
807,27,160,77,37,25,-1,-1,-1
807,28,332,44,28,27,-1,-1,-1
808,27,155,78,37,26,-1,-1,-1
809,27,151,78,37,26,-1,-1,-1
810,27,146,79,38,26,-1,-1,-1
811,27,142,79,37,26,-1,-1,-1
812,27,138,79,37,28,-1,-1,-1
813,27,133,79,37,30,-1,-1,-1
814,27,129,79,38,32,-1,-1,-1
815,27,123,80,40,33,-1,-1,-1
816,27,117,81,42,34,-1,-1,-1
817,27,112,83,44,34,-1,-1,-1
818,27,108,84,45,34,-1,-1,-1
819,27,103,85,46,34,-1,-1,-1
820,27,99,85,47,35,-1,-1,-1
821,27,94,85,48,36,-1,-1,-1
822,27,89,86,49,36,-1,-1,-1
823,27,84,86,49,37,-1,-1,-1
824,27,79,87,49,37,-1,-1,-1
825,27,75,88,49,37,-1,-1,-1
826,27,70,88,49,37,-1,-1,-1
827,27,65,89,49,38,-1,-1,-1
828,27,61,90,49,38,-1,-1,-1
829,27,56,91,49,38,-1,-1,-1
830,27,51,91,49,38,-1,-1,-1
831,27,46,92,49,38,-1,-1,-1
832,27,42,93,49,38,-1,-1,-1
833,27,37,94,49,39,-1,-1,-1
834,27,32,94,49,39,-1,-1,-1
835,27,28,95,49,39,-1,-1,-1
835,29,356,219,79,86,-1,-1,-1
836,27,23,96,49,39,-1,-1,-1
836,29,360,214,76,85,-1,-1,-1
837,27,18,97,48,39,-1,-1,-1
837,29,362,213,73,86,-1,-1,-1
838,27,15,98,48,39,-1,-1,-1
839,27,13,98,48,39,-1,-1,-1
840,27,12,98,48,39,-1,-1,-1
860,30,177,73,33,27,-1,-1,-1
861,30,175,73,33,26,-1,-1,-1
861,31,464,97,35,38,-1,-1,-1
862,30,172,73,34,27,-1,-1,-1
862,31,464,95,35,38,-1,-1,-1
863,30,168,74,34,27,-1,-1,-1
863,31,465,94,35,38,-1,-1,-1
864,30,165,75,35,27,-1,-1,-1
864,31,466,92,35,37,-1,-1,-1
865,30,164,75,35,26,-1,-1,-1
865,31,467,91,35,36,-1,-1,-1
866,30,163,75,35,26,-1,-1,-1
866,31,468,89,35,35,-1,-1,-1
867,31,470,87,35,34,-1,-1,-1
868,31,471,85,35,33,-1,-1,-1
869,31,473,84,34,32,-1,-1,-1
870,31,474,82,34,31,-1,-1,-1
871,31,476,80,34,30,-1,-1,-1
872,31,477,78,34,29,-1,-1,-1
873,31,479,76,34,28,-1,-1,-1
874,31,480,75,33,27,-1,-1,-1
875,31,480,74,33,27,-1,-1,-1
876,31,480,74,33,27,-1,-1,-1
911,32,376,181,31,23,-1,-1,-1
912,32,380,177,31,23,-1,-1,-1
913,32,381,175,31,23,-1,-1,-1
914,32,382,174,31,23,-1,-1,-1
922,32,375,170,38,23,-1,-1,-1
923,32,377,168,38,23,-1,-1,-1
924,32,379,167,37,23,-1,-1,-1
1016,34,410,204,47,35,-1,-1,-1
1017,34,412,201,46,35,-1,-1,-1
1018,34,413,199,46,35,-1,-1,-1
1030,35,462,114,34,34,-1,-1,-1
1031,35,463,112,33,34,-1,-1,-1
1032,35,464,111,32,33,-1,-1,-1
1033,35,465,110,31,32,-1,-1,-1
1034,35,467,109,30,31,-1,-1,-1
1035,35,468,107,29,29,-1,-1,-1
1036,35,470,106,28,28,-1,-1,-1
1037,35,471,104,28,27,-1,-1,-1
1038,35,472,102,28,27,-1,-1,-1
1039,35,473,100,28,27,-1,-1,-1
1040,35,474,99,28,26,-1,-1,-1
1041,35,474,98,28,26,-1,-1,-1
1092,37,369,44,19,19,-1,-1,-1
1093,37,368,44,19,19,-1,-1,-1
1094,37,367,44,19,19,-1,-1,-1
1095,37,366,45,19,18,-1,-1,-1
1096,36,328,52,22,19,-1,-1,-1
1096,37,364,45,19,18,-1,-1,-1
1097,36,326,53,21,18,-1,-1,-1
1097,37,363,45,20,19,-1,-1,-1
1098,36,324,53,20,18,-1,-1,-1
1098,37,361,45,20,19,-1,-1,-1
1099,36,322,53,20,18,-1,-1,-1
1099,37,358,45,20,19,-1,-1,-1
1100,36,319,54,20,18,-1,-1,-1
1100,37,356,45,20,19,-1,-1,-1
1101,36,316,54,20,18,-1,-1,-1
1101,37,354,45,20,19,-1,-1,-1
1102,36,313,54,20,18,-1,-1,-1
1102,37,351,46,20,19,-1,-1,-1
1103,36,310,54,21,18,-1,-1,-1
1103,37,349,46,20,19,-1,-1,-1
1104,36,308,54,21,19,-1,-1,-1
1104,37,347,47,20,19,-1,-1,-1
1105,36,305,55,22,19,-1,-1,-1
1105,37,345,47,21,19,-1,-1,-1
1106,36,302,55,24,20,-1,-1,-1
1106,37,343,47,21,20,-1,-1,-1
1107,36,299,56,25,20,-1,-1,-1
1107,37,341,48,22,20,-1,-1,-1
1108,36,296,57,25,20,-1,-1,-1
1108,37,338,48,22,20,-1,-1,-1
1109,36,293,57,25,20,-1,-1,-1
1109,37,336,48,23,19,-1,-1,-1
1110,36,290,58,25,20,-1,-1,-1
1110,37,334,49,23,19,-1,-1,-1
1111,36,287,58,25,21,-1,-1,-1
1111,37,331,49,23,19,-1,-1,-1
1112,36,284,58,26,21,-1,-1,-1
1112,37,329,49,22,19,-1,-1,-1
1113,36,281,58,26,21,-1,-1,-1
1113,37,326,49,22,19,-1,-1,-1
1114,36,277,59,27,21,-1,-1,-1
1114,37,324,50,22,19,-1,-1,-1
1115,36,275,60,27,21,-1,-1,-1
1115,37,321,50,22,20,-1,-1,-1
1116,36,272,61,27,21,-1,-1,-1
1116,37,318,51,22,20,-1,-1,-1
1117,36,269,62,26,21,-1,-1,-1
1117,37,315,51,23,20,-1,-1,-1
1118,36,266,62,26,21,-1,-1,-1
1118,37,312,52,23,20,-1,-1,-1
1119,36,262,62,26,22,-1,-1,-1
1119,37,309,52,24,20,-1,-1,-1
1120,36,259,63,26,22,-1,-1,-1
1120,37,306,53,24,20,-1,-1,-1
1121,36,255,64,27,22,-1,-1,-1
1121,37,303,53,24,20,-1,-1,-1
1122,36,251,64,28,22,-1,-1,-1
1122,37,300,54,25,21,-1,-1,-1
1123,36,247,65,29,22,-1,-1,-1
1123,37,297,54,25,21,-1,-1,-1
1124,36,242,65,31,22,-1,-1,-1
1124,37,294,55,26,21,-1,-1,-1
1124,39,371,44,23,23,-1,-1,-1
1125,36,238,66,31,22,-1,-1,-1
1125,37,290,55,26,21,-1,-1,-1
1125,39,370,44,23,24,-1,-1,-1
1126,36,234,66,32,22,-1,-1,-1
1126,37,287,56,26,21,-1,-1,-1
1126,39,369,44,24,24,-1,-1,-1
1127,36,231,66,32,22,-1,-1,-1
1127,37,284,56,27,21,-1,-1,-1
1127,39,368,44,24,25,-1,-1,-1
1128,36,227,67,32,22,-1,-1,-1
1128,37,281,57,27,21,-1,-1,-1
1128,39,367,45,24,25,-1,-1,-1
1129,36,222,67,32,21,-1,-1,-1
1129,37,278,57,28,22,-1,-1,-1
1129,39,365,45,24,25,-1,-1,-1
1130,36,218,67,31,21,-1,-1,-1
1130,37,275,58,28,22,-1,-1,-1
1130,39,363,46,24,25,-1,-1,-1
1131,36,214,68,31,21,-1,-1,-1
1131,37,272,58,28,22,-1,-1,-1
1131,39,361,46,24,24,-1,-1,-1
1132,36,210,68,31,21,-1,-1,-1
1132,37,269,59,29,22,-1,-1,-1
1132,39,359,46,24,24,-1,-1,-1
1133,36,206,69,31,21,-1,-1,-1
1133,37,266,59,29,22,-1,-1,-1
1133,39,357,46,24,25,-1,-1,-1
1134,36,202,69,31,21,-1,-1,-1
1134,37,263,60,30,22,-1,-1,-1
1134,39,355,46,25,25,-1,-1,-1
1135,36,198,70,32,21,-1,-1,-1
1135,37,260,60,30,22,-1,-1,-1
1135,39,353,46,26,26,-1,-1,-1
1136,36,194,71,32,22,-1,-1,-1
1136,37,258,61,29,22,-1,-1,-1
1136,39,351,46,26,26,-1,-1,-1
1137,36,189,71,33,23,-1,-1,-1
1137,37,256,62,28,22,-1,-1,-1
1137,39,349,46,26,26,-1,-1,-1
1138,36,185,72,33,25,-1,-1,-1
1138,37,253,63,27,21,-1,-1,-1
1138,39,347,47,25,25,-1,-1,-1
1139,36,180,73,34,25,-1,-1,-1
1139,37,249,63,26,21,-1,-1,-1
1139,39,345,47,24,24,-1,-1,-1
1140,36,175,74,34,24,-1,-1,-1
1140,37,245,64,26,20,-1,-1,-1
1140,39,343,47,24,23,-1,-1,-1
1141,36,170,75,34,24,-1,-1,-1
1141,37,242,65,27,20,-1,-1,-1
1141,39,340,46,25,23,-1,-1,-1
1142,36,168,76,35,24,-1,-1,-1
1142,37,239,65,27,20,-1,-1,-1
1142,39,338,47,26,23,-1,-1,-1
1143,36,167,76,35,25,-1,-1,-1
1143,37,235,65,26,20,-1,-1,-1
1143,39,335,47,26,23,-1,-1,-1
1144,37,231,66,26,20,-1,-1,-1
1144,38,277,58,26,22,-1,-1,-1
1144,39,333,48,26,22,-1,-1,-1
1145,37,228,66,25,20,-1,-1,-1
1145,38,275,59,26,22,-1,-1,-1
1145,39,331,48,27,22,-1,-1,-1
1146,37,224,66,25,21,-1,-1,-1
1146,38,273,60,26,22,-1,-1,-1
1146,39,328,47,27,22,-1,-1,-1
1147,37,220,67,25,22,-1,-1,-1
1147,38,270,60,27,21,-1,-1,-1
1147,39,325,47,27,23,-1,-1,-1
1148,37,215,67,25,22,-1,-1,-1
1148,38,267,61,27,22,-1,-1,-1
1148,39,322,48,28,23,-1,-1,-1
1149,37,211,68,25,22,-1,-1,-1
1149,38,264,61,28,23,-1,-1,-1
1149,39,320,48,28,23,-1,-1,-1
1150,37,207,69,26,22,-1,-1,-1
1150,38,260,61,28,24,-1,-1,-1
1150,39,317,48,28,23,-1,-1,-1
1151,37,203,70,26,23,-1,-1,-1
1151,38,257,62,28,24,-1,-1,-1
1151,39,314,49,28,24,-1,-1,-1
1152,37,199,71,26,23,-1,-1,-1
1152,38,254,63,28,24,-1,-1,-1
1152,39,311,49,29,24,-1,-1,-1
1153,37,196,71,26,23,-1,-1,-1
1153,38,250,63,28,23,-1,-1,-1
1153,39,308,50,29,24,-1,-1,-1
1154,37,192,72,26,23,-1,-1,-1
1154,38,246,64,28,23,-1,-1,-1
1154,39,305,50,29,24,-1,-1,-1
1155,37,187,73,27,23,-1,-1,-1
1155,38,242,64,28,23,-1,-1,-1
1155,39,302,51,29,25,-1,-1,-1
1156,37,183,74,28,23,-1,-1,-1
1156,38,238,65,28,22,-1,-1,-1
1156,39,299,52,29,25,-1,-1,-1
1157,37,178,75,28,23,-1,-1,-1
1157,38,234,65,29,23,-1,-1,-1
1157,39,296,52,30,25,-1,-1,-1
1158,37,174,76,29,23,-1,-1,-1
1158,38,230,65,29,22,-1,-1,-1
1158,39,293,53,30,26,-1,-1,-1
1159,37,169,76,28,23,-1,-1,-1
1159,38,226,65,29,23,-1,-1,-1
1159,39,290,53,30,26,-1,-1,-1
1160,37,165,77,28,22,-1,-1,-1
1160,38,222,66,29,22,-1,-1,-1
1160,39,287,54,30,26,-1,-1,-1
1161,37,159,78,28,23,-1,-1,-1
1161,38,218,66,28,23,-1,-1,-1
1161,39,284,54,31,26,-1,-1,-1
1162,37,154,78,29,23,-1,-1,-1
1162,38,214,67,28,22,-1,-1,-1
1162,39,281,55,31,27,-1,-1,-1
1162,40,355,43,30,24,-1,-1,-1
1163,37,148,78,30,23,-1,-1,-1
1163,38,210,68,28,22,-1,-1,-1
1163,39,278,55,31,27,-1,-1,-1
1163,40,353,43,30,24,-1,-1,-1
1164,37,143,79,30,23,-1,-1,-1
1164,38,205,69,29,22,-1,-1,-1
1164,39,276,56,31,27,-1,-1,-1
1164,40,351,42,30,25,-1,-1,-1
1165,37,137,80,30,23,-1,-1,-1
1165,38,201,70,29,23,-1,-1,-1
1165,39,273,57,32,27,-1,-1,-1
1165,40,349,42,31,25,-1,-1,-1
1166,37,132,81,30,23,-1,-1,-1
1166,38,197,71,30,23,-1,-1,-1
1166,39,270,58,32,26,-1,-1,-1
1166,40,348,42,31,25,-1,-1,-1
1167,37,126,82,30,24,-1,-1,-1
1167,38,192,71,31,23,-1,-1,-1
1167,39,268,59,31,26,-1,-1,-1
1167,40,347,43,31,25,-1,-1,-1
1168,37,120,83,31,24,-1,-1,-1
1168,38,188,72,32,24,-1,-1,-1
1168,39,264,59,31,26,-1,-1,-1
1168,40,346,43,31,25,-1,-1,-1
1169,37,114,85,33,25,-1,-1,-1
1169,38,183,72,32,25,-1,-1,-1
1169,39,261,60,31,25,-1,-1,-1
1169,40,345,43,31,25,-1,-1,-1
1170,37,109,86,34,25,-1,-1,-1
1170,38,178,73,33,25,-1,-1,-1
1170,39,258,60,32,25,-1,-1,-1
1170,40,343,43,31,26,-1,-1,-1
1171,37,106,87,34,25,-1,-1,-1
1171,38,174,74,34,25,-1,-1,-1
1171,39,255,61,33,24,-1,-1,-1
1171,40,341,43,31,26,-1,-1,-1
1172,37,105,87,34,25,-1,-1,-1
1172,38,170,75,33,25,-1,-1,-1
1172,39,252,62,33,23,-1,-1,-1
1172,40,339,44,31,26,-1,-1,-1
1173,38,167,76,32,25,-1,-1,-1
1173,39,248,62,34,23,-1,-1,-1
1173,40,336,44,31,26,-1,-1,-1
1174,38,163,76,32,25,-1,-1,-1
1174,39,244,63,34,24,-1,-1,-1
1174,40,334,45,31,26,-1,-1,-1
1175,38,158,77,32,25,-1,-1,-1
1175,39,240,63,35,24,-1,-1,-1
1175,40,332,45,31,26,-1,-1,-1
1176,38,152,78,33,25,-1,-1,-1
1176,39,236,63,35,25,-1,-1,-1
1176,40,330,46,31,26,-1,-1,-1
1177,38,147,78,33,26,-1,-1,-1
1177,39,233,64,35,24,-1,-1,-1
1177,40,328,46,31,26,-1,-1,-1
1178,38,142,78,33,26,-1,-1,-1
1178,39,230,64,34,24,-1,-1,-1
1178,40,325,47,31,27,-1,-1,-1
1179,38,137,79,33,27,-1,-1,-1
1179,39,227,65,33,24,-1,-1,-1
1179,40,323,48,31,27,-1,-1,-1
1180,38,132,80,33,26,-1,-1,-1
1180,39,223,65,33,24,-1,-1,-1
1180,40,320,48,31,27,-1,-1,-1
1181,38,126,82,34,26,-1,-1,-1
1181,39,219,65,32,24,-1,-1,-1
1181,40,317,49,31,27,-1,-1,-1
1182,38,120,83,35,26,-1,-1,-1
1182,39,215,66,32,24,-1,-1,-1
1182,40,314,49,32,27,-1,-1,-1
1183,38,115,84,35,27,-1,-1,-1
1183,39,212,67,31,24,-1,-1,-1
1183,40,311,50,32,27,-1,-1,-1
1184,38,110,84,36,29,-1,-1,-1
1184,39,208,68,31,24,-1,-1,-1
1184,40,308,50,32,27,-1,-1,-1
1185,38,107,84,37,30,-1,-1,-1
1185,39,204,69,30,23,-1,-1,-1
1185,40,306,51,32,27,-1,-1,-1
1186,38,105,84,37,31,-1,-1,-1
1186,39,201,70,30,23,-1,-1,-1
1186,40,303,51,33,27,-1,-1,-1
1187,39,198,71,30,23,-1,-1,-1
1187,40,300,52,33,27,-1,-1,-1
1188,39,194,71,30,23,-1,-1,-1
1188,40,297,52,33,27,-1,-1,-1
1189,39,190,72,30,24,-1,-1,-1
1189,40,294,53,33,27,-1,-1,-1
1190,39,185,73,31,24,-1,-1,-1
1190,40,291,53,34,27,-1,-1,-1
1191,39,182,73,32,24,-1,-1,-1
1191,40,288,54,34,27,-1,-1,-1
1192,39,180,74,32,24,-1,-1,-1
1192,40,286,54,34,27,-1,-1,-1
1193,39,179,74,32,24,-1,-1,-1
1193,40,283,55,34,27,-1,-1,-1
1194,40,280,55,35,27,-1,-1,-1
1195,40,277,56,35,27,-1,-1,-1
1196,40,274,56,35,27,-1,-1,-1
1197,40,272,57,35,27,-1,-1,-1
1198,40,269,58,34,26,-1,-1,-1
1199,40,267,59,33,26,-1,-1,-1
1200,40,264,60,33,25,-1,-1,-1
1201,40,261,60,33,25,-1,-1,-1
1202,40,257,61,33,24,-1,-1,-1
1203,40,254,61,33,23,-1,-1,-1
1204,40,251,62,33,23,-1,-1,-1
1205,40,248,63,33,22,-1,-1,-1
1206,40,245,63,33,22,-1,-1,-1
1207,40,241,64,33,23,-1,-1,-1
1208,40,238,65,33,23,-1,-1,-1
1209,40,235,65,33,23,-1,-1,-1
1210,40,231,66,33,23,-1,-1,-1
1211,40,228,66,33,24,-1,-1,-1
1212,40,224,67,33,24,-1,-1,-1
1213,40,221,67,33,24,-1,-1,-1
1214,40,218,68,33,24,-1,-1,-1
1215,40,214,68,33,25,-1,-1,-1
1216,40,211,69,33,25,-1,-1,-1
1217,40,208,69,33,25,-1,-1,-1
1218,40,204,70,33,26,-1,-1,-1
1219,40,201,70,33,26,-1,-1,-1
1220,40,197,71,33,26,-1,-1,-1
1221,40,194,71,33,26,-1,-1,-1
1222,40,191,72,33,27,-1,-1,-1
1223,40,187,72,33,27,-1,-1,-1
1224,40,184,73,33,27,-1,-1,-1
1225,40,181,74,33,26,-1,-1,-1
1226,40,178,74,33,26,-1,-1,-1
1227,40,173,75,34,26,-1,-1,-1
1228,40,169,76,34,26,-1,-1,-1
1229,40,165,76,35,26,-1,-1,-1
1230,40,161,77,36,26,-1,-1,-1
1231,40,157,78,36,26,-1,-1,-1
1232,40,153,78,36,26,-1,-1,-1
1233,40,149,79,36,26,-1,-1,-1
1234,40,145,79,37,26,-1,-1,-1
1235,40,141,79,36,27,-1,-1,-1
1236,40,137,79,36,28,-1,-1,-1
1237,40,132,81,35,29,-1,-1,-1
1238,40,127,82,36,30,-1,-1,-1
1239,40,123,83,37,31,-1,-1,-1
1240,40,119,83,37,31,-1,-1,-1
1241,40,114,84,39,31,-1,-1,-1
1242,40,109,85,41,31,-1,-1,-1
1243,40,103,86,44,32,-1,-1,-1
1244,40,99,86,46,33,-1,-1,-1
1245,40,94,86,47,34,-1,-1,-1
1246,40,91,86,48,35,-1,-1,-1
1247,40,86,86,49,36,-1,-1,-1
1248,40,81,87,49,37,-1,-1,-1
1249,40,77,87,49,37,-1,-1,-1
1250,40,73,87,49,37,-1,-1,-1
1251,40,69,87,49,38,-1,-1,-1
1252,40,64,87,49,38,-1,-1,-1
1253,40,60,87,49,40,-1,-1,-1
1254,40,55,87,49,40,-1,-1,-1
1255,40,50,87,49,40,-1,-1,-1
1256,40,46,88,49,40,-1,-1,-1
1257,40,41,89,49,40,-1,-1,-1
1258,40,36,90,49,40,-1,-1,-1
1259,40,31,92,49,40,-1,-1,-1
1260,40,26,93,49,40,-1,-1,-1
1261,40,22,94,49,39,-1,-1,-1
1262,40,19,95,49,39,-1,-1,-1
1263,40,16,96,48,39,-1,-1,-1
1264,40,13,97,47,38,-1,-1,-1
1265,40,12,97,47,38,-1,-1,-1
1266,40,11,97,47,38,-1,-1,-1
1294,42,334,48,24,20,-1,-1,-1
1295,41,352,65,25,23,-1,-1,-1
1295,42,332,48,24,20,-1,-1,-1
1296,41,350,65,25,23,-1,-1,-1
1296,42,330,48,24,20,-1,-1,-1
1297,41,349,65,26,23,-1,-1,-1
1297,42,327,48,24,20,-1,-1,-1
1298,41,347,65,26,23,-1,-1,-1
1298,42,324,49,24,20,-1,-1,-1
1299,41,344,66,27,23,-1,-1,-1
1299,42,322,49,24,20,-1,-1,-1
1300,41,342,66,27,23,-1,-1,-1
1300,42,321,49,24,20,-1,-1,-1
1301,41,339,68,28,23,-1,-1,-1
1301,42,320,49,24,20,-1,-1,-1
1302,41,336,69,28,23,-1,-1,-1
1303,41,334,70,29,24,-1,-1,-1
1304,41,331,71,29,24,-1,-1,-1
1305,41,329,71,29,26,-1,-1,-1
1306,41,326,72,29,27,-1,-1,-1
1307,41,324,72,29,27,-1,-1,-1
1308,41,321,73,29,27,-1,-1,-1
1309,41,317,74,30,28,-1,-1,-1
1310,41,313,75,31,29,-1,-1,-1
1311,41,310,76,31,30,-1,-1,-1
1312,41,306,76,31,32,-1,-1,-1
1313,41,302,77,32,31,-1,-1,-1
1314,41,299,78,33,30,-1,-1,-1
1314,43,416,49,22,18,-1,-1,-1
1315,41,297,79,33,29,-1,-1,-1
1315,43,415,48,22,18,-1,-1,-1
1316,41,296,79,33,29,-1,-1,-1
1316,43,415,48,22,18,-1,-1,-1
1317,43,414,48,22,18,-1,-1,-1
1318,43,413,48,23,18,-1,-1,-1
1319,43,412,49,23,18,-1,-1,-1
1320,43,411,49,23,18,-1,-1,-1
1321,43,409,49,24,17,-1,-1,-1
1322,43,408,50,24,17,-1,-1,-1
1323,43,407,50,24,17,-1,-1,-1
1324,43,405,51,23,18,-1,-1,-1
1325,43,404,51,23,18,-1,-1,-1
1326,43,402,51,23,19,-1,-1,-1
1327,43,400,52,23,19,-1,-1,-1
1328,43,399,52,23,20,-1,-1,-1
1328,49,347,46,22,20,-1,-1,-1
1329,43,397,52,24,20,-1,-1,-1
1329,44,204,69,28,22,-1,-1,-1
1329,49,346,47,22,20,-1,-1,-1
1330,43,396,53,25,20,-1,-1,-1
1330,44,200,70,28,22,-1,-1,-1
1330,49,345,47,22,20,-1,-1,-1
1331,43,394,53,25,20,-1,-1,-1
1331,44,197,71,27,22,-1,-1,-1
1331,49,344,48,22,20,-1,-1,-1
1332,43,393,54,26,20,-1,-1,-1
1332,44,193,72,27,22,-1,-1,-1
1332,49,342,48,22,20,-1,-1,-1
1333,43,392,55,27,20,-1,-1,-1
1333,44,188,73,27,22,-1,-1,-1
1333,49,341,48,22,20,-1,-1,-1
1334,43,391,56,27,21,-1,-1,-1
1334,44,184,74,28,22,-1,-1,-1
1334,49,339,48,22,20,-1,-1,-1
1335,43,389,56,27,22,-1,-1,-1
1335,44,179,75,29,22,-1,-1,-1
1335,49,337,49,22,20,-1,-1,-1
1336,43,388,57,27,23,-1,-1,-1
1336,44,174,76,29,22,-1,-1,-1
1336,49,335,49,22,20,-1,-1,-1
1337,43,387,58,28,23,-1,-1,-1
1337,44,168,77,30,22,-1,-1,-1
1337,49,333,49,22,20,-1,-1,-1
1338,43,385,58,28,23,-1,-1,-1
1338,44,163,77,30,23,-1,-1,-1
1338,49,331,49,22,20,-1,-1,-1
1339,43,382,59,28,23,-1,-1,-1
1339,44,158,78,31,24,-1,-1,-1
1339,49,330,50,22,20,-1,-1,-1
1340,43,380,60,29,22,-1,-1,-1
1340,44,152,78,31,24,-1,-1,-1
1340,49,328,50,23,20,-1,-1,-1
1341,43,378,60,30,22,-1,-1,-1
1341,44,146,79,32,25,-1,-1,-1
1341,49,326,50,23,20,-1,-1,-1
1342,43,376,61,30,22,-1,-1,-1
1342,44,140,79,32,26,-1,-1,-1
1342,45,270,66,32,23,-1,-1,-1
1342,49,324,50,23,20,-1,-1,-1
1343,43,375,61,30,23,-1,-1,-1
1343,44,137,79,33,26,-1,-1,-1
1343,45,267,67,32,23,-1,-1,-1
1343,49,322,51,23,20,-1,-1,-1
1344,43,373,61,30,24,-1,-1,-1
1344,44,135,80,33,26,-1,-1,-1
1344,45,264,67,31,23,-1,-1,-1
1344,49,320,51,23,20,-1,-1,-1
1345,43,371,61,30,24,-1,-1,-1
1345,45,259,68,32,24,-1,-1,-1
1345,49,318,51,23,20,-1,-1,-1
1346,43,369,62,30,25,-1,-1,-1
1346,45,254,69,33,24,-1,-1,-1
1346,49,316,51,23,20,-1,-1,-1
1347,43,366,62,30,25,-1,-1,-1
1347,45,248,71,35,24,-1,-1,-1
1347,49,315,52,23,20,-1,-1,-1
1348,43,365,63,30,25,-1,-1,-1
1348,45,243,72,35,24,-1,-1,-1
1348,49,313,52,23,20,-1,-1,-1
1349,43,363,63,30,25,-1,-1,-1
1349,45,240,73,35,24,-1,-1,-1
1349,49,311,52,23,20,-1,-1,-1
1350,43,361,64,30,25,-1,-1,-1
1350,45,239,73,35,24,-1,-1,-1
1350,49,309,52,24,20,-1,-1,-1
1351,43,359,64,29,25,-1,-1,-1
1351,46,71,87,42,36,-1,-1,-1
1351,49,307,53,24,20,-1,-1,-1
1352,43,358,64,29,25,-1,-1,-1
1352,46,65,87,45,37,-1,-1,-1
1352,49,305,53,24,20,-1,-1,-1
1353,43,357,64,29,26,-1,-1,-1
1353,46,60,87,48,39,-1,-1,-1
1353,49,303,53,24,20,-1,-1,-1
1354,46,53,87,50,40,-1,-1,-1
1354,49,301,53,24,20,-1,-1,-1
1355,46,47,87,50,41,-1,-1,-1
1355,48,278,57,28,23,-1,-1,-1
1355,49,300,54,24,20,-1,-1,-1
1356,46,45,87,49,41,-1,-1,-1
1356,48,275,57,28,23,-1,-1,-1
1356,49,298,54,24,20,-1,-1,-1
1357,46,43,86,49,42,-1,-1,-1
1357,48,273,58,29,23,-1,-1,-1
1357,49,296,54,24,20,-1,-1,-1
1358,48,270,58,29,23,-1,-1,-1
1358,49,294,54,24,20,-1,-1,-1
1359,48,268,59,29,23,-1,-1,-1
1359,49,292,55,24,20,-1,-1,-1
1360,48,265,59,30,23,-1,-1,-1
1360,49,290,55,25,20,-1,-1,-1
1361,48,261,59,31,24,-1,-1,-1
1361,49,288,55,25,20,-1,-1,-1
1362,48,258,60,32,24,-1,-1,-1
1362,49,286,55,25,20,-1,-1,-1
1363,48,255,60,33,24,-1,-1,-1
1363,49,285,56,25,20,-1,-1,-1
1364,48,252,60,33,24,-1,-1,-1
1364,49,283,56,25,20,-1,-1,-1
1365,48,249,61,33,23,-1,-1,-1
1365,49,281,56,25,20,-1,-1,-1
1366,48,246,62,33,23,-1,-1,-1
1366,49,279,56,25,20,-1,-1,-1
1367,47,430,179,33,26,-1,-1,-1
1367,48,243,63,32,23,-1,-1,-1
1367,49,277,57,25,20,-1,-1,-1
1368,47,432,174,32,26,-1,-1,-1
1368,48,241,63,31,23,-1,-1,-1
1368,49,275,57,25,20,-1,-1,-1
1369,47,433,173,32,26,-1,-1,-1
1369,48,237,64,30,23,-1,-1,-1
1369,49,273,57,26,20,-1,-1,-1
1370,47,434,172,32,25,-1,-1,-1
1370,48,234,64,29,23,-1,-1,-1
1370,49,271,57,26,20,-1,-1,-1
1370,50,489,75,28,21,-1,-1,-1
1371,48,230,65,28,23,-1,-1,-1
1371,49,269,58,26,21,-1,-1,-1
1371,50,489,74,28,20,-1,-1,-1
1372,48,226,66,27,23,-1,-1,-1
1372,49,266,58,26,21,-1,-1,-1
1372,50,489,74,27,20,-1,-1,-1
1373,48,222,66,27,23,-1,-1,-1
1373,49,263,58,26,22,-1,-1,-1
1373,50,490,74,27,19,-1,-1,-1
1374,48,218,67,27,23,-1,-1,-1
1374,49,260,59,26,22,-1,-1,-1
1374,50,490,73,27,19,-1,-1,-1
1375,48,214,67,27,23,-1,-1,-1
1375,49,256,60,27,22,-1,-1,-1
1375,50,491,72,27,19,-1,-1,-1
1376,48,210,68,27,23,-1,-1,-1
1376,49,252,61,27,22,-1,-1,-1
1376,50,491,70,27,20,-1,-1,-1
1377,48,207,68,26,23,-1,-1,-1
1377,49,248,62,27,23,-1,-1,-1
1377,50,492,68,27,21,-1,-1,-1
1378,48,203,69,26,23,-1,-1,-1
1378,49,245,63,28,23,-1,-1,-1
1378,50,493,66,27,22,-1,-1,-1
1379,48,199,70,26,22,-1,-1,-1
1379,49,242,64,28,24,-1,-1,-1
1379,50,493,64,28,22,-1,-1,-1
1380,48,194,71,27,22,-1,-1,-1
1380,49,239,64,29,23,-1,-1,-1
1380,50,494,62,28,23,-1,-1,-1
1381,48,190,72,27,22,-1,-1,-1
1381,49,236,65,28,23,-1,-1,-1
1381,50,493,61,30,23,-1,-1,-1
1382,48,186,72,27,22,-1,-1,-1
1382,49,233,66,28,23,-1,-1,-1
1382,50,494,60,30,23,-1,-1,-1
1383,48,182,73,27,23,-1,-1,-1
1383,49,229,66,27,23,-1,-1,-1
1383,50,494,60,31,22,-1,-1,-1
1384,48,179,74,28,23,-1,-1,-1
1384,49,226,66,27,24,-1,-1,-1
1384,50,494,60,31,22,-1,-1,-1
1385,48,177,74,28,24,-1,-1,-1
1385,49,223,67,26,24,-1,-1,-1
1385,50,494,60,31,21,-1,-1,-1
1386,48,176,75,29,23,-1,-1,-1
1386,49,220,67,26,24,-1,-1,-1
1387,49,216,68,26,24,-1,-1,-1
1388,49,211,68,26,24,-1,-1,-1
1389,49,207,69,26,24,-1,-1,-1
1390,49,203,70,26,24,-1,-1,-1
1391,49,198,70,27,24,-1,-1,-1
1391,51,146,79,30,23,-1,-1,-1
1392,49,194,71,28,24,-1,-1,-1
1392,51,144,80,31,22,-1,-1,-1
1393,49,190,72,29,25,-1,-1,-1
1393,51,143,80,31,22,-1,-1,-1
1394,49,185,72,31,26,-1,-1,-1
1395,49,181,73,32,26,-1,-1,-1
1396,49,179,74,33,26,-1,-1,-1
1397,49,178,74,33,26,-1,-1,-1
1398,55,396,47,24,21,-1,-1,-1
1399,55,395,47,25,22,-1,-1,-1
1400,55,395,47,25,22,-1,-1,-1
1401,55,394,47,25,23,-1,-1,-1
1402,55,394,48,25,23,-1,-1,-1
1403,55,394,48,24,23,-1,-1,-1
1404,55,393,48,24,24,-1,-1,-1
1405,55,392,48,24,24,-1,-1,-1
1406,55,391,48,24,25,-1,-1,-1
1406,56,447,32,20,20,-1,-1,-1
1407,55,391,49,23,25,-1,-1,-1
1407,56,446,32,20,20,-1,-1,-1
1408,55,390,49,23,25,-1,-1,-1
1408,56,446,32,20,20,-1,-1,-1
1409,55,388,50,23,25,-1,-1,-1
1409,56,445,32,20,20,-1,-1,-1
1410,55,386,51,23,26,-1,-1,-1
1410,56,444,32,21,21,-1,-1,-1
1411,55,385,52,24,27,-1,-1,-1
1411,56,443,32,22,21,-1,-1,-1
1412,53,352,59,24,27,-1,-1,-1
1412,55,383,53,23,26,-1,-1,-1
1412,56,442,32,22,21,-1,-1,-1
1413,53,351,59,24,27,-1,-1,-1
1413,55,382,53,23,25,-1,-1,-1
1413,56,442,31,22,20,-1,-1,-1
1414,53,350,59,24,27,-1,-1,-1
1414,55,381,53,23,24,-1,-1,-1
1414,56,441,31,22,20,-1,-1,-1
1415,53,348,59,24,27,-1,-1,-1
1415,55,379,53,23,24,-1,-1,-1
1415,56,441,31,22,20,-1,-1,-1
1416,53,346,60,23,26,-1,-1,-1
1416,55,378,54,23,24,-1,-1,-1
1416,56,441,31,22,20,-1,-1,-1
1417,53,344,61,23,25,-1,-1,-1
1417,55,376,54,24,24,-1,-1,-1
1417,56,440,31,22,19,-1,-1,-1
1418,53,341,63,23,25,-1,-1,-1
1418,55,374,55,24,24,-1,-1,-1
1418,56,439,31,22,19,-1,-1,-1
1419,53,338,64,23,25,-1,-1,-1
1419,55,373,55,25,24,-1,-1,-1
1419,56,439,31,21,18,-1,-1,-1
1420,53,335,65,23,24,-1,-1,-1
1420,55,371,56,25,25,-1,-1,-1
1420,56,437,32,21,18,-1,-1,-1
1421,52,279,91,35,32,-1,-1,-1
1421,53,331,66,23,23,-1,-1,-1
1421,55,369,56,26,25,-1,-1,-1
1421,56,436,32,21,18,-1,-1,-1
1422,52,275,93,34,33,-1,-1,-1
1422,53,328,67,23,22,-1,-1,-1
1422,55,367,57,27,25,-1,-1,-1
1422,56,435,32,21,19,-1,-1,-1
1423,52,274,93,34,33,-1,-1,-1
1423,53,325,69,23,22,-1,-1,-1
1423,55,365,58,27,26,-1,-1,-1
1423,56,433,32,21,19,-1,-1,-1
1424,52,271,94,34,33,-1,-1,-1
1424,53,322,70,24,23,-1,-1,-1
1424,55,362,59,27,28,-1,-1,-1
1424,56,432,33,21,19,-1,-1,-1
1425,53,318,71,25,25,-1,-1,-1
1425,55,360,59,27,29,-1,-1,-1
1425,56,430,33,21,20,-1,-1,-1
1426,53,314,72,26,26,-1,-1,-1
1426,55,358,60,27,29,-1,-1,-1
1426,56,429,33,21,20,-1,-1,-1
1427,53,311,73,28,27,-1,-1,-1
1427,55,355,60,28,29,-1,-1,-1
1427,56,429,34,21,20,-1,-1,-1
1428,53,307,74,29,29,-1,-1,-1
1428,55,352,61,28,29,-1,-1,-1
1428,56,428,34,21,20,-1,-1,-1
1429,53,304,75,30,30,-1,-1,-1
1429,54,404,49,22,21,-1,-1,-1
1429,55,350,61,29,30,-1,-1,-1
1429,56,428,34,21,20,-1,-1,-1
1430,53,300,75,30,31,-1,-1,-1
1430,54,402,49,22,22,-1,-1,-1
1430,55,348,62,30,30,-1,-1,-1
1430,56,428,34,20,20,-1,-1,-1
1431,53,297,76,30,31,-1,-1,-1
1431,54,401,49,23,22,-1,-1,-1
1431,55,345,63,30,29,-1,-1,-1
1431,56,427,35,20,19,-1,-1,-1
1432,53,293,76,31,32,-1,-1,-1
1432,54,400,49,23,23,-1,-1,-1
1432,55,343,63,31,29,-1,-1,-1
1432,56,426,35,20,19,-1,-1,-1
1433,53,291,76,31,32,-1,-1,-1
1433,54,399,49,24,23,-1,-1,-1
1433,55,341,63,31,30,-1,-1,-1
1433,56,424,35,20,19,-1,-1,-1
1434,53,289,76,31,34,-1,-1,-1
1434,54,398,49,24,23,-1,-1,-1
1434,55,338,63,31,31,-1,-1,-1
1434,56,423,35,20,19,-1,-1,-1
1435,54,398,50,24,23,-1,-1,-1
1435,55,335,64,32,32,-1,-1,-1
1435,56,422,36,20,19,-1,-1,-1
1436,54,397,51,24,22,-1,-1,-1
1436,55,332,65,32,33,-1,-1,-1
1436,56,421,36,20,19,-1,-1,-1
1437,54,396,52,23,21,-1,-1,-1
1437,55,329,66,32,34,-1,-1,-1
1437,56,420,36,19,19,-1,-1,-1
1438,54,395,52,23,20,-1,-1,-1
1438,55,326,67,32,35,-1,-1,-1
1438,56,419,36,19,18,-1,-1,-1
1439,54,394,53,23,20,-1,-1,-1
1439,55,323,68,32,35,-1,-1,-1
1439,56,418,36,18,18,-1,-1,-1
1440,54,392,54,23,20,-1,-1,-1
1440,55,320,68,32,36,-1,-1,-1
1440,56,417,37,18,18,-1,-1,-1
1441,54,389,55,24,21,-1,-1,-1
1441,55,319,69,32,36,-1,-1,-1
1441,56,416,37,18,17,-1,-1,-1
1442,54,387,56,25,21,-1,-1,-1
1442,55,319,69,32,36,-1,-1,-1
1442,56,416,37,18,17,-1,-1,-1
1443,54,385,57,25,21,-1,-1,-1
1443,56,415,37,18,17,-1,-1,-1
1444,54,384,57,25,21,-1,-1,-1
1445,54,383,58,25,21,-1,-1,-1
1446,54,381,58,25,21,-1,-1,-1
1447,54,380,59,26,22,-1,-1,-1
1448,54,378,59,26,22,-1,-1,-1
1449,54,376,60,26,22,-1,-1,-1
1450,54,374,60,27,23,-1,-1,-1
1451,54,372,60,27,23,-1,-1,-1
1452,54,371,61,27,23,-1,-1,-1
1453,54,369,61,27,23,-1,-1,-1
1454,54,367,61,27,23,-1,-1,-1
1455,54,366,61,27,23,-1,-1,-1
1455,57,397,38,23,19,-1,-1,-1
1456,54,364,61,27,23,-1,-1,-1
1456,57,395,38,23,19,-1,-1,-1
1457,54,363,62,27,23,-1,-1,-1
1457,57,394,38,23,20,-1,-1,-1
1458,54,360,62,27,23,-1,-1,-1
1458,57,393,38,23,20,-1,-1,-1
1459,54,358,63,27,24,-1,-1,-1
1459,57,391,38,23,20,-1,-1,-1
1460,54,355,63,28,25,-1,-1,-1
1460,57,389,39,23,20,-1,-1,-1
1461,54,352,64,28,26,-1,-1,-1
1461,57,387,40,23,20,-1,-1,-1
1462,54,350,64,29,26,-1,-1,-1
1462,57,385,41,23,20,-1,-1,-1
1463,54,347,65,30,26,-1,-1,-1
1463,57,383,42,23,19,-1,-1,-1
1464,54,344,67,30,26,-1,-1,-1
1464,57,381,42,23,19,-1,-1,-1
1465,54,343,68,30,26,-1,-1,-1
1465,57,379,42,22,19,-1,-1,-1
1466,54,342,68,30,26,-1,-1,-1
1466,57,378,43,22,19,-1,-1,-1
1467,57,376,43,21,19,-1,-1,-1
1468,57,374,44,22,19,-1,-1,-1
1469,57,372,45,22,20,-1,-1,-1
1470,57,370,45,22,21,-1,-1,-1
1471,57,368,46,22,21,-1,-1,-1
1472,57,366,47,22,21,-1,-1,-1
1473,57,364,47,22,22,-1,-1,-1
1474,57,362,48,23,22,-1,-1,-1
1475,57,359,47,23,22,-1,-1,-1
1476,57,356,47,24,22,-1,-1,-1
1477,57,354,46,24,22,-1,-1,-1
1478,57,351,47,25,22,-1,-1,-1
1479,57,349,46,24,22,-1,-1,-1
1480,57,347,47,25,22,-1,-1,-1
1481,57,344,46,25,22,-1,-1,-1
1482,57,341,46,25,22,-1,-1,-1
1483,57,338,47,26,23,-1,-1,-1
1484,57,334,47,27,23,-1,-1,-1
1485,57,332,47,28,22,-1,-1,-1
1486,57,329,48,29,22,-1,-1,-1
1487,57,326,48,29,23,-1,-1,-1
1488,57,323,48,28,23,-1,-1,-1
1489,57,320,49,28,23,-1,-1,-1
1490,57,317,50,28,23,-1,-1,-1
1491,57,314,50,28,23,-1,-1,-1
1492,57,311,51,28,23,-1,-1,-1
1493,57,308,52,28,23,-1,-1,-1
1494,57,305,53,28,23,-1,-1,-1
1495,57,301,54,29,23,-1,-1,-1
1496,57,298,55,30,23,-1,-1,-1
1497,57,294,55,30,24,-1,-1,-1
1498,57,291,55,31,24,-1,-1,-1
1499,57,287,56,32,24,-1,-1,-1
1500,57,284,57,32,25,-1,-1,-1
1501,57,280,57,33,25,-1,-1,-1
1502,57,276,58,34,26,-1,-1,-1
1503,57,273,58,35,26,-1,-1,-1
1504,57,270,59,35,25,-1,-1,-1
1505,57,268,59,35,25,-1,-1,-1
1506,57,268,59,34,25,-1,-1,-1
1594,58,457,83,33,21,-1,-1,-1
1595,58,457,82,33,21,-1,-1,-1
1596,58,458,81,33,21,-1,-1,-1
1597,58,459,80,33,21,-1,-1,-1
1598,58,460,79,33,21,-1,-1,-1
1599,58,461,78,33,21,-1,-1,-1
1600,58,462,77,34,21,-1,-1,-1
1601,58,463,76,34,21,-1,-1,-1
1601,59,356,58,37,24,-1,-1,-1
1602,58,464,75,33,21,-1,-1,-1
1602,59,355,58,37,24,-1,-1,-1
1603,58,465,74,32,21,-1,-1,-1
1603,59,354,59,37,24,-1,-1,-1
1604,58,466,74,31,20,-1,-1,-1
1604,59,354,60,37,24,-1,-1,-1
1604,60,364,47,23,19,-1,-1,-1
1605,58,467,74,30,20,-1,-1,-1
1605,59,353,61,36,24,-1,-1,-1
1605,60,363,47,23,18,-1,-1,-1
1606,58,468,73,30,20,-1,-1,-1
1606,59,353,61,36,24,-1,-1,-1
1606,60,361,47,23,18,-1,-1,-1
1607,59,353,62,36,24,-1,-1,-1
1607,60,359,47,23,18,-1,-1,-1
1608,60,357,47,24,18,-1,-1,-1
1609,60,355,46,24,19,-1,-1,-1
1610,60,354,46,24,19,-1,-1,-1
1611,60,352,46,24,19,-1,-1,-1
1612,60,351,46,24,19,-1,-1,-1
1613,60,350,47,24,19,-1,-1,-1
1614,60,348,47,24,19,-1,-1,-1
1615,60,346,47,24,19,-1,-1,-1
1616,60,344,48,24,20,-1,-1,-1
1617,60,342,48,24,20,-1,-1,-1
1618,60,340,48,24,21,-1,-1,-1
1619,60,338,48,24,21,-1,-1,-1
1620,60,337,48,24,21,-1,-1,-1
1621,60,335,48,24,22,-1,-1,-1
1622,60,333,49,24,21,-1,-1,-1
1623,60,330,49,24,21,-1,-1,-1
1624,60,328,49,23,20,-1,-1,-1
1625,60,326,50,23,20,-1,-1,-1
1626,60,323,50,23,20,-1,-1,-1
1627,60,321,50,23,20,-1,-1,-1
1628,60,319,50,23,20,-1,-1,-1
1629,60,317,51,23,20,-1,-1,-1
1630,60,314,51,23,20,-1,-1,-1
1631,60,312,52,23,20,-1,-1,-1
1632,60,309,53,23,20,-1,-1,-1
1633,60,306,53,23,20,-1,-1,-1
1634,60,304,53,23,20,-1,-1,-1
1634,63,370,47,21,17,-1,-1,-1
1635,60,301,53,23,21,-1,-1,-1
1635,63,369,47,21,17,-1,-1,-1
1636,60,298,53,24,22,-1,-1,-1
1636,63,368,47,22,18,-1,-1,-1
1637,60,295,53,24,22,-1,-1,-1
1637,63,367,48,22,17,-1,-1,-1
1638,60,291,53,25,23,-1,-1,-1
1638,63,365,48,22,17,-1,-1,-1
1639,60,288,54,26,23,-1,-1,-1
1639,63,363,48,22,17,-1,-1,-1
1640,60,284,54,27,24,-1,-1,-1
1640,63,360,48,22,17,-1,-1,-1
1641,60,281,54,28,24,-1,-1,-1
1641,63,357,48,22,17,-1,-1,-1
1642,60,277,55,29,25,-1,-1,-1
1642,63,354,48,22,18,-1,-1,-1
1643,60,273,55,30,25,-1,-1,-1
1643,61,351,70,25,19,-1,-1,-1
1643,63,352,47,23,18,-1,-1,-1
1644,60,269,56,31,26,-1,-1,-1
1644,61,348,71,26,20,-1,-1,-1
1644,63,350,47,23,18,-1,-1,-1
1645,60,266,56,32,26,-1,-1,-1
1645,61,345,72,28,20,-1,-1,-1
1645,63,349,48,24,18,-1,-1,-1
1646,60,262,57,33,27,-1,-1,-1
1646,61,342,72,29,21,-1,-1,-1
1646,63,346,48,24,18,-1,-1,-1
1647,60,259,57,34,27,-1,-1,-1
1647,61,339,73,31,22,-1,-1,-1
1647,63,344,48,23,18,-1,-1,-1
1648,60,256,58,34,27,-1,-1,-1
1648,61,336,73,32,23,-1,-1,-1
1648,63,341,49,23,19,-1,-1,-1
1649,60,253,59,34,26,-1,-1,-1
1649,61,334,74,32,24,-1,-1,-1
1649,62,368,46,20,18,-1,-1,-1
1649,63,339,49,23,20,-1,-1,-1
1650,60,251,60,34,25,-1,-1,-1
1650,61,331,75,32,25,-1,-1,-1
1650,62,368,46,20,18,-1,-1,-1
1650,63,338,49,23,20,-1,-1,-1
1651,60,247,61,34,25,-1,-1,-1
1651,61,328,76,33,26,-1,-1,-1
1651,62,368,46,20,18,-1,-1,-1
1651,63,336,49,23,20,-1,-1,-1
1652,60,244,62,34,25,-1,-1,-1
1652,61,325,77,33,26,-1,-1,-1
1652,63,334,49,23,20,-1,-1,-1
1653,60,241,62,34,25,-1,-1,-1
1653,61,322,78,32,26,-1,-1,-1
1653,63,332,49,22,20,-1,-1,-1
1654,60,237,63,33,24,-1,-1,-1
1654,61,320,79,31,26,-1,-1,-1
1654,63,330,49,22,20,-1,-1,-1
1655,60,234,63,33,23,-1,-1,-1
1655,61,316,80,32,27,-1,-1,-1
1655,63,328,49,22,20,-1,-1,-1
1656,60,231,64,32,23,-1,-1,-1
1656,61,313,81,33,28,-1,-1,-1
1656,63,325,49,23,20,-1,-1,-1
1657,60,227,64,32,22,-1,-1,-1
1657,61,308,83,34,30,-1,-1,-1
1657,63,323,49,23,21,-1,-1,-1
1658,60,224,64,31,22,-1,-1,-1
1658,61,303,83,35,32,-1,-1,-1
1658,63,320,49,23,21,-1,-1,-1
1659,60,220,64,31,22,-1,-1,-1
1659,61,299,84,35,32,-1,-1,-1
1659,63,318,50,23,20,-1,-1,-1
1660,60,216,65,31,23,-1,-1,-1
1660,61,294,85,35,32,-1,-1,-1
1660,63,315,51,23,20,-1,-1,-1
1661,60,213,66,31,23,-1,-1,-1
1661,61,289,86,36,32,-1,-1,-1
1661,63,312,52,23,19,-1,-1,-1
1662,60,209,66,31,23,-1,-1,-1
1662,61,284,87,37,32,-1,-1,-1
1662,63,309,53,23,20,-1,-1,-1
1663,60,205,67,30,23,-1,-1,-1
1663,61,279,89,38,32,-1,-1,-1
1663,63,307,53,23,20,-1,-1,-1
1664,60,201,67,29,23,-1,-1,-1
1664,61,274,91,39,32,-1,-1,-1
1664,63,304,53,23,20,-1,-1,-1
1664,66,334,49,23,18,-1,-1,-1
1665,60,196,69,29,23,-1,-1,-1
1665,61,269,92,38,34,-1,-1,-1
1665,63,301,54,23,20,-1,-1,-1
1665,66,332,49,23,18,-1,-1,-1
1666,60,192,70,30,24,-1,-1,-1
1666,61,264,94,38,35,-1,-1,-1
1666,63,298,54,24,20,-1,-1,-1
1666,66,331,49,23,18,-1,-1,-1
1667,60,187,71,30,25,-1,-1,-1
1667,61,258,95,38,35,-1,-1,-1
1667,63,295,56,25,20,-1,-1,-1
1667,66,329,49,23,18,-1,-1,-1
1668,60,184,72,31,25,-1,-1,-1
1668,61,252,97,38,36,-1,-1,-1
1668,63,292,56,25,20,-1,-1,-1
1668,66,327,48,23,18,-1,-1,-1
1669,60,179,73,31,25,-1,-1,-1
1669,61,245,99,38,35,-1,-1,-1
1669,63,289,57,26,20,-1,-1,-1
1669,66,324,49,22,18,-1,-1,-1
1669,68,400,39,22,18,-1,-1,-1
1670,60,175,73,30,25,-1,-1,-1
1670,61,238,101,38,36,-1,-1,-1
1670,63,286,57,27,20,-1,-1,-1
1670,66,322,49,22,18,-1,-1,-1
1670,68,400,39,22,18,-1,-1,-1
1671,60,170,74,30,24,-1,-1,-1
1671,61,230,104,40,36,-1,-1,-1
1671,63,283,57,27,20,-1,-1,-1
1671,66,320,50,22,18,-1,-1,-1
1671,68,399,39,22,18,-1,-1,-1
1672,60,166,75,30,24,-1,-1,-1
1672,61,226,105,41,36,-1,-1,-1
1672,63,279,57,27,21,-1,-1,-1
1672,66,318,50,23,18,-1,-1,-1
1672,68,398,39,22,18,-1,-1,-1
1673,60,161,75,30,24,-1,-1,-1
1673,61,222,106,43,37,-1,-1,-1
1673,63,276,57,28,21,-1,-1,-1
1673,66,316,51,23,19,-1,-1,-1
1673,68,396,40,22,18,-1,-1,-1
1674,60,157,76,29,24,-1,-1,-1
1674,63,273,58,28,21,-1,-1,-1
1674,66,313,51,23,19,-1,-1,-1
1674,68,395,40,22,18,-1,-1,-1
1675,60,151,77,29,25,-1,-1,-1
1675,63,271,58,28,21,-1,-1,-1
1675,66,310,52,23,19,-1,-1,-1
1675,68,393,40,22,18,-1,-1,-1
1676,60,146,77,29,26,-1,-1,-1
1676,63,268,59,28,21,-1,-1,-1
1676,66,307,52,24,19,-1,-1,-1
1676,68,391,41,22,18,-1,-1,-1
1677,60,141,77,29,26,-1,-1,-1
1677,63,265,59,29,21,-1,-1,-1
1677,66,303,53,24,19,-1,-1,-1
1677,68,389,41,22,18,-1,-1,-1
1678,60,138,78,29,27,-1,-1,-1
1678,63,261,59,30,22,-1,-1,-1
1678,66,300,53,24,20,-1,-1,-1
1678,68,388,41,22,18,-1,-1,-1
1679,60,137,78,29,27,-1,-1,-1
1679,63,258,60,31,22,-1,-1,-1
1679,66,297,54,25,20,-1,-1,-1
1679,68,386,41,22,18,-1,-1,-1
1680,63,255,61,32,22,-1,-1,-1
1680,66,294,55,25,20,-1,-1,-1
1680,68,384,42,22,18,-1,-1,-1
1681,63,252,62,32,22,-1,-1,-1
1681,66,290,55,25,20,-1,-1,-1
1681,68,382,42,22,18,-1,-1,-1
1682,63,248,62,33,22,-1,-1,-1
1682,66,287,56,26,21,-1,-1,-1
1682,68,381,42,22,18,-1,-1,-1
1683,63,244,62,33,23,-1,-1,-1
1683,66,284,56,26,21,-1,-1,-1
1683,68,379,42,22,18,-1,-1,-1
1684,63,242,63,33,22,-1,-1,-1
1684,66,281,57,26,21,-1,-1,-1
1684,68,377,43,22,18,-1,-1,-1
1685,63,239,64,32,22,-1,-1,-1
1685,66,277,58,27,21,-1,-1,-1
1685,68,375,43,22,18,-1,-1,-1
1686,63,235,64,31,21,-1,-1,-1
1686,64,430,35,25,19,-1,-1,-1
1686,66,274,58,27,22,-1,-1,-1
1686,68,373,43,22,18,-1,-1,-1
1687,63,231,65,32,22,-1,-1,-1
1687,64,429,35,25,19,-1,-1,-1
1687,66,271,59,27,22,-1,-1,-1
1687,68,372,43,22,18,-1,-1,-1
1688,63,227,65,32,22,-1,-1,-1
1688,64,429,35,25,19,-1,-1,-1
1688,66,268,59,28,22,-1,-1,-1
1688,68,370,44,22,18,-1,-1,-1
1689,63,224,66,32,22,-1,-1,-1
1689,64,428,35,25,19,-1,-1,-1
1689,66,264,60,28,22,-1,-1,-1
1689,68,368,44,23,18,-1,-1,-1
1690,63,221,66,33,21,-1,-1,-1
1690,64,428,35,25,19,-1,-1,-1
1690,66,261,60,28,23,-1,-1,-1
1690,68,366,44,23,18,-1,-1,-1
1691,63,218,66,32,20,-1,-1,-1
1691,64,428,36,25,18,-1,-1,-1
1691,65,61,88,43,36,-1,-1,-1
1691,66,258,61,29,23,-1,-1,-1
1691,68,364,45,23,18,-1,-1,-1
1692,63,214,67,31,20,-1,-1,-1
1692,64,428,36,25,18,-1,-1,-1
1692,65,54,87,45,37,-1,-1,-1
1692,66,255,62,29,23,-1,-1,-1
1692,68,363,45,23,18,-1,-1,-1
1693,63,209,67,30,21,-1,-1,-1
1693,64,428,36,25,18,-1,-1,-1
1693,65,49,87,46,38,-1,-1,-1
1693,66,251,62,29,23,-1,-1,-1
1693,68,361,45,23,18,-1,-1,-1
1694,63,203,68,29,22,-1,-1,-1
1694,65,44,87,46,39,-1,-1,-1
1694,66,248,63,30,24,-1,-1,-1
1694,68,359,45,23,18,-1,-1,-1
1695,63,199,69,29,22,-1,-1,-1
1695,65,42,87,47,39,-1,-1,-1
1695,66,245,63,30,24,-1,-1,-1
1695,68,357,46,23,18,-1,-1,-1
1696,63,194,70,30,22,-1,-1,-1
1696,66,242,64,30,24,-1,-1,-1
1696,68,355,46,23,18,-1,-1,-1
1697,63,189,71,30,22,-1,-1,-1
1697,66,238,64,31,23,-1,-1,-1
1697,68,354,46,23,18,-1,-1,-1
1698,63,185,72,30,22,-1,-1,-1
1698,66,235,64,30,23,-1,-1,-1
1698,68,352,46,23,18,-1,-1,-1
1699,63,181,73,30,22,-1,-1,-1
1699,66,231,65,30,23,-1,-1,-1
1699,68,350,47,23,18,-1,-1,-1
1700,63,177,74,29,22,-1,-1,-1
1700,66,228,65,30,23,-1,-1,-1
1700,68,348,47,23,18,-1,-1,-1
1701,63,172,74,29,23,-1,-1,-1
1701,66,224,66,31,23,-1,-1,-1
1701,68,346,47,23,18,-1,-1,-1
1702,63,168,75,29,23,-1,-1,-1
1702,66,220,66,31,24,-1,-1,-1
1702,64,429,39,21,18,-1,-1,-1
1702,68,345,47,23,18,-1,-1,-1
1703,63,164,76,30,23,-1,-1,-1
1703,66,216,66,31,24,-1,-1,-1
1703,64,429,39,21,18,-1,-1,-1
1703,68,343,48,23,18,-1,-1,-1
1704,63,159,76,30,23,-1,-1,-1
1704,66,213,66,30,24,-1,-1,-1
1704,64,428,39,21,18,-1,-1,-1
1704,68,341,48,23,18,-1,-1,-1
1705,63,154,77,30,23,-1,-1,-1
1705,66,210,66,30,24,-1,-1,-1
1705,64,428,39,21,18,-1,-1,-1
1705,68,339,48,24,18,-1,-1,-1
1706,63,149,78,31,23,-1,-1,-1
1706,66,206,67,29,24,-1,-1,-1
1706,64,427,39,21,18,-1,-1,-1
1706,68,337,49,24,18,-1,-1,-1
1707,63,144,78,31,23,-1,-1,-1
1707,66,202,68,30,24,-1,-1,-1
1707,68,334,49,24,19,-1,-1,-1
1708,63,139,79,31,23,-1,-1,-1
1708,66,198,70,31,23,-1,-1,-1
1708,68,334,49,24,19,-1,-1,-1
1709,63,134,79,31,23,-1,-1,-1
1709,66,193,70,31,24,-1,-1,-1
1709,68,333,49,24,19,-1,-1,-1
1710,63,129,80,31,23,-1,-1,-1
1710,66,189,71,31,24,-1,-1,-1
1711,63,123,81,31,23,-1,-1,-1
1711,66,184,72,32,25,-1,-1,-1
1712,63,118,82,31,23,-1,-1,-1
1712,66,179,73,33,25,-1,-1,-1
1713,63,112,84,32,24,-1,-1,-1
1713,66,174,74,34,25,-1,-1,-1
1714,63,106,85,34,24,-1,-1,-1
1714,66,170,74,35,25,-1,-1,-1
1715,63,102,86,36,24,-1,-1,-1
1715,66,165,75,36,25,-1,-1,-1
1715,69,420,41,22,21,-1,-1,-1
1716,63,100,86,36,25,-1,-1,-1
1716,66,163,76,37,25,-1,-1,-1
1716,69,420,41,22,22,-1,-1,-1
1717,66,161,76,37,24,-1,-1,-1
1717,69,419,42,22,22,-1,-1,-1
1718,69,418,42,23,22,-1,-1,-1
1719,69,417,42,24,22,-1,-1,-1
1720,69,417,42,24,22,-1,-1,-1
