9,1,429,111,18,11,-1,-1,-1
10,1,425,112,18,11,-1,-1,-1
11,1,422,112,18,11,-1,-1,-1
12,1,418,112,18,11,-1,-1,-1
13,1,414,112,18,11,-1,-1,-1
14,1,410,113,19,12,-1,-1,-1
15,1,405,113,19,12,-1,-1,-1
16,1,399,114,20,12,-1,-1,-1
17,1,394,115,20,12,-1,-1,-1
18,1,388,116,21,12,-1,-1,-1
19,1,383,117,21,12,-1,-1,-1
20,1,377,117,22,12,-1,-1,-1
21,1,372,118,22,12,-1,-1,-1
22,1,367,118,21,13,-1,-1,-1
23,1,360,119,21,13,-1,-1,-1
24,1,354,120,21,13,-1,-1,-1
25,1,347,121,22,14,-1,-1,-1
26,1,340,122,23,14,-1,-1,-1
27,1,333,123,23,14,-1,-1,-1
28,1,329,124,23,14,-1,-1,-1
29,1,327,124,24,14,-1,-1,-1
71,2,552,95,16,10,-1,-1,-1
72,2,551,95,16,10,-1,-1,-1
73,2,550,95,16,10,-1,-1,-1
74,2,549,95,16,10,-1,-1,-1
75,2,548,95,16,10,-1,-1,-1
76,2,546,95,16,10,-1,-1,-1
77,2,545,95,16,10,-1,-1,-1
78,2,543,95,16,9,-1,-1,-1
79,2,542,96,16,10,-1,-1,-1
80,2,541,96,16,10,-1,-1,-1
81,2,540,96,16,10,-1,-1,-1
82,2,539,96,16,10,-1,-1,-1
83,2,538,96,16,10,-1,-1,-1
84,2,537,96,16,10,-1,-1,-1
85,2,536,96,16,10,-1,-1,-1
86,2,535,96,15,10,-1,-1,-1
87,2,533,96,15,10,-1,-1,-1
88,2,532,96,15,10,-1,-1,-1
89,2,530,96,16,10,-1,-1,-1
90,2,528,97,16,10,-1,-1,-1
91,2,527,97,16,10,-1,-1,-1
92,2,525,97,16,10,-1,-1,-1
93,2,524,97,16,10,-1,-1,-1
94,2,522,97,16,11,-1,-1,-1
95,2,520,97,16,11,-1,-1,-1
96,2,518,98,16,11,-1,-1,-1
97,2,516,98,16,11,-1,-1,-1
98,2,514,98,16,11,-1,-1,-1
99,2,512,98,16,11,-1,-1,-1
100,2,511,98,16,11,-1,-1,-1
100,5,201,174,145,91,-1,-1,-1
101,2,509,99,16,10,-1,-1,-1
101,5,218,171,141,89,-1,-1,-1
102,2,508,99,16,10,-1,-1,-1
102,5,232,168,137,87,-1,-1,-1
103,2,508,99,16,10,-1,-1,-1
103,5,251,165,132,84,-1,-1,-1
104,5,268,161,126,81,-1,-1,-1
105,5,287,158,118,77,-1,-1,-1
106,5,304,155,112,73,-1,-1,-1
107,5,320,152,106,70,-1,-1,-1
108,5,332,149,103,69,-1,-1,-1
109,5,345,146,100,67,-1,-1,-1
110,5,357,144,97,65,-1,-1,-1
111,5,370,142,92,62,-1,-1,-1
112,5,381,141,88,59,-1,-1,-1
113,5,392,139,83,57,-1,-1,-1
114,5,402,137,80,55,-1,-1,-1
115,5,411,136,77,54,-1,-1,-1
116,5,419,134,75,53,-1,-1,-1
117,5,427,133,73,51,-1,-1,-1
118,5,435,131,69,49,-1,-1,-1
119,5,443,130,66,47,-1,-1,-1
120,5,451,130,63,45,-1,-1,-1
121,5,458,129,61,43,-1,-1,-1
122,3,448,105,23,13,-1,-1,-1
122,5,465,128,59,41,-1,-1,-1
123,3,447,106,22,13,-1,-1,-1
123,5,471,127,56,39,-1,-1,-1
124,3,445,106,22,13,-1,-1,-1
124,5,477,126,54,37,-1,-1,-1
125,3,442,107,22,13,-1,-1,-1
125,5,484,125,52,36,-1,-1,-1
126,3,439,108,22,13,-1,-1,-1
126,5,489,123,50,35,-1,-1,-1
127,3,436,108,21,12,-1,-1,-1
127,5,495,122,48,35,-1,-1,-1
128,3,433,109,20,12,-1,-1,-1
128,5,499,121,47,34,-1,-1,-1
129,3,430,110,20,12,-1,-1,-1
129,5,504,120,45,34,-1,-1,-1
130,3,426,110,20,12,-1,-1,-1
130,5,508,119,43,33,-1,-1,-1
131,3,422,110,20,12,-1,-1,-1
131,5,512,119,40,32,-1,-1,-1
132,3,419,110,20,12,-1,-1,-1
132,5,516,119,40,30,-1,-1,-1
133,3,415,111,20,12,-1,-1,-1
133,5,519,119,39,29,-1,-1,-1
134,3,410,111,20,12,-1,-1,-1
134,5,521,119,39,28,-1,-1,-1
135,3,406,111,20,13,-1,-1,-1
135,5,524,118,39,27,-1,-1,-1
136,3,401,112,21,13,-1,-1,-1
136,5,526,118,39,26,-1,-1,-1
137,3,396,113,21,13,-1,-1,-1
137,5,528,117,38,26,-1,-1,-1
138,3,391,113,22,14,-1,-1,-1
138,5,531,117,38,26,-1,-1,-1
139,3,386,114,23,14,-1,-1,-1
139,5,533,116,38,25,-1,-1,-1
140,3,380,115,23,14,-1,-1,-1
140,5,535,115,37,25,-1,-1,-1
141,3,374,116,24,14,-1,-1,-1
141,5,538,115,37,25,-1,-1,-1
142,3,368,117,24,14,-1,-1,-1
142,5,540,114,37,24,-1,-1,-1
143,3,362,117,24,14,-1,-1,-1
143,5,542,113,36,24,-1,-1,-1
144,3,356,118,24,14,-1,-1,-1
144,5,545,113,36,24,-1,-1,-1
145,3,350,119,24,15,-1,-1,-1
145,5,547,112,35,24,-1,-1,-1
146,3,343,120,24,15,-1,-1,-1
146,5,549,111,35,23,-1,-1,-1
147,3,336,121,24,15,-1,-1,-1
147,5,552,111,35,23,-1,-1,-1
148,3,328,122,25,15,-1,-1,-1
148,5,554,110,34,23,-1,-1,-1
149,3,321,124,25,15,-1,-1,-1
149,5,556,109,34,22,-1,-1,-1
150,3,313,125,25,15,-1,-1,-1
150,5,559,109,34,22,-1,-1,-1
151,3,305,126,25,15,-1,-1,-1
151,5,561,108,33,22,-1,-1,-1
152,3,297,127,25,15,-1,-1,-1
152,5,563,107,33,22,-1,-1,-1
153,3,288,128,26,16,-1,-1,-1
153,5,566,107,33,21,-1,-1,-1
154,3,278,129,26,16,-1,-1,-1
154,4,478,139,22,15,-1,-1,-1
154,5,568,106,32,21,-1,-1,-1
155,3,268,130,27,17,-1,-1,-1
155,4,483,137,21,15,-1,-1,-1
155,5,570,105,32,21,-1,-1,-1
155,7,539,98,16,10,-1,-1,-1
156,3,258,131,27,18,-1,-1,-1
156,4,486,136,21,15,-1,-1,-1
156,5,573,104,31,21,-1,-1,-1
156,7,537,98,16,10,-1,-1,-1
157,3,247,132,29,18,-1,-1,-1
157,4,491,134,20,15,-1,-1,-1
157,5,575,104,29,21,-1,-1,-1
157,7,536,98,16,10,-1,-1,-1
158,3,236,133,30,19,-1,-1,-1
158,4,495,133,20,14,-1,-1,-1
158,5,577,104,29,21,-1,-1,-1
158,7,534,98,17,10,-1,-1,-1
159,3,224,134,31,20,-1,-1,-1
159,4,500,132,20,14,-1,-1,-1
159,5,577,104,28,21,-1,-1,-1
159,7,533,98,17,10,-1,-1,-1
160,3,211,136,33,21,-1,-1,-1
160,4,504,131,20,14,-1,-1,-1
160,7,531,99,17,10,-1,-1,-1
161,3,199,137,34,22,-1,-1,-1
161,4,508,130,19,14,-1,-1,-1
161,7,529,99,17,11,-1,-1,-1
162,3,185,140,35,22,-1,-1,-1
162,4,512,129,19,13,-1,-1,-1
162,7,527,99,17,11,-1,-1,-1
163,3,172,142,35,22,-1,-1,-1
163,4,516,128,18,13,-1,-1,-1
163,7,526,99,17,11,-1,-1,-1
164,3,157,144,35,22,-1,-1,-1
164,4,518,127,18,13,-1,-1,-1
164,7,524,100,17,11,-1,-1,-1
165,3,141,147,36,22,-1,-1,-1
165,4,520,127,17,13,-1,-1,-1
165,7,522,100,17,11,-1,-1,-1
166,3,123,149,37,22,-1,-1,-1
166,7,520,100,17,11,-1,-1,-1
167,3,114,151,37,22,-1,-1,-1
167,7,519,100,17,11,-1,-1,-1
168,3,107,151,37,23,-1,-1,-1
168,7,517,100,17,11,-1,-1,-1
169,7,515,101,17,11,-1,-1,-1
170,7,513,101,17,11,-1,-1,-1
171,7,512,101,17,11,-1,-1,-1
172,7,510,101,17,11,-1,-1,-1
173,7,508,102,17,11,-1,-1,-1
174,7,506,102,17,11,-1,-1,-1
175,7,505,102,17,11,-1,-1,-1
176,7,503,102,17,11,-1,-1,-1
177,7,501,102,17,11,-1,-1,-1
178,7,499,103,17,11,-1,-1,-1
179,7,498,103,17,11,-1,-1,-1
180,7,496,103,17,11,-1,-1,-1
181,7,494,103,16,11,-1,-1,-1
182,7,492,104,16,11,-1,-1,-1
183,7,490,104,16,11,-1,-1,-1
184,7,487,104,17,11,-1,-1,-1
185,7,485,104,17,11,-1,-1,-1
186,7,482,105,17,11,-1,-1,-1
187,7,481,105,16,11,-1,-1,-1
188,7,478,106,16,11,-1,-1,-1
189,7,476,106,16,11,-1,-1,-1
190,7,473,107,17,11,-1,-1,-1
191,7,471,107,17,11,-1,-1,-1
192,7,468,108,17,11,-1,-1,-1
192,9,492,103,16,10,-1,-1,-1
193,6,494,146,20,13,-1,-1,-1
193,7,466,109,17,11,-1,-1,-1
193,9,489,103,16,10,-1,-1,-1
194,6,498,144,20,13,-1,-1,-1
194,7,464,109,17,11,-1,-1,-1
194,9,487,103,17,10,-1,-1,-1
195,6,501,143,19,13,-1,-1,-1
195,7,461,109,17,11,-1,-1,-1
195,9,484,103,17,11,-1,-1,-1
196,6,504,142,19,13,-1,-1,-1
196,7,458,109,18,11,-1,-1,-1
196,9,480,104,17,11,-1,-1,-1
197,6,505,141,19,13,-1,-1,-1
197,7,455,109,18,12,-1,-1,-1
197,9,477,104,17,11,-1,-1,-1
198,7,452,110,19,12,-1,-1,-1
198,9,473,105,18,11,-1,-1,-1
199,7,450,110,18,12,-1,-1,-1
199,9,469,105,18,12,-1,-1,-1
200,7,447,111,18,12,-1,-1,-1
200,9,465,106,18,12,-1,-1,-1
201,7,444,112,18,12,-1,-1,-1
201,9,462,106,19,12,-1,-1,-1
202,7,441,112,18,12,-1,-1,-1
202,9,458,107,19,12,-1,-1,-1
203,7,438,113,18,12,-1,-1,-1
203,9,454,107,19,13,-1,-1,-1
204,7,436,113,18,12,-1,-1,-1
204,9,450,108,20,13,-1,-1,-1
205,7,434,113,17,12,-1,-1,-1
205,9,446,108,20,13,-1,-1,-1
206,7,431,114,17,12,-1,-1,-1
206,9,442,109,20,13,-1,-1,-1
207,7,429,115,16,12,-1,-1,-1
207,9,438,109,21,13,-1,-1,-1
208,7,426,115,16,12,-1,-1,-1
208,8,445,109,16,11,-1,-1,-1
208,9,435,110,21,14,-1,-1,-1
209,7,423,116,16,12,-1,-1,-1
209,8,441,109,16,11,-1,-1,-1
209,9,431,110,21,14,-1,-1,-1
210,7,419,117,16,11,-1,-1,-1
210,8,439,109,16,11,-1,-1,-1
210,9,427,111,21,14,-1,-1,-1
211,7,416,117,16,11,-1,-1,-1
211,8,435,110,16,11,-1,-1,-1
211,9,423,111,22,14,-1,-1,-1
212,7,413,118,16,11,-1,-1,-1
212,8,432,110,17,11,-1,-1,-1
212,9,419,112,22,15,-1,-1,-1
213,7,410,119,16,12,-1,-1,-1
213,8,430,110,17,11,-1,-1,-1
213,9,415,112,22,15,-1,-1,-1
214,7,406,119,16,12,-1,-1,-1
214,8,428,110,17,11,-1,-1,-1
214,9,412,113,23,15,-1,-1,-1
215,7,402,120,17,12,-1,-1,-1
215,9,408,113,23,15,-1,-1,-1
216,7,398,121,17,12,-1,-1,-1
216,9,404,114,23,16,-1,-1,-1
217,7,394,122,18,12,-1,-1,-1
217,9,400,114,24,16,-1,-1,-1
218,7,390,122,18,12,-1,-1,-1
218,9,396,115,24,16,-1,-1,-1
219,7,385,123,19,12,-1,-1,-1
219,9,392,115,24,16,-1,-1,-1
220,7,381,124,19,13,-1,-1,-1
220,9,388,116,24,16,-1,-1,-1
221,7,377,125,20,13,-1,-1,-1
221,9,383,117,23,16,-1,-1,-1
222,7,373,126,21,13,-1,-1,-1
222,9,377,118,24,17,-1,-1,-1
223,7,369,126,21,13,-1,-1,-1
223,9,371,119,24,17,-1,-1,-1
223,11,180,175,156,92,-1,-1,-1
224,7,365,127,22,13,-1,-1,-1
224,9,365,120,25,17,-1,-1,-1
224,11,202,170,146,93,-1,-1,-1
225,7,360,128,22,13,-1,-1,-1
225,9,359,120,26,18,-1,-1,-1
225,11,216,167,141,90,-1,-1,-1
226,7,356,129,23,14,-1,-1,-1
226,9,353,121,28,19,-1,-1,-1
226,11,235,164,135,86,-1,-1,-1
227,7,352,129,23,14,-1,-1,-1
227,9,347,121,29,19,-1,-1,-1
227,11,254,161,128,80,-1,-1,-1
228,7,348,130,24,14,-1,-1,-1
228,9,341,123,29,18,-1,-1,-1
228,11,273,159,120,75,-1,-1,-1
229,7,344,131,24,14,-1,-1,-1
229,9,334,124,28,17,-1,-1,-1
229,11,292,157,113,70,-1,-1,-1
230,7,339,132,24,14,-1,-1,-1
230,9,331,125,28,16,-1,-1,-1
230,11,309,154,108,68,-1,-1,-1
231,7,335,132,24,14,-1,-1,-1
231,9,327,125,28,16,-1,-1,-1
231,11,327,151,101,65,-1,-1,-1
232,7,331,132,23,14,-1,-1,-1
232,11,341,147,98,63,-1,-1,-1
233,7,328,133,23,14,-1,-1,-1
233,11,355,145,93,60,-1,-1,-1
234,7,322,134,22,14,-1,-1,-1
234,11,367,141,92,59,-1,-1,-1
235,7,317,135,22,13,-1,-1,-1
235,11,379,140,86,56,-1,-1,-1
236,7,311,137,22,13,-1,-1,-1
236,11,391,138,82,55,-1,-1,-1
237,7,305,137,23,14,-1,-1,-1
237,11,401,136,79,53,-1,-1,-1
238,7,298,139,24,14,-1,-1,-1
238,11,410,134,76,52,-1,-1,-1
239,7,291,140,24,14,-1,-1,-1
239,11,419,132,73,51,-1,-1,-1
240,7,285,141,25,14,-1,-1,-1
240,11,427,130,71,50,-1,-1,-1
241,7,278,142,25,14,-1,-1,-1
241,11,435,129,69,49,-1,-1,-1
242,7,272,143,27,15,-1,-1,-1
242,11,443,127,66,48,-1,-1,-1
243,7,266,144,27,15,-1,-1,-1
243,11,450,126,63,47,-1,-1,-1
244,7,260,145,27,15,-1,-1,-1
244,11,457,125,60,46,-1,-1,-1
245,7,255,145,27,16,-1,-1,-1
245,11,464,123,58,45,-1,-1,-1
246,7,249,146,27,16,-1,-1,-1
246,11,471,122,56,43,-1,-1,-1
247,7,243,147,27,16,-1,-1,-1
247,11,476,121,54,42,-1,-1,-1
248,7,236,148,27,17,-1,-1,-1
248,11,482,120,52,41,-1,-1,-1
249,7,229,149,27,17,-1,-1,-1
249,11,487,119,51,40,-1,-1,-1
250,7,222,150,28,18,-1,-1,-1
250,10,440,151,26,17,-1,-1,-1
250,11,492,118,50,39,-1,-1,-1
251,7,213,150,29,19,-1,-1,-1
251,10,445,149,25,17,-1,-1,-1
251,11,497,118,49,37,-1,-1,-1
252,7,205,151,32,20,-1,-1,-1
252,10,449,147,25,17,-1,-1,-1
252,11,502,118,46,36,-1,-1,-1
253,7,197,151,33,22,-1,-1,-1
253,10,454,145,25,17,-1,-1,-1
253,11,507,117,43,35,-1,-1,-1
254,7,191,151,35,23,-1,-1,-1
254,10,460,144,25,17,-1,-1,-1
254,11,512,116,40,34,-1,-1,-1
255,7,185,152,36,24,-1,-1,-1
255,10,466,142,25,16,-1,-1,-1
255,11,516,115,38,34,-1,-1,-1
256,7,178,153,36,25,-1,-1,-1
256,10,472,141,24,16,-1,-1,-1
256,11,520,114,37,33,-1,-1,-1
257,7,172,154,36,25,-1,-1,-1
257,10,477,139,23,15,-1,-1,-1
257,11,524,114,36,32,-1,-1,-1
258,7,166,155,36,25,-1,-1,-1
258,10,483,138,22,15,-1,-1,-1
258,11,527,114,35,31,-1,-1,-1
258,13,458,148,21,15,-1,-1,-1
259,7,159,156,36,24,-1,-1,-1
259,10,488,136,21,14,-1,-1,-1
259,11,530,114,35,30,-1,-1,-1
259,13,462,147,21,15,-1,-1,-1
260,7,152,158,36,24,-1,-1,-1
260,10,493,134,21,14,-1,-1,-1
260,11,534,114,34,28,-1,-1,-1
260,13,466,146,21,14,-1,-1,-1
261,7,144,161,36,23,-1,-1,-1
261,10,497,132,21,14,-1,-1,-1
261,11,537,113,34,26,-1,-1,-1
261,13,471,144,22,14,-1,-1,-1
262,7,136,164,36,21,-1,-1,-1
262,10,499,132,20,14,-1,-1,-1
262,11,540,113,33,25,-1,-1,-1
262,13,475,142,22,14,-1,-1,-1
263,7,128,166,36,21,-1,-1,-1
263,10,501,131,20,14,-1,-1,-1
263,11,542,113,32,24,-1,-1,-1
263,12,179,154,23,14,-1,-1,-1
263,13,480,141,21,14,-1,-1,-1
264,7,119,167,36,21,-1,-1,-1
264,11,543,113,32,24,-1,-1,-1
264,12,179,153,23,14,-1,-1,-1
264,13,485,139,21,14,-1,-1,-1
265,7,112,168,36,21,-1,-1,-1
265,12,178,153,23,14,-1,-1,-1
265,13,490,137,20,13,-1,-1,-1
266,7,104,168,37,22,-1,-1,-1
266,12,178,153,23,14,-1,-1,-1
266,13,495,135,19,13,-1,-1,-1
267,7,97,169,37,23,-1,-1,-1
267,12,178,153,23,14,-1,-1,-1
267,13,500,134,19,13,-1,-1,-1
268,7,91,171,37,23,-1,-1,-1
268,13,502,133,19,13,-1,-1,-1
269,7,82,172,40,23,-1,-1,-1
269,13,503,132,19,13,-1,-1,-1
270,7,73,172,42,24,-1,-1,-1
271,7,64,173,45,26,-1,-1,-1
271,14,399,147,70,49,-1,-1,-1
272,7,56,174,46,27,-1,-1,-1
272,14,405,144,70,49,-1,-1,-1
273,7,48,175,46,28,-1,-1,-1
273,14,410,142,69,49,-1,-1,-1
274,7,40,175,46,30,-1,-1,-1
274,14,417,140,68,49,-1,-1,-1
275,7,33,175,47,31,-1,-1,-1
275,14,424,137,67,48,-1,-1,-1
276,7,26,174,48,33,-1,-1,-1
276,14,433,136,64,46,-1,-1,-1
277,7,21,174,49,34,-1,-1,-1
277,14,440,134,62,45,-1,-1,-1
278,7,19,174,50,35,-1,-1,-1
278,14,449,133,59,43,-1,-1,-1
279,7,18,174,49,35,-1,-1,-1
279,14,456,131,57,42,-1,-1,-1
280,14,464,130,54,40,-1,-1,-1
280,15,7,187,34,26,-1,-1,-1
281,14,471,129,52,39,-1,-1,-1
281,15,6,188,33,26,-1,-1,-1
282,14,476,128,50,38,-1,-1,-1
282,15,6,188,32,26,-1,-1,-1
283,14,481,127,49,37,-1,-1,-1
284,14,486,126,48,35,-1,-1,-1
285,14,492,124,45,34,-1,-1,-1
286,14,497,124,43,33,-1,-1,-1
287,14,503,124,40,31,-1,-1,-1
288,14,505,124,39,30,-1,-1,-1
289,14,508,124,38,28,-1,-1,-1
298,18,202,170,150,89,-1,-1,-1
299,18,221,165,143,88,-1,-1,-1
300,16,526,98,15,10,-1,-1,-1
300,18,233,162,138,86,-1,-1,-1
301,16,525,98,15,10,-1,-1,-1
301,18,253,159,131,83,-1,-1,-1
302,16,524,98,15,10,-1,-1,-1
302,18,270,156,125,79,-1,-1,-1
303,16,523,98,15,10,-1,-1,-1
303,18,288,153,118,75,-1,-1,-1
304,16,523,98,15,10,-1,-1,-1
304,18,304,150,112,72,-1,-1,-1
305,18,321,147,106,70,-1,-1,-1
306,18,335,144,102,68,-1,-1,-1
307,18,350,142,97,65,-1,-1,-1
308,18,363,140,93,61,-1,-1,-1
309,18,376,140,88,58,-1,-1,-1
310,18,386,138,84,56,-1,-1,-1
311,18,396,135,80,55,-1,-1,-1
312,18,405,133,77,54,-1,-1,-1
313,18,415,131,74,52,-1,-1,-1
314,18,423,130,70,49,-1,-1,-1
315,18,433,129,67,48,-1,-1,-1
316,18,441,127,64,47,-1,-1,-1
317,18,449,126,62,46,-1,-1,-1
318,18,456,126,60,44,-1,-1,-1
319,18,463,125,57,42,-1,-1,-1
320,18,470,124,55,40,-1,-1,-1
321,18,476,123,53,39,-1,-1,-1
322,18,482,122,51,38,-1,-1,-1
323,18,487,121,50,37,-1,-1,-1
324,18,492,120,49,36,-1,-1,-1
324,21,470,103,19,12,-1,-1,-1
325,18,497,119,46,35,-1,-1,-1
325,21,468,103,19,12,-1,-1,-1
326,18,503,119,43,34,-1,-1,-1
326,21,466,104,19,12,-1,-1,-1
327,18,508,118,39,33,-1,-1,-1
327,21,462,104,19,12,-1,-1,-1
328,18,513,117,38,32,-1,-1,-1
328,21,459,104,19,12,-1,-1,-1
329,18,517,117,37,30,-1,-1,-1
329,21,456,104,19,13,-1,-1,-1
330,18,521,117,36,29,-1,-1,-1
330,21,452,105,20,12,-1,-1,-1
331,18,524,116,36,29,-1,-1,-1
331,21,449,105,20,13,-1,-1,-1
332,18,528,115,35,29,-1,-1,-1
332,21,445,106,21,12,-1,-1,-1
333,18,531,114,34,29,-1,-1,-1
333,21,442,107,21,12,-1,-1,-1
334,18,534,113,34,29,-1,-1,-1
334,21,438,107,21,12,-1,-1,-1
335,17,459,145,24,16,-1,-1,-1
335,18,537,112,34,28,-1,-1,-1
335,19,426,168,28,18,-1,-1,-1
335,21,435,108,20,12,-1,-1,-1
336,17,464,143,23,16,-1,-1,-1
336,18,540,112,33,27,-1,-1,-1
336,19,432,166,26,17,-1,-1,-1
336,21,431,109,20,12,-1,-1,-1
337,17,468,142,23,16,-1,-1,-1
337,18,543,112,32,26,-1,-1,-1
337,19,438,164,25,17,-1,-1,-1
337,21,426,110,21,12,-1,-1,-1
338,17,473,141,23,15,-1,-1,-1
338,18,545,112,32,25,-1,-1,-1
338,19,444,162,24,16,-1,-1,-1
338,21,422,110,21,12,-1,-1,-1
339,17,478,140,23,15,-1,-1,-1
339,18,548,111,32,24,-1,-1,-1
339,19,450,160,24,16,-1,-1,-1
339,21,418,111,20,12,-1,-1,-1
340,17,483,138,22,15,-1,-1,-1
340,18,550,111,32,24,-1,-1,-1
340,19,456,157,23,16,-1,-1,-1
340,21,413,111,20,12,-1,-1,-1
341,17,489,136,21,14,-1,-1,-1
341,18,553,110,32,24,-1,-1,-1
341,19,462,155,23,15,-1,-1,-1
341,21,408,112,20,12,-1,-1,-1
342,17,494,134,20,14,-1,-1,-1
342,18,555,109,32,23,-1,-1,-1
342,19,467,153,22,15,-1,-1,-1
342,21,403,112,20,13,-1,-1,-1
343,17,499,132,20,14,-1,-1,-1
343,18,557,108,31,23,-1,-1,-1
343,19,472,151,22,15,-1,-1,-1
343,21,398,113,21,13,-1,-1,-1
344,17,504,131,20,13,-1,-1,-1
344,18,559,109,31,22,-1,-1,-1
344,19,478,149,21,15,-1,-1,-1
344,21,392,114,21,13,-1,-1,-1
345,17,508,130,20,13,-1,-1,-1
345,18,562,109,30,22,-1,-1,-1
345,19,484,147,21,14,-1,-1,-1
345,21,386,114,22,13,-1,-1,-1
346,17,512,129,20,13,-1,-1,-1
346,18,564,109,29,22,-1,-1,-1
346,19,489,145,20,14,-1,-1,-1
346,21,381,115,22,13,-1,-1,-1
347,17,516,128,19,13,-1,-1,-1
347,18,566,108,29,22,-1,-1,-1
347,19,494,144,20,14,-1,-1,-1
347,21,374,116,23,13,-1,-1,-1
348,17,519,127,19,12,-1,-1,-1
348,18,568,107,29,22,-1,-1,-1
348,19,499,142,20,14,-1,-1,-1
348,21,368,116,22,14,-1,-1,-1
349,17,521,126,18,12,-1,-1,-1
349,18,570,107,29,22,-1,-1,-1
349,19,504,140,19,14,-1,-1,-1
349,21,362,117,23,14,-1,-1,-1
350,17,522,126,18,12,-1,-1,-1
350,18,572,106,29,22,-1,-1,-1
350,19,508,138,19,14,-1,-1,-1
350,21,355,118,23,14,-1,-1,-1
351,18,573,105,29,22,-1,-1,-1
351,19,513,136,19,14,-1,-1,-1
351,20,446,109,17,11,-1,-1,-1
351,21,347,119,23,14,-1,-1,-1
352,18,575,105,28,22,-1,-1,-1
352,19,516,135,19,14,-1,-1,-1
352,20,443,109,17,11,-1,-1,-1
352,21,339,120,24,15,-1,-1,-1
353,18,576,104,28,22,-1,-1,-1
353,19,518,135,19,14,-1,-1,-1
353,20,441,109,17,11,-1,-1,-1
353,21,332,121,25,15,-1,-1,-1
354,18,576,104,28,22,-1,-1,-1
354,19,519,134,19,13,-1,-1,-1
354,20,438,109,17,11,-1,-1,-1
354,21,323,122,27,16,-1,-1,-1
355,20,434,110,18,11,-1,-1,-1
355,21,315,123,28,17,-1,-1,-1
356,20,430,111,18,12,-1,-1,-1
356,21,305,124,29,17,-1,-1,-1
357,20,425,111,19,12,-1,-1,-1
357,21,296,125,30,18,-1,-1,-1
358,20,420,112,20,12,-1,-1,-1
358,21,287,126,30,18,-1,-1,-1
359,20,415,112,21,12,-1,-1,-1
359,21,277,126,30,18,-1,-1,-1
360,20,410,113,22,12,-1,-1,-1
360,21,267,127,31,19,-1,-1,-1
361,20,405,113,22,13,-1,-1,-1
361,21,257,128,31,20,-1,-1,-1
362,20,400,114,22,13,-1,-1,-1
362,21,245,130,33,20,-1,-1,-1
362,22,524,97,19,11,-1,-1,-1
363,20,394,115,23,13,-1,-1,-1
363,21,233,131,34,21,-1,-1,-1
363,22,523,97,18,11,-1,-1,-1
364,20,389,116,23,13,-1,-1,-1
364,21,226,132,35,21,-1,-1,-1
364,22,522,97,18,11,-1,-1,-1
365,20,383,117,22,13,-1,-1,-1
365,21,222,133,36,22,-1,-1,-1
365,22,521,97,18,11,-1,-1,-1
365,23,443,159,25,20,-1,-1,-1
366,20,377,118,22,13,-1,-1,-1
366,22,519,97,18,11,-1,-1,-1
366,23,449,157,24,19,-1,-1,-1
367,20,371,119,21,13,-1,-1,-1
367,22,518,97,18,11,-1,-1,-1
367,23,454,155,24,19,-1,-1,-1
368,20,365,120,21,13,-1,-1,-1
368,22,516,97,18,12,-1,-1,-1
368,23,461,153,24,18,-1,-1,-1
369,20,358,121,21,13,-1,-1,-1
369,22,515,97,18,12,-1,-1,-1
369,23,468,150,24,18,-1,-1,-1
370,20,351,122,21,13,-1,-1,-1
370,22,513,97,18,12,-1,-1,-1
370,23,474,148,24,18,-1,-1,-1
371,20,345,123,21,13,-1,-1,-1
371,22,512,98,19,12,-1,-1,-1
371,23,481,146,23,17,-1,-1,-1
372,20,337,125,22,13,-1,-1,-1
372,22,510,98,19,12,-1,-1,-1
372,23,486,144,23,17,-1,-1,-1
373,20,333,125,22,13,-1,-1,-1
373,22,509,98,19,12,-1,-1,-1
373,23,492,142,23,17,-1,-1,-1
374,20,330,126,23,13,-1,-1,-1
374,22,507,98,19,12,-1,-1,-1
374,23,498,140,23,16,-1,-1,-1
375,22,506,98,19,12,-1,-1,-1
375,23,503,138,22,16,-1,-1,-1
376,22,504,99,19,12,-1,-1,-1
376,23,508,136,21,15,-1,-1,-1
377,22,502,99,19,12,-1,-1,-1
377,23,513,134,21,15,-1,-1,-1
378,22,501,99,19,12,-1,-1,-1
378,23,518,133,20,15,-1,-1,-1
379,22,499,99,19,12,-1,-1,-1
379,23,522,131,20,15,-1,-1,-1
380,22,497,99,19,12,-1,-1,-1
380,23,526,130,20,14,-1,-1,-1
381,22,496,100,19,11,-1,-1,-1
381,23,530,129,20,14,-1,-1,-1
382,22,494,100,18,11,-1,-1,-1
382,23,533,128,20,14,-1,-1,-1
383,22,493,100,18,11,-1,-1,-1
383,23,536,127,20,13,-1,-1,-1
384,22,490,101,17,12,-1,-1,-1
384,23,539,126,19,13,-1,-1,-1
385,22,489,101,17,11,-1,-1,-1
385,23,542,125,19,13,-1,-1,-1
386,22,486,102,17,11,-1,-1,-1
386,23,545,125,19,13,-1,-1,-1
387,22,484,102,17,11,-1,-1,-1
387,23,547,124,19,13,-1,-1,-1
388,22,482,102,17,12,-1,-1,-1
388,23,550,123,19,13,-1,-1,-1
389,22,480,102,17,12,-1,-1,-1
389,23,553,122,19,13,-1,-1,-1
390,22,477,103,17,12,-1,-1,-1
390,23,555,121,18,13,-1,-1,-1
391,22,475,103,16,12,-1,-1,-1
391,23,558,120,18,13,-1,-1,-1
392,22,473,103,16,12,-1,-1,-1
392,23,561,119,18,13,-1,-1,-1
393,22,471,104,16,12,-1,-1,-1
393,23,563,118,18,13,-1,-1,-1
394,22,468,104,16,12,-1,-1,-1
394,23,566,117,18,13,-1,-1,-1
395,22,466,104,17,12,-1,-1,-1
395,23,568,116,17,12,-1,-1,-1
396,22,463,104,17,12,-1,-1,-1
396,23,569,116,17,12,-1,-1,-1
397,22,460,104,17,12,-1,-1,-1
397,23,569,115,17,12,-1,-1,-1
398,22,457,105,18,12,-1,-1,-1
399,22,454,106,18,12,-1,-1,-1
400,22,451,106,19,12,-1,-1,-1
401,22,448,106,20,13,-1,-1,-1
402,22,445,107,20,13,-1,-1,-1
403,22,442,107,21,13,-1,-1,-1
404,22,438,107,21,13,-1,-1,-1
404,24,483,148,20,15,-1,-1,-1
405,22,436,107,21,13,-1,-1,-1
405,24,487,146,20,15,-1,-1,-1
406,22,432,108,21,13,-1,-1,-1
406,24,491,145,20,15,-1,-1,-1
407,22,429,108,21,13,-1,-1,-1
407,24,496,143,20,14,-1,-1,-1
408,22,426,109,21,13,-1,-1,-1
408,24,500,142,20,14,-1,-1,-1
409,22,422,110,20,12,-1,-1,-1
409,24,505,140,20,14,-1,-1,-1
410,22,419,110,20,13,-1,-1,-1
410,24,510,138,20,14,-1,-1,-1
411,22,416,111,20,13,-1,-1,-1
411,24,515,136,20,13,-1,-1,-1
412,22,412,111,20,13,-1,-1,-1
412,24,519,135,20,13,-1,-1,-1
412,25,456,147,23,16,-1,-1,-1
413,22,408,112,20,13,-1,-1,-1
413,24,524,133,20,13,-1,-1,-1
413,25,460,145,23,16,-1,-1,-1
414,22,403,112,21,13,-1,-1,-1
414,24,528,132,19,13,-1,-1,-1
414,25,464,144,23,16,-1,-1,-1
415,22,399,112,21,13,-1,-1,-1
415,24,532,131,19,12,-1,-1,-1
415,25,468,142,23,15,-1,-1,-1
416,22,394,113,21,14,-1,-1,-1
416,24,534,130,19,12,-1,-1,-1
416,25,473,140,22,15,-1,-1,-1
417,22,390,113,22,14,-1,-1,-1
417,24,535,129,18,12,-1,-1,-1
417,25,478,139,22,15,-1,-1,-1
418,22,385,114,22,14,-1,-1,-1
418,25,484,137,21,15,-1,-1,-1
419,22,381,114,23,15,-1,-1,-1
419,25,489,135,21,15,-1,-1,-1
420,22,376,115,23,15,-1,-1,-1
420,25,494,134,20,15,-1,-1,-1
421,22,370,116,23,15,-1,-1,-1
421,25,498,132,20,14,-1,-1,-1
422,22,365,117,23,15,-1,-1,-1
422,25,500,132,20,14,-1,-1,-1
423,22,360,117,23,15,-1,-1,-1
423,25,501,132,20,13,-1,-1,-1
424,22,354,117,24,15,-1,-1,-1
425,22,349,118,24,15,-1,-1,-1
426,22,343,118,24,16,-1,-1,-1
427,22,337,119,24,15,-1,-1,-1
428,22,331,121,24,15,-1,-1,-1
429,22,324,122,25,15,-1,-1,-1
429,25,446,152,24,15,-1,-1,-1
430,22,318,123,25,15,-1,-1,-1
430,25,451,150,23,14,-1,-1,-1
431,22,311,124,26,16,-1,-1,-1
431,25,455,148,23,14,-1,-1,-1
432,22,304,125,27,16,-1,-1,-1
432,25,460,147,22,14,-1,-1,-1
433,22,296,126,28,16,-1,-1,-1
433,25,465,145,22,14,-1,-1,-1
434,22,288,127,29,17,-1,-1,-1
434,25,470,143,22,13,-1,-1,-1
435,22,279,127,30,18,-1,-1,-1
435,25,475,142,21,13,-1,-1,-1
436,22,271,128,30,19,-1,-1,-1
436,25,480,140,21,13,-1,-1,-1
437,22,263,128,31,21,-1,-1,-1
437,25,485,138,21,13,-1,-1,-1
438,22,254,129,31,21,-1,-1,-1
438,25,490,137,20,13,-1,-1,-1
439,22,245,130,33,22,-1,-1,-1
439,25,495,135,20,13,-1,-1,-1
440,22,236,132,33,22,-1,-1,-1
440,25,500,133,20,13,-1,-1,-1
441,22,226,132,34,23,-1,-1,-1
441,25,505,132,19,13,-1,-1,-1
442,22,215,134,35,23,-1,-1,-1
442,25,510,130,19,13,-1,-1,-1
443,22,204,134,35,25,-1,-1,-1
443,25,515,128,19,12,-1,-1,-1
444,22,198,135,35,26,-1,-1,-1
444,25,517,128,19,12,-1,-1,-1
445,22,195,134,36,27,-1,-1,-1
445,25,518,127,19,12,-1,-1,-1
455,27,472,144,27,22,-1,-1,-1
456,27,477,143,26,21,-1,-1,-1
457,27,482,142,25,21,-1,-1,-1
458,27,487,140,24,20,-1,-1,-1
459,27,492,138,24,20,-1,-1,-1
460,27,498,136,23,19,-1,-1,-1
461,27,503,135,23,19,-1,-1,-1
462,27,508,133,22,18,-1,-1,-1
463,27,513,131,21,18,-1,-1,-1
464,27,518,130,20,17,-1,-1,-1
465,27,522,128,20,17,-1,-1,-1
466,27,526,126,20,17,-1,-1,-1
467,27,530,125,20,16,-1,-1,-1
468,27,534,124,20,16,-1,-1,-1
469,27,537,124,20,15,-1,-1,-1
470,27,541,123,20,15,-1,-1,-1
471,27,544,122,20,15,-1,-1,-1
472,27,548,122,20,15,-1,-1,-1
473,27,550,122,20,15,-1,-1,-1
474,27,550,122,20,15,-1,-1,-1
506,28,585,113,14,10,-1,-1,-1
507,28,586,113,14,10,-1,-1,-1
508,28,586,113,14,10,-1,-1,-1
510,29,234,185,111,80,-1,-1,-1
511,29,251,181,106,77,-1,-1,-1
512,29,264,178,104,75,-1,-1,-1
513,29,282,175,98,71,-1,-1,-1
514,29,300,172,93,67,-1,-1,-1
515,29,320,167,87,63,-1,-1,-1
516,29,336,163,83,59,-1,-1,-1
517,29,351,159,79,57,-1,-1,-1
517,33,270,186,52,39,-1,-1,-1
518,29,364,156,75,55,-1,-1,-1
518,33,284,181,50,38,-1,-1,-1
519,29,376,154,72,54,-1,-1,-1
519,33,295,178,49,37,-1,-1,-1
520,29,388,151,70,52,-1,-1,-1
520,33,311,173,46,36,-1,-1,-1
521,29,399,148,67,50,-1,-1,-1
521,33,326,169,43,35,-1,-1,-1
522,29,409,146,65,48,-1,-1,-1
522,33,342,165,40,34,-1,-1,-1
523,29,419,143,63,48,-1,-1,-1
523,31,506,97,21,12,-1,-1,-1
523,33,357,162,38,33,-1,-1,-1
524,29,427,142,61,46,-1,-1,-1
524,31,505,97,22,12,-1,-1,-1
524,33,370,159,37,32,-1,-1,-1
525,29,437,140,57,43,-1,-1,-1
525,31,505,97,22,12,-1,-1,-1
525,33,382,156,37,31,-1,-1,-1
526,29,444,139,54,41,-1,-1,-1
526,31,503,97,24,13,-1,-1,-1
526,33,394,153,36,29,-1,-1,-1
527,29,453,138,53,39,-1,-1,-1
527,31,501,98,25,13,-1,-1,-1
527,33,404,150,35,28,-1,-1,-1
528,29,459,137,52,37,-1,-1,-1
528,31,497,98,26,13,-1,-1,-1
528,33,414,148,34,27,-1,-1,-1
529,29,466,136,51,36,-1,-1,-1
529,31,495,98,26,12,-1,-1,-1
529,33,424,145,33,26,-1,-1,-1
529,34,541,94,19,11,-1,-1,-1
530,29,471,135,50,35,-1,-1,-1
530,31,492,99,26,12,-1,-1,-1
530,33,433,143,32,24,-1,-1,-1
530,34,540,94,18,11,-1,-1,-1
531,29,474,134,49,34,-1,-1,-1
531,31,491,99,26,12,-1,-1,-1
531,33,441,141,31,23,-1,-1,-1
531,34,540,94,17,11,-1,-1,-1
532,29,475,134,49,34,-1,-1,-1
532,31,488,99,25,12,-1,-1,-1
532,33,449,140,30,22,-1,-1,-1
532,34,539,94,17,11,-1,-1,-1
533,31,485,99,24,12,-1,-1,-1
533,33,457,138,29,21,-1,-1,-1
533,34,538,94,18,11,-1,-1,-1
534,31,482,99,24,13,-1,-1,-1
534,33,464,137,27,19,-1,-1,-1
534,34,537,94,18,11,-1,-1,-1
535,31,479,99,23,13,-1,-1,-1
535,33,471,136,25,18,-1,-1,-1
535,34,536,94,18,11,-1,-1,-1
536,31,476,99,24,13,-1,-1,-1
536,33,478,135,23,17,-1,-1,-1
536,34,536,94,18,11,-1,-1,-1
537,31,474,99,24,14,-1,-1,-1
537,33,484,133,22,16,-1,-1,-1
538,31,471,100,24,14,-1,-1,-1
538,33,489,131,21,16,-1,-1,-1
539,31,468,100,24,15,-1,-1,-1
539,33,495,130,20,16,-1,-1,-1
540,31,464,100,24,15,-1,-1,-1
540,33,500,129,20,16,-1,-1,-1
541,31,462,100,25,15,-1,-1,-1
541,33,503,127,20,15,-1,-1,-1
542,32,440,152,25,16,-1,-1,-1
542,31,460,101,25,16,-1,-1,-1
542,33,505,125,20,15,-1,-1,-1
543,32,445,150,24,16,-1,-1,-1
543,31,458,101,26,16,-1,-1,-1
543,33,505,124,20,15,-1,-1,-1
544,32,450,149,23,15,-1,-1,-1
544,31,456,101,25,16,-1,-1,-1
544,33,505,122,20,14,-1,-1,-1
545,32,456,147,22,15,-1,-1,-1
545,31,454,101,25,16,-1,-1,-1
545,32,501,133,18,14,-1,-1,-1
545,33,505,121,20,14,-1,-1,-1
546,32,462,146,22,15,-1,-1,-1
546,31,452,101,25,16,-1,-1,-1
546,32,504,131,18,13,-1,-1,-1
546,33,504,119,20,14,-1,-1,-1
547,32,468,144,22,14,-1,-1,-1
547,31,448,102,25,16,-1,-1,-1
547,32,504,131,18,13,-1,-1,-1
547,33,503,117,20,14,-1,-1,-1
548,32,473,142,21,14,-1,-1,-1
548,31,444,103,26,16,-1,-1,-1
548,32,505,130,18,13,-1,-1,-1
548,33,502,116,21,14,-1,-1,-1
548,35,267,186,71,55,-1,-1,-1
549,32,479,140,21,14,-1,-1,-1
549,31,439,104,27,16,-1,-1,-1
549,33,501,114,21,14,-1,-1,-1
549,35,283,182,67,53,-1,-1,-1
550,32,484,138,21,14,-1,-1,-1
550,31,435,105,28,16,-1,-1,-1
550,33,500,112,21,14,-1,-1,-1
550,35,296,178,65,52,-1,-1,-1
551,32,490,136,20,13,-1,-1,-1
551,31,430,106,28,16,-1,-1,-1
551,33,499,111,21,14,-1,-1,-1
551,35,312,174,62,51,-1,-1,-1
552,32,495,134,19,13,-1,-1,-1
552,31,425,106,28,16,-1,-1,-1
552,33,498,109,21,14,-1,-1,-1
552,35,327,170,59,48,-1,-1,-1
553,32,500,133,19,13,-1,-1,-1
553,31,420,107,28,16,-1,-1,-1
553,33,497,107,21,14,-1,-1,-1
553,35,342,166,56,46,-1,-1,-1
554,32,502,132,19,13,-1,-1,-1
554,31,415,107,30,18,-1,-1,-1
554,33,496,106,22,14,-1,-1,-1
554,35,356,163,53,43,-1,-1,-1
555,32,503,131,19,13,-1,-1,-1
555,31,410,106,34,20,-1,-1,-1
555,33,495,104,22,14,-1,-1,-1
555,35,371,159,51,41,-1,-1,-1
556,31,406,105,37,22,-1,-1,-1
556,33,494,102,22,14,-1,-1,-1
556,35,384,156,49,39,-1,-1,-1
557,31,401,105,39,23,-1,-1,-1
557,33,493,101,22,14,-1,-1,-1
557,35,398,153,48,37,-1,-1,-1
558,31,396,104,42,24,-1,-1,-1
558,33,492,99,22,14,-1,-1,-1
558,35,410,151,45,36,-1,-1,-1
559,31,391,103,44,26,-1,-1,-1
559,33,491,99,22,14,-1,-1,-1
559,35,421,148,42,35,-1,-1,-1
560,31,386,103,46,28,-1,-1,-1
560,33,490,98,23,14,-1,-1,-1
560,35,431,145,39,34,-1,-1,-1
561,31,380,103,47,29,-1,-1,-1
561,33,488,97,24,15,-1,-1,-1
561,35,440,143,37,33,-1,-1,-1
562,31,374,104,49,29,-1,-1,-1
562,33,485,96,25,16,-1,-1,-1
562,35,448,141,36,31,-1,-1,-1
563,31,367,105,50,29,-1,-1,-1
563,33,483,96,27,17,-1,-1,-1
563,35,456,140,35,30,-1,-1,-1
564,31,360,107,51,29,-1,-1,-1
564,33,480,95,27,18,-1,-1,-1
564,35,464,138,34,29,-1,-1,-1
565,31,353,108,53,29,-1,-1,-1
565,33,478,95,28,18,-1,-1,-1
565,35,471,137,33,28,-1,-1,-1
566,31,345,109,55,29,-1,-1,-1
566,33,476,95,28,18,-1,-1,-1
566,35,478,135,32,27,-1,-1,-1
567,31,336,109,57,30,-1,-1,-1
567,33,473,95,28,18,-1,-1,-1
567,35,485,133,31,26,-1,-1,-1
568,31,329,110,59,30,-1,-1,-1
568,33,470,96,27,17,-1,-1,-1
568,35,491,132,30,25,-1,-1,-1
569,31,321,111,61,31,-1,-1,-1
569,33,467,98,25,16,-1,-1,-1
569,35,497,131,29,24,-1,-1,-1
570,31,313,112,63,31,-1,-1,-1
570,33,464,100,24,15,-1,-1,-1
570,35,502,129,28,23,-1,-1,-1
571,31,306,112,65,32,-1,-1,-1
571,33,462,100,24,15,-1,-1,-1
571,35,506,128,28,23,-1,-1,-1
572,31,298,113,67,33,-1,-1,-1
572,33,459,99,25,16,-1,-1,-1
572,35,510,126,28,22,-1,-1,-1
573,31,288,113,70,34,-1,-1,-1
573,33,456,98,27,17,-1,-1,-1
573,35,514,126,27,22,-1,-1,-1
574,31,279,115,72,34,-1,-1,-1
574,33,453,98,28,18,-1,-1,-1
574,35,518,125,26,21,-1,-1,-1
575,31,274,116,73,34,-1,-1,-1
575,33,451,97,29,19,-1,-1,-1
575,35,522,124,25,20,-1,-1,-1
576,31,272,116,73,34,-1,-1,-1
576,33,448,98,30,18,-1,-1,-1
576,35,526,123,24,19,-1,-1,-1
576,36,525,95,18,12,-1,-1,-1
577,33,446,98,31,18,-1,-1,-1
577,35,530,122,24,19,-1,-1,-1
577,36,524,96,18,11,-1,-1,-1
578,33,444,99,31,18,-1,-1,-1
578,35,534,121,23,19,-1,-1,-1
578,36,523,96,18,11,-1,-1,-1
579,35,537,120,23,18,-1,-1,-1
579,36,521,97,17,10,-1,-1,-1
580,35,541,119,22,18,-1,-1,-1
580,36,520,97,17,10,-1,-1,-1
581,35,544,118,22,18,-1,-1,-1
581,36,518,97,17,10,-1,-1,-1
582,35,547,117,22,18,-1,-1,-1
582,36,516,98,17,10,-1,-1,-1
582,38,187,176,144,89,-1,-1,-1
583,35,550,116,22,18,-1,-1,-1
583,36,514,98,17,10,-1,-1,-1
583,38,206,171,141,88,-1,-1,-1
584,35,552,116,22,18,-1,-1,-1
584,36,512,98,17,10,-1,-1,-1
584,38,220,165,138,89,-1,-1,-1
585,35,554,116,21,18,-1,-1,-1
585,36,510,98,18,10,-1,-1,-1
585,38,240,161,132,87,-1,-1,-1
585,42,132,135,68,36,-1,-1,-1
586,35,557,115,21,18,-1,-1,-1
586,36,509,98,18,10,-1,-1,-1
586,37,401,101,45,26,-1,-1,-1
586,38,261,156,125,84,-1,-1,-1
586,42,121,136,75,37,-1,-1,-1
587,35,559,115,21,18,-1,-1,-1
587,36,509,98,18,10,-1,-1,-1
587,37,397,100,48,28,-1,-1,-1
587,38,281,154,117,79,-1,-1,-1
587,42,114,136,78,39,-1,-1,-1
588,35,560,115,22,18,-1,-1,-1
588,37,394,100,48,29,-1,-1,-1
588,38,299,151,110,75,-1,-1,-1
588,42,103,136,81,40,-1,-1,-1
589,35,561,114,22,18,-1,-1,-1
589,37,388,101,50,30,-1,-1,-1
589,38,315,149,105,71,-1,-1,-1
589,42,95,137,80,41,-1,-1,-1
590,37,383,101,52,30,-1,-1,-1
590,38,331,147,98,66,-1,-1,-1
590,42,85,139,78,41,-1,-1,-1
591,37,376,101,53,31,-1,-1,-1
591,38,347,145,91,63,-1,-1,-1
591,42,76,140,75,42,-1,-1,-1
592,37,370,102,55,31,-1,-1,-1
592,38,363,143,84,59,-1,-1,-1
592,42,67,141,72,42,-1,-1,-1
593,37,363,103,56,31,-1,-1,-1
593,38,376,141,80,58,-1,-1,-1
593,42,58,143,68,43,-1,-1,-1
594,37,356,103,58,32,-1,-1,-1
594,38,387,139,77,56,-1,-1,-1
594,42,46,144,66,44,-1,-1,-1
595,37,349,104,59,32,-1,-1,-1
595,38,398,137,75,55,-1,-1,-1
595,42,34,145,64,45,-1,-1,-1
596,37,342,104,61,33,-1,-1,-1
596,38,407,135,73,53,-1,-1,-1
596,42,22,147,60,44,-1,-1,-1
597,37,335,105,63,33,-1,-1,-1
597,38,416,133,70,52,-1,-1,-1
597,42,16,149,55,42,-1,-1,-1
598,37,329,106,64,33,-1,-1,-1
598,38,425,131,67,50,-1,-1,-1
598,42,16,151,52,41,-1,-1,-1
599,37,322,106,66,34,-1,-1,-1
599,38,433,129,65,49,-1,-1,-1
599,42,21,152,51,40,-1,-1,-1
600,37,315,107,67,34,-1,-1,-1
600,38,441,127,62,48,-1,-1,-1
600,42,29,153,50,40,-1,-1,-1
601,37,308,107,69,35,-1,-1,-1
601,38,449,126,61,47,-1,-1,-1
601,42,37,153,50,40,-1,-1,-1
602,37,301,108,70,35,-1,-1,-1
602,38,457,125,58,45,-1,-1,-1
602,42,46,154,51,40,-1,-1,-1
603,37,294,109,72,35,-1,-1,-1
603,38,464,124,56,43,-1,-1,-1
603,42,56,154,52,40,-1,-1,-1
604,37,287,109,73,36,-1,-1,-1
604,38,470,123,54,41,-1,-1,-1
604,42,66,154,53,40,-1,-1,-1
605,37,280,110,74,36,-1,-1,-1
605,38,476,121,52,40,-1,-1,-1
605,42,76,155,54,41,-1,-1,-1
606,37,273,110,75,37,-1,-1,-1
606,38,482,120,50,39,-1,-1,-1
606,42,86,155,55,41,-1,-1,-1
607,37,269,111,75,37,-1,-1,-1
607,38,487,119,49,38,-1,-1,-1
607,42,96,155,56,41,-1,-1,-1
608,37,267,111,75,38,-1,-1,-1
608,38,493,118,46,37,-1,-1,-1
608,42,106,156,57,42,-1,-1,-1
609,38,499,117,43,37,-1,-1,-1
609,39,445,108,19,11,-1,-1,-1
609,42,116,156,58,42,-1,-1,-1
610,38,505,116,39,36,-1,-1,-1
610,39,442,107,20,12,-1,-1,-1
610,42,126,156,59,42,-1,-1,-1
611,38,509,116,37,35,-1,-1,-1
611,39,440,107,20,12,-1,-1,-1
611,42,136,157,60,42,-1,-1,-1
612,38,514,115,36,34,-1,-1,-1
612,39,436,107,20,13,-1,-1,-1
612,42,146,157,61,43,-1,-1,-1
613,38,518,114,35,33,-1,-1,-1
613,39,432,108,20,12,-1,-1,-1
613,42,157,157,62,43,-1,-1,-1
614,38,522,114,34,32,-1,-1,-1
614,39,429,109,21,12,-1,-1,-1
614,42,167,158,63,43,-1,-1,-1
615,38,525,114,34,31,-1,-1,-1
615,39,425,109,21,13,-1,-1,-1
615,42,177,158,64,44,-1,-1,-1
616,38,528,113,34,30,-1,-1,-1
616,39,421,109,21,13,-1,-1,-1
616,42,187,158,65,44,-1,-1,-1
617,38,531,113,34,29,-1,-1,-1
617,39,416,110,22,13,-1,-1,-1
617,42,197,159,66,44,-1,-1,-1
618,38,534,112,34,28,-1,-1,-1
618,39,412,110,22,13,-1,-1,-1
618,42,207,159,67,45,-1,-1,-1
619,38,538,111,33,27,-1,-1,-1
619,39,407,111,22,13,-1,-1,-1
619,42,217,159,68,45,-1,-1,-1
620,38,541,111,33,26,-1,-1,-1
620,39,402,111,22,14,-1,-1,-1
620,42,227,160,69,45,-1,-1,-1
621,38,542,111,33,25,-1,-1,-1
621,39,397,112,22,14,-1,-1,-1
621,42,238,160,70,45,-1,-1,-1
622,38,543,110,32,25,-1,-1,-1
622,39,392,113,23,14,-1,-1,-1
622,40,263,175,64,52,-1,-1,-1
622,42,248,160,71,46,-1,-1,-1
622,43,452,147,23,16,-1,-1,-1
623,39,387,114,24,14,-1,-1,-1
623,40,277,170,62,51,-1,-1,-1
623,42,258,161,72,46,-1,-1,-1
623,43,457,145,23,16,-1,-1,-1
624,39,381,115,24,14,-1,-1,-1
624,40,280,169,62,51,-1,-1,-1
624,42,268,161,73,46,-1,-1,-1
624,43,461,144,24,16,-1,-1,-1
625,39,375,115,25,15,-1,-1,-1
625,40,286,167,62,50,-1,-1,-1
625,42,278,161,74,47,-1,-1,-1
625,43,465,142,24,16,-1,-1,-1
626,39,369,115,25,15,-1,-1,-1
626,42,288,162,75,47,-1,-1,-1
626,43,471,141,24,16,-1,-1,-1
627,39,363,116,26,15,-1,-1,-1
627,42,299,162,76,47,-1,-1,-1
627,43,476,139,24,16,-1,-1,-1
628,39,356,117,26,16,-1,-1,-1
628,42,309,161,78,46,-1,-1,-1
628,43,482,137,23,16,-1,-1,-1
629,39,350,119,27,16,-1,-1,-1
629,41,447,161,24,17,-1,-1,-1
629,42,321,160,76,44,-1,-1,-1
629,43,488,135,23,15,-1,-1,-1
630,39,343,120,28,16,-1,-1,-1
630,41,452,160,24,16,-1,-1,-1
630,42,336,156,74,44,-1,-1,-1
630,43,493,133,22,15,-1,-1,-1
631,39,336,121,28,16,-1,-1,-1
631,41,457,158,23,16,-1,-1,-1
631,42,350,153,69,43,-1,-1,-1
631,43,498,132,22,15,-1,-1,-1
632,39,329,122,28,16,-1,-1,-1
632,41,463,157,23,15,-1,-1,-1
632,42,363,148,69,43,-1,-1,-1
632,43,502,130,21,15,-1,-1,-1
633,39,321,123,27,16,-1,-1,-1
633,41,470,155,22,15,-1,-1,-1
633,42,374,145,66,42,-1,-1,-1
633,43,506,129,21,14,-1,-1,-1
634,39,314,123,27,16,-1,-1,-1
634,41,476,152,22,15,-1,-1,-1
634,42,386,142,65,41,-1,-1,-1
634,43,510,127,21,14,-1,-1,-1
635,39,306,124,27,16,-1,-1,-1
635,41,482,150,21,14,-1,-1,-1
635,42,398,140,62,39,-1,-1,-1
635,43,514,126,21,14,-1,-1,-1
636,39,298,125,28,16,-1,-1,-1
636,41,488,148,21,14,-1,-1,-1
636,42,408,138,60,38,-1,-1,-1
636,43,518,125,21,13,-1,-1,-1
637,39,289,127,28,16,-1,-1,-1
637,41,493,146,20,14,-1,-1,-1
637,42,418,136,58,37,-1,-1,-1
637,43,520,124,21,13,-1,-1,-1
638,39,280,127,29,17,-1,-1,-1
638,41,498,144,20,14,-1,-1,-1
638,42,427,134,56,36,-1,-1,-1
638,43,521,124,20,13,-1,-1,-1
639,39,270,128,30,19,-1,-1,-1
639,41,503,142,20,14,-1,-1,-1
639,42,436,133,53,34,-1,-1,-1
640,39,265,128,30,19,-1,-1,-1
640,41,506,141,20,14,-1,-1,-1
640,42,444,131,51,33,-1,-1,-1
641,39,262,128,31,20,-1,-1,-1
641,41,508,141,20,14,-1,-1,-1
641,42,452,129,49,32,-1,-1,-1
642,42,459,128,45,30,-1,-1,-1
643,42,467,127,42,28,-1,-1,-1
644,42,476,127,38,25,-1,-1,-1
645,42,482,126,36,24,-1,-1,-1
646,42,488,125,35,23,-1,-1,-1
647,42,491,125,34,23,-1,-1,-1
648,42,496,124,33,22,-1,-1,-1
649,42,501,123,33,21,-1,-1,-1
650,42,505,122,32,20,-1,-1,-1
651,42,506,121,32,20,-1,-1,-1
652,42,507,121,32,20,-1,-1,-1
658,44,4,302,38,33,-1,-1,-1
659,44,6,302,44,36,-1,-1,-1
660,44,7,301,49,39,-1,-1,-1
661,44,8,301,55,43,-1,-1,-1
662,44,10,302,60,45,-1,-1,-1
663,44,15,305,64,46,-1,-1,-1
664,44,24,308,68,47,-1,-1,-1
665,44,33,311,70,48,-1,-1,-1
666,44,42,315,73,48,-1,-1,-1
666,45,498,144,20,14,-1,-1,-1
667,44,54,320,74,48,-1,-1,-1
667,45,502,142,20,14,-1,-1,-1
668,44,68,325,76,47,-1,-1,-1
668,45,504,142,20,14,-1,-1,-1
669,44,82,330,76,47,-1,-1,-1
669,45,505,141,19,14,-1,-1,-1
670,44,97,335,79,47,-1,-1,-1
671,44,112,341,82,46,-1,-1,-1
672,44,127,346,87,46,-1,-1,-1
673,44,135,349,89,45,-1,-1,-1
674,44,140,350,89,44,-1,-1,-1
697,48,550,95,16,10,-1,-1,-1
698,48,549,95,16,10,-1,-1,-1
699,48,548,95,16,10,-1,-1,-1
700,48,547,95,16,10,-1,-1,-1
701,48,546,95,16,10,-1,-1,-1
702,48,545,95,16,10,-1,-1,-1
703,48,544,95,16,10,-1,-1,-1
704,48,543,96,16,10,-1,-1,-1
705,48,542,96,16,10,-1,-1,-1
706,48,541,96,16,10,-1,-1,-1
707,48,540,96,16,10,-1,-1,-1
708,48,539,96,16,10,-1,-1,-1
709,48,538,96,16,10,-1,-1,-1
710,48,537,96,16,10,-1,-1,-1
711,48,535,96,16,10,-1,-1,-1
712,48,534,97,16,10,-1,-1,-1
713,48,533,97,16,10,-1,-1,-1
714,48,531,97,16,10,-1,-1,-1
715,48,529,97,16,11,-1,-1,-1
716,48,528,97,16,11,-1,-1,-1
717,48,527,97,17,11,-1,-1,-1
718,48,525,97,17,11,-1,-1,-1
719,48,524,98,17,10,-1,-1,-1
720,48,523,98,16,10,-1,-1,-1
721,48,521,98,16,10,-1,-1,-1
722,48,519,98,17,10,-1,-1,-1
723,48,517,99,17,10,-1,-1,-1
724,46,470,148,24,18,-1,-1,-1
724,48,515,99,17,10,-1,-1,-1
725,46,474,146,24,18,-1,-1,-1
725,48,513,99,17,10,-1,-1,-1
726,46,478,145,23,17,-1,-1,-1
726,48,512,100,17,10,-1,-1,-1
727,46,483,143,23,17,-1,-1,-1
727,48,510,100,17,10,-1,-1,-1
728,46,488,142,23,17,-1,-1,-1
728,48,509,100,17,10,-1,-1,-1
729,46,493,140,23,16,-1,-1,-1
729,48,507,100,17,10,-1,-1,-1
730,46,499,138,22,16,-1,-1,-1
730,48,505,100,17,11,-1,-1,-1
731,46,504,136,22,15,-1,-1,-1
731,48,503,100,17,11,-1,-1,-1
732,46,509,134,21,15,-1,-1,-1
732,48,501,100,17,11,-1,-1,-1
733,46,514,133,21,15,-1,-1,-1
733,48,499,100,18,11,-1,-1,-1
734,46,518,132,20,15,-1,-1,-1
734,48,497,101,18,11,-1,-1,-1
735,46,522,130,20,15,-1,-1,-1
735,48,496,101,18,11,-1,-1,-1
736,46,527,129,20,14,-1,-1,-1
736,48,494,101,18,11,-1,-1,-1
737,46,531,128,20,14,-1,-1,-1
737,48,492,102,18,11,-1,-1,-1
738,46,534,127,19,14,-1,-1,-1
738,48,489,102,17,11,-1,-1,-1
739,46,536,126,19,13,-1,-1,-1
739,48,487,102,17,11,-1,-1,-1
740,46,537,126,19,13,-1,-1,-1
740,48,485,102,17,11,-1,-1,-1
741,48,483,103,17,11,-1,-1,-1
742,48,481,103,17,11,-1,-1,-1
743,48,478,103,17,11,-1,-1,-1
744,48,476,104,17,11,-1,-1,-1
745,48,473,104,17,11,-1,-1,-1
746,48,470,105,17,11,-1,-1,-1
747,48,467,105,17,11,-1,-1,-1
748,48,464,105,17,11,-1,-1,-1
749,48,461,106,17,11,-1,-1,-1
750,48,458,106,17,11,-1,-1,-1
751,48,455,107,17,11,-1,-1,-1
752,48,452,107,18,11,-1,-1,-1
753,48,448,107,18,11,-1,-1,-1
754,48,445,108,19,11,-1,-1,-1
755,48,441,108,19,11,-1,-1,-1
756,48,438,108,20,11,-1,-1,-1
757,48,434,109,21,12,-1,-1,-1
758,48,431,109,21,12,-1,-1,-1
759,48,428,110,21,12,-1,-1,-1
760,48,425,111,21,12,-1,-1,-1
761,48,421,111,21,12,-1,-1,-1
762,48,417,112,21,12,-1,-1,-1
763,48,413,113,21,12,-1,-1,-1
764,48,408,113,21,12,-1,-1,-1
765,48,404,114,21,12,-1,-1,-1
766,48,399,114,21,12,-1,-1,-1
767,48,394,115,21,13,-1,-1,-1
768,47,495,133,20,14,-1,-1,-1
768,48,389,115,22,13,-1,-1,-1
769,47,498,132,20,14,-1,-1,-1
769,48,384,116,22,13,-1,-1,-1
770,47,501,131,20,13,-1,-1,-1
770,48,379,117,23,13,-1,-1,-1
771,47,502,131,20,13,-1,-1,-1
771,48,374,117,23,13,-1,-1,-1
772,47,503,131,20,13,-1,-1,-1
772,48,368,118,22,13,-1,-1,-1
773,48,362,119,22,13,-1,-1,-1
774,48,356,120,22,13,-1,-1,-1
775,48,350,121,23,14,-1,-1,-1
776,48,344,122,24,14,-1,-1,-1
777,48,337,123,24,14,-1,-1,-1
778,48,331,124,25,14,-1,-1,-1
779,48,323,125,25,14,-1,-1,-1
780,48,316,126,26,15,-1,-1,-1
781,48,308,126,26,15,-1,-1,-1
782,48,301,127,28,16,-1,-1,-1
783,48,292,127,28,16,-1,-1,-1
784,48,283,128,28,16,-1,-1,-1
785,48,275,129,29,17,-1,-1,-1
786,48,266,130,30,18,-1,-1,-1
787,48,256,131,31,19,-1,-1,-1
788,48,246,132,32,19,-1,-1,-1
789,48,235,134,33,20,-1,-1,-1
790,48,223,135,35,21,-1,-1,-1
791,48,211,137,36,22,-1,-1,-1
792,48,199,138,37,23,-1,-1,-1
793,48,186,140,38,24,-1,-1,-1
794,48,173,141,39,24,-1,-1,-1
795,48,159,143,40,24,-1,-1,-1
796,48,146,144,42,25,-1,-1,-1
797,48,130,146,44,25,-1,-1,-1
798,48,123,147,45,25,-1,-1,-1
799,48,116,148,46,26,-1,-1,-1
808,49,493,144,20,15,-1,-1,-1
809,49,497,142,20,15,-1,-1,-1
810,49,500,141,20,15,-1,-1,-1
811,49,504,140,20,14,-1,-1,-1
812,49,508,138,19,14,-1,-1,-1
813,49,512,136,19,14,-1,-1,-1
814,49,517,134,18,14,-1,-1,-1
815,49,519,134,18,14,-1,-1,-1
816,49,520,133,18,14,-1,-1,-1
837,53,541,97,17,10,-1,-1,-1
838,53,541,97,17,10,-1,-1,-1
839,53,540,97,17,10,-1,-1,-1
840,53,539,97,17,10,-1,-1,-1
841,53,538,97,17,10,-1,-1,-1
842,53,536,97,17,10,-1,-1,-1
843,53,535,97,17,10,-1,-1,-1
843,55,219,168,141,87,-1,-1,-1
844,53,534,97,17,10,-1,-1,-1
844,55,237,163,137,85,-1,-1,-1
845,53,532,97,17,10,-1,-1,-1
845,55,252,160,132,83,-1,-1,-1
846,53,531,97,17,10,-1,-1,-1
846,55,272,155,124,80,-1,-1,-1
847,53,529,97,17,10,-1,-1,-1
847,55,292,152,115,75,-1,-1,-1
848,53,528,97,17,10,-1,-1,-1
848,55,310,149,109,71,-1,-1,-1
849,53,527,97,17,10,-1,-1,-1
849,55,328,146,105,67,-1,-1,-1
850,53,525,97,17,11,-1,-1,-1
850,55,345,144,100,63,-1,-1,-1
851,53,524,97,18,11,-1,-1,-1
851,55,360,143,95,59,-1,-1,-1
852,53,522,97,19,11,-1,-1,-1
852,55,376,142,88,55,-1,-1,-1
853,53,520,97,19,11,-1,-1,-1
853,55,390,140,82,53,-1,-1,-1
854,53,518,97,20,11,-1,-1,-1
854,55,402,137,78,52,-1,-1,-1
855,53,516,97,20,11,-1,-1,-1
855,55,412,135,74,50,-1,-1,-1
856,53,515,97,21,11,-1,-1,-1
856,55,423,133,71,48,-1,-1,-1
857,53,513,98,21,10,-1,-1,-1
857,55,433,131,69,47,-1,-1,-1
858,50,431,114,20,11,-1,-1,-1
858,52,408,113,18,12,-1,-1,-1
858,53,511,98,21,10,-1,-1,-1
858,55,442,130,66,46,-1,-1,-1
859,50,428,114,19,11,-1,-1,-1
859,52,405,113,17,12,-1,-1,-1
859,53,510,98,22,10,-1,-1,-1
859,55,450,128,63,45,-1,-1,-1
860,50,425,115,19,11,-1,-1,-1
860,52,402,114,17,11,-1,-1,-1
860,53,508,98,22,10,-1,-1,-1
860,55,458,127,60,43,-1,-1,-1
861,50,422,116,19,11,-1,-1,-1
861,52,398,115,16,11,-1,-1,-1
861,53,507,98,22,10,-1,-1,-1
861,55,467,126,57,41,-1,-1,-1
862,50,417,116,19,11,-1,-1,-1
862,52,393,115,17,11,-1,-1,-1
862,53,505,98,22,11,-1,-1,-1
862,55,474,125,54,40,-1,-1,-1
863,50,413,117,18,11,-1,-1,-1
863,52,389,116,16,12,-1,-1,-1
863,53,503,98,22,11,-1,-1,-1
863,55,481,123,52,39,-1,-1,-1
864,50,407,118,18,11,-1,-1,-1
864,52,383,116,17,12,-1,-1,-1
864,53,501,99,23,12,-1,-1,-1
864,55,487,122,50,37,-1,-1,-1
865,50,403,118,18,11,-1,-1,-1
865,52,378,117,17,12,-1,-1,-1
865,53,499,99,23,12,-1,-1,-1
865,55,493,121,46,36,-1,-1,-1
866,50,397,119,18,12,-1,-1,-1
866,52,373,118,17,13,-1,-1,-1
866,53,497,99,23,12,-1,-1,-1
866,55,499,119,43,36,-1,-1,-1
866,56,447,108,18,11,-1,-1,-1
867,50,391,120,18,12,-1,-1,-1
867,52,371,118,17,13,-1,-1,-1
867,53,495,99,23,11,-1,-1,-1
867,55,505,118,40,34,-1,-1,-1
867,56,444,108,19,11,-1,-1,-1
868,50,384,120,19,12,-1,-1,-1
868,52,369,118,17,13,-1,-1,-1
868,53,494,99,22,11,-1,-1,-1
868,55,509,117,38,34,-1,-1,-1
868,56,442,108,19,11,-1,-1,-1
869,50,377,121,21,13,-1,-1,-1
869,51,245,181,130,74,-1,-1,-1
869,53,493,100,21,11,-1,-1,-1
869,55,513,116,37,32,-1,-1,-1
869,56,439,108,20,11,-1,-1,-1
870,50,368,122,23,14,-1,-1,-1
870,51,261,179,126,70,-1,-1,-1
870,53,491,100,21,11,-1,-1,-1
870,55,518,115,37,32,-1,-1,-1
870,56,436,108,20,11,-1,-1,-1
871,50,356,123,25,14,-1,-1,-1
871,51,274,174,119,70,-1,-1,-1
871,53,489,101,21,11,-1,-1,-1
871,55,523,115,36,31,-1,-1,-1
871,56,433,109,21,11,-1,-1,-1
872,50,345,123,27,15,-1,-1,-1
872,51,291,170,113,68,-1,-1,-1
872,53,487,101,21,12,-1,-1,-1
872,55,527,114,35,31,-1,-1,-1
872,56,429,110,22,11,-1,-1,-1
873,50,337,123,28,15,-1,-1,-1
873,51,309,166,104,64,-1,-1,-1
873,53,484,101,22,12,-1,-1,-1
873,55,530,114,35,31,-1,-1,-1
873,56,426,110,23,11,-1,-1,-1
874,50,330,125,29,16,-1,-1,-1
874,51,329,163,95,60,-1,-1,-1
874,53,481,101,23,12,-1,-1,-1
874,55,533,113,35,31,-1,-1,-1
874,56,422,111,23,11,-1,-1,-1
875,50,327,125,29,15,-1,-1,-1
875,51,347,160,89,56,-1,-1,-1
875,53,478,102,23,12,-1,-1,-1
875,55,536,113,35,30,-1,-1,-1
875,56,418,111,23,12,-1,-1,-1
876,50,325,126,29,15,-1,-1,-1
876,51,361,157,84,55,-1,-1,-1
876,53,476,102,24,12,-1,-1,-1
876,55,539,112,34,30,-1,-1,-1
876,56,414,111,24,12,-1,-1,-1
877,51,374,154,81,53,-1,-1,-1
877,53,474,102,24,13,-1,-1,-1
877,55,541,112,34,29,-1,-1,-1
877,56,410,112,24,12,-1,-1,-1
878,51,387,152,78,52,-1,-1,-1
878,53,472,102,24,13,-1,-1,-1
878,55,544,111,34,29,-1,-1,-1
878,56,406,113,24,12,-1,-1,-1
879,51,398,149,76,51,-1,-1,-1
879,53,470,102,25,13,-1,-1,-1
879,55,546,111,34,28,-1,-1,-1
879,56,403,113,23,12,-1,-1,-1
880,51,409,145,73,50,-1,-1,-1
880,53,467,102,25,14,-1,-1,-1
880,55,549,110,34,28,-1,-1,-1
880,56,399,114,23,12,-1,-1,-1
881,51,419,142,69,49,-1,-1,-1
881,53,464,102,26,14,-1,-1,-1
881,55,551,110,34,27,-1,-1,-1
881,56,394,115,23,12,-1,-1,-1
882,51,429,140,67,46,-1,-1,-1
882,53,461,102,26,14,-1,-1,-1
882,55,553,109,34,26,-1,-1,-1
882,56,389,115,22,12,-1,-1,-1
883,51,438,138,64,44,-1,-1,-1
883,53,459,102,27,15,-1,-1,-1
883,55,556,109,34,26,-1,-1,-1
883,56,385,116,22,12,-1,-1,-1
884,51,447,136,61,42,-1,-1,-1
884,53,457,102,27,15,-1,-1,-1
884,54,220,137,36,22,-1,-1,-1
884,55,558,108,34,25,-1,-1,-1
884,56,380,116,22,12,-1,-1,-1
885,51,456,134,58,40,-1,-1,-1
885,53,454,102,26,14,-1,-1,-1
885,54,216,137,36,23,-1,-1,-1
885,55,561,108,34,25,-1,-1,-1
885,56,375,117,22,12,-1,-1,-1
886,51,464,133,55,38,-1,-1,-1
886,53,452,102,26,14,-1,-1,-1
886,54,214,138,36,23,-1,-1,-1
886,55,563,107,34,24,-1,-1,-1
886,56,370,118,22,13,-1,-1,-1
887,51,470,131,52,37,-1,-1,-1
887,53,450,102,26,15,-1,-1,-1
887,55,566,107,34,24,-1,-1,-1
887,56,365,118,22,13,-1,-1,-1
888,51,477,130,50,35,-1,-1,-1
888,53,447,103,26,15,-1,-1,-1
888,55,568,106,33,23,-1,-1,-1
888,56,360,119,22,13,-1,-1,-1
889,51,482,128,49,34,-1,-1,-1
889,53,445,103,26,15,-1,-1,-1
889,55,571,105,32,23,-1,-1,-1
889,56,355,119,21,13,-1,-1,-1
890,51,487,127,48,33,-1,-1,-1
890,53,441,103,27,15,-1,-1,-1
890,55,574,105,31,23,-1,-1,-1
890,56,349,120,22,13,-1,-1,-1
891,51,493,126,46,31,-1,-1,-1
891,53,437,104,27,15,-1,-1,-1
891,55,577,104,30,22,-1,-1,-1
891,56,343,121,22,13,-1,-1,-1
892,51,499,126,44,29,-1,-1,-1
892,53,433,105,27,14,-1,-1,-1
892,55,578,104,29,22,-1,-1,-1
892,56,336,123,22,13,-1,-1,-1
893,51,505,125,41,27,-1,-1,-1
893,53,429,107,26,14,-1,-1,-1
893,55,579,104,29,22,-1,-1,-1
893,56,330,124,22,13,-1,-1,-1
894,51,510,124,39,26,-1,-1,-1
894,53,425,108,26,14,-1,-1,-1
894,56,323,125,22,13,-1,-1,-1
895,51,516,123,37,25,-1,-1,-1
895,53,421,108,27,14,-1,-1,-1
895,56,317,126,23,13,-1,-1,-1
896,51,521,122,35,24,-1,-1,-1
896,53,416,109,27,14,-1,-1,-1
896,56,309,127,23,14,-1,-1,-1
897,51,525,121,34,24,-1,-1,-1
897,53,412,109,29,14,-1,-1,-1
897,56,301,128,24,14,-1,-1,-1
898,51,527,121,34,23,-1,-1,-1
898,53,408,109,30,15,-1,-1,-1
898,56,293,129,25,15,-1,-1,-1
899,51,529,121,34,23,-1,-1,-1
899,53,404,109,30,16,-1,-1,-1
899,56,284,130,26,15,-1,-1,-1
900,53,399,110,31,16,-1,-1,-1
900,56,276,131,27,16,-1,-1,-1
901,53,394,110,32,16,-1,-1,-1
901,56,267,132,27,16,-1,-1,-1
902,53,388,110,33,17,-1,-1,-1
902,56,258,133,28,17,-1,-1,-1
903,53,384,111,34,17,-1,-1,-1
903,56,249,134,29,17,-1,-1,-1
904,53,379,111,35,18,-1,-1,-1
904,56,240,135,29,18,-1,-1,-1
905,53,375,112,36,18,-1,-1,-1
905,56,236,136,30,18,-1,-1,-1
906,53,370,112,37,19,-1,-1,-1
906,56,233,136,30,18,-1,-1,-1
907,53,365,113,37,19,-1,-1,-1
908,53,357,113,38,19,-1,-1,-1
909,53,351,114,39,19,-1,-1,-1
910,53,344,115,39,20,-1,-1,-1
911,53,337,115,41,21,-1,-1,-1
912,53,330,115,43,22,-1,-1,-1
913,53,324,115,47,24,-1,-1,-1
914,53,318,114,49,26,-1,-1,-1
915,53,311,114,52,27,-1,-1,-1
916,53,303,112,53,29,-1,-1,-1
917,53,295,111,54,31,-1,-1,-1
918,53,287,112,55,31,-1,-1,-1
919,53,278,115,56,29,-1,-1,-1
920,53,269,118,57,28,-1,-1,-1
921,53,259,120,57,27,-1,-1,-1
922,53,255,121,57,27,-1,-1,-1
923,53,251,122,56,27,-1,-1,-1
933,57,103,147,53,28,-1,-1,-1
934,57,92,148,52,29,-1,-1,-1
935,57,82,149,52,30,-1,-1,-1
936,57,75,150,52,30,-1,-1,-1
936,58,505,132,19,13,-1,-1,-1
937,57,70,150,52,30,-1,-1,-1
937,58,508,130,19,13,-1,-1,-1
938,58,510,130,19,13,-1,-1,-1
939,58,514,129,18,13,-1,-1,-1
940,58,517,128,18,12,-1,-1,-1
941,58,519,128,18,12,-1,-1,-1
942,58,520,128,18,12,-1,-1,-1
972,59,451,109,20,12,-1,-1,-1
973,59,448,109,20,12,-1,-1,-1
973,60,463,142,23,16,-1,-1,-1
974,59,445,110,20,12,-1,-1,-1
974,60,467,140,23,16,-1,-1,-1
975,59,441,110,20,13,-1,-1,-1
975,60,471,139,22,16,-1,-1,-1
976,59,437,111,20,12,-1,-1,-1
976,60,476,138,22,15,-1,-1,-1
977,59,433,112,20,12,-1,-1,-1
977,60,481,136,22,15,-1,-1,-1
978,59,429,112,19,12,-1,-1,-1
978,60,486,135,22,15,-1,-1,-1
979,59,423,113,19,12,-1,-1,-1
979,60,491,133,22,15,-1,-1,-1
980,59,418,113,19,12,-1,-1,-1
980,60,496,131,22,15,-1,-1,-1
981,59,412,114,20,13,-1,-1,-1
981,60,500,130,21,14,-1,-1,-1
982,59,406,115,20,13,-1,-1,-1
982,60,504,129,21,14,-1,-1,-1
983,59,401,116,20,13,-1,-1,-1
983,60,508,127,21,15,-1,-1,-1
984,59,395,117,21,14,-1,-1,-1
984,60,513,126,20,15,-1,-1,-1
985,59,392,117,21,14,-1,-1,-1
985,60,517,125,19,14,-1,-1,-1
985,61,279,172,120,73,-1,-1,-1
986,59,389,118,21,14,-1,-1,-1
986,60,519,124,19,14,-1,-1,-1
986,61,290,167,117,71,-1,-1,-1
987,60,520,124,19,14,-1,-1,-1
987,61,298,163,114,71,-1,-1,-1
988,61,312,160,109,68,-1,-1,-1
989,61,328,158,103,65,-1,-1,-1
990,61,346,156,95,61,-1,-1,-1
991,61,364,154,88,57,-1,-1,-1
992,61,379,152,81,54,-1,-1,-1
993,61,394,149,75,53,-1,-1,-1
994,61,404,145,72,52,-1,-1,-1
995,61,414,142,69,52,-1,-1,-1
996,61,423,140,67,50,-1,-1,-1
997,61,430,138,67,49,-1,-1,-1
998,61,438,136,65,47,-1,-1,-1
999,61,445,134,63,45,-1,-1,-1
1000,61,454,133,60,42,-1,-1,-1
1000,62,442,146,23,17,-1,-1,-1
1001,61,462,132,57,39,-1,-1,-1
1001,62,447,145,22,16,-1,-1,-1
1002,61,469,131,55,38,-1,-1,-1
1002,62,452,144,21,16,-1,-1,-1
1003,61,476,130,53,37,-1,-1,-1
1003,62,458,142,20,15,-1,-1,-1
1004,61,479,129,52,37,-1,-1,-1
1004,62,464,141,20,15,-1,-1,-1
1005,61,481,129,52,36,-1,-1,-1
1005,62,470,140,20,15,-1,-1,-1
1006,62,475,138,19,14,-1,-1,-1
1007,62,481,136,19,14,-1,-1,-1
1008,62,486,135,18,13,-1,-1,-1
1009,62,491,133,18,14,-1,-1,-1
1010,62,496,132,18,13,-1,-1,-1
1011,62,500,131,17,13,-1,-1,-1
1012,62,502,130,17,13,-1,-1,-1
1013,62,504,130,17,13,-1,-1,-1
1026,64,537,96,16,10,-1,-1,-1
1027,64,536,96,16,10,-1,-1,-1
1028,64,535,96,15,11,-1,-1,-1
1029,64,534,96,15,11,-1,-1,-1
1030,64,533,96,15,11,-1,-1,-1
1031,64,532,96,15,11,-1,-1,-1
1032,64,530,96,15,11,-1,-1,-1
1033,64,529,96,15,11,-1,-1,-1
1034,64,527,97,15,10,-1,-1,-1
1035,64,525,97,15,10,-1,-1,-1
1036,64,524,97,15,10,-1,-1,-1
1037,64,522,97,15,10,-1,-1,-1
1038,64,520,97,15,11,-1,-1,-1
1039,64,519,98,15,11,-1,-1,-1
1040,64,516,98,16,11,-1,-1,-1
1041,63,541,346,97,44,-1,-1,-1
1041,64,515,98,16,11,-1,-1,-1
1042,63,531,344,94,43,-1,-1,-1
1042,64,512,98,16,11,-1,-1,-1
1043,63,523,343,92,43,-1,-1,-1
1043,64,510,98,17,11,-1,-1,-1
1044,63,513,340,91,43,-1,-1,-1
1044,64,509,98,17,11,-1,-1,-1
1045,63,503,338,90,43,-1,-1,-1
1045,64,507,98,17,12,-1,-1,-1
1046,63,493,335,89,43,-1,-1,-1
1046,64,504,99,17,12,-1,-1,-1
1047,63,483,333,86,42,-1,-1,-1
1047,64,502,99,17,12,-1,-1,-1
1048,63,473,330,83,42,-1,-1,-1
1048,64,500,99,17,12,-1,-1,-1
1049,63,464,327,81,42,-1,-1,-1
1049,64,498,100,17,12,-1,-1,-1
1050,63,457,325,80,41,-1,-1,-1
1050,64,495,100,17,12,-1,-1,-1
1051,63,449,323,79,41,-1,-1,-1
1051,64,493,101,17,12,-1,-1,-1
1052,63,442,321,79,41,-1,-1,-1
1052,64,490,101,17,12,-1,-1,-1
1053,63,436,319,78,40,-1,-1,-1
1053,64,488,102,17,12,-1,-1,-1
1054,63,430,317,77,41,-1,-1,-1
1054,64,485,102,17,12,-1,-1,-1
1055,63,424,314,75,42,-1,-1,-1
1055,64,483,102,17,12,-1,-1,-1
1056,63,419,312,73,43,-1,-1,-1
1056,64,480,103,17,12,-1,-1,-1
1057,63,413,309,71,43,-1,-1,-1
1057,64,478,103,17,12,-1,-1,-1
1058,63,408,306,70,44,-1,-1,-1
1058,64,475,103,17,12,-1,-1,-1
1059,63,402,304,69,44,-1,-1,-1
1059,64,472,103,17,12,-1,-1,-1
1060,63,397,302,67,45,-1,-1,-1
1060,64,469,104,16,12,-1,-1,-1
1061,63,392,300,66,46,-1,-1,-1
1061,64,465,104,17,12,-1,-1,-1
1062,63,388,299,65,46,-1,-1,-1
1062,64,462,104,17,12,-1,-1,-1
1063,63,384,297,63,46,-1,-1,-1
1063,64,458,104,17,13,-1,-1,-1
1064,63,379,295,62,46,-1,-1,-1
1064,64,455,105,17,13,-1,-1,-1
1065,63,375,293,61,46,-1,-1,-1
1065,64,451,106,18,13,-1,-1,-1
1066,63,370,292,60,46,-1,-1,-1
1066,64,448,106,18,13,-1,-1,-1
1067,63,366,290,59,45,-1,-1,-1
1067,64,444,106,19,13,-1,-1,-1
1068,63,361,288,58,44,-1,-1,-1
1068,64,440,107,19,13,-1,-1,-1
1069,63,357,286,57,44,-1,-1,-1
1069,64,437,107,19,13,-1,-1,-1
1070,63,353,282,56,43,-1,-1,-1
1070,64,433,108,19,13,-1,-1,-1
1071,63,351,281,56,43,-1,-1,-1
1071,64,428,109,19,13,-1,-1,-1
1072,63,349,279,55,43,-1,-1,-1
1072,64,424,109,19,13,-1,-1,-1
1073,64,419,109,20,13,-1,-1,-1
1074,64,415,110,21,13,-1,-1,-1
1075,64,410,111,21,13,-1,-1,-1
1076,64,405,111,21,14,-1,-1,-1
1077,64,399,112,22,14,-1,-1,-1
1078,64,394,112,22,15,-1,-1,-1
1079,64,388,113,23,15,-1,-1,-1
1080,64,382,114,23,15,-1,-1,-1
1081,64,376,114,24,15,-1,-1,-1
1082,64,370,115,24,15,-1,-1,-1
1083,64,364,116,24,15,-1,-1,-1
1084,64,357,117,25,16,-1,-1,-1
1085,64,350,118,25,16,-1,-1,-1
1086,64,343,119,26,16,-1,-1,-1
1087,64,336,120,26,16,-1,-1,-1
1087,65,330,223,27,27,-1,-1,-1
1088,64,328,120,27,17,-1,-1,-1
1088,65,332,220,26,26,-1,-1,-1
1089,64,319,121,28,17,-1,-1,-1
1089,65,333,217,26,26,-1,-1,-1
1090,64,311,122,28,18,-1,-1,-1
1090,65,334,214,26,27,-1,-1,-1
1091,64,302,123,28,18,-1,-1,-1
1091,65,336,212,27,26,-1,-1,-1
1092,64,292,124,29,18,-1,-1,-1
1092,65,338,211,27,25,-1,-1,-1
1093,64,283,125,29,19,-1,-1,-1
1093,65,341,210,27,23,-1,-1,-1
1094,64,274,126,29,20,-1,-1,-1
1094,65,344,209,26,22,-1,-1,-1
1095,64,264,127,30,20,-1,-1,-1
1095,65,348,207,26,21,-1,-1,-1
1096,64,254,127,31,22,-1,-1,-1
1096,65,352,205,26,21,-1,-1,-1
1097,64,242,129,33,22,-1,-1,-1
1097,65,356,203,26,20,-1,-1,-1
1098,64,230,131,34,23,-1,-1,-1
1098,65,360,201,27,20,-1,-1,-1
1099,64,217,133,36,23,-1,-1,-1
1099,65,364,198,27,20,-1,-1,-1
1100,64,204,134,36,25,-1,-1,-1
1100,65,368,195,27,20,-1,-1,-1
1101,64,197,135,37,26,-1,-1,-1
1101,65,372,192,27,20,-1,-1,-1
1102,64,192,135,37,27,-1,-1,-1
1102,65,376,189,27,20,-1,-1,-1
1103,65,380,187,27,20,-1,-1,-1
1104,65,384,185,27,19,-1,-1,-1
1105,65,388,183,27,19,-1,-1,-1
1106,65,393,181,27,19,-1,-1,-1
1107,65,397,179,26,18,-1,-1,-1
1108,65,402,178,26,18,-1,-1,-1
1109,65,403,177,26,17,-1,-1,-1
1110,65,405,176,25,17,-1,-1,-1
1199,66,472,140,23,15,-1,-1,-1
1200,66,477,139,23,15,-1,-1,-1
1201,66,480,137,22,14,-1,-1,-1
1202,66,483,136,21,15,-1,-1,-1
1203,66,485,136,21,15,-1,-1,-1
1267,68,540,96,16,10,-1,-1,-1
1268,68,539,96,16,10,-1,-1,-1
1269,68,538,96,16,10,-1,-1,-1
1270,68,537,96,16,10,-1,-1,-1
1271,67,379,178,36,25,-1,-1,-1
1271,68,536,96,16,10,-1,-1,-1
1272,67,387,175,36,25,-1,-1,-1
1272,68,535,97,15,10,-1,-1,-1
1273,67,394,172,35,24,-1,-1,-1
1273,68,534,97,15,10,-1,-1,-1
1274,67,403,169,34,23,-1,-1,-1
1274,68,532,97,15,10,-1,-1,-1
1275,67,413,167,33,22,-1,-1,-1
1275,68,530,97,16,10,-1,-1,-1
1276,67,422,164,31,21,-1,-1,-1
1276,68,529,97,17,11,-1,-1,-1
1277,67,432,161,30,20,-1,-1,-1
1277,68,527,97,17,11,-1,-1,-1
1278,67,440,158,29,20,-1,-1,-1
1278,68,525,97,17,11,-1,-1,-1
1279,67,447,156,28,19,-1,-1,-1
1279,68,523,97,17,11,-1,-1,-1
1280,67,454,154,27,19,-1,-1,-1
1280,68,521,97,17,11,-1,-1,-1
1281,67,461,152,26,18,-1,-1,-1
1281,68,519,97,18,11,-1,-1,-1
1282,67,468,150,25,18,-1,-1,-1
1282,68,517,98,18,11,-1,-1,-1
1283,67,475,148,24,17,-1,-1,-1
1283,68,515,98,18,11,-1,-1,-1
1284,67,481,146,23,17,-1,-1,-1
1284,68,513,99,18,11,-1,-1,-1
1285,67,486,144,23,16,-1,-1,-1
1285,68,511,99,18,11,-1,-1,-1
1286,67,491,142,22,16,-1,-1,-1
1286,68,509,99,18,10,-1,-1,-1
1287,67,496,141,22,15,-1,-1,-1
1287,68,507,99,17,10,-1,-1,-1
1288,67,499,140,21,15,-1,-1,-1
1288,68,504,100,17,10,-1,-1,-1
1289,67,501,139,21,15,-1,-1,-1
1289,68,502,100,17,10,-1,-1,-1
1290,68,500,100,17,10,-1,-1,-1
1291,68,499,101,17,10,-1,-1,-1
1292,68,497,101,17,11,-1,-1,-1
1293,68,495,101,17,11,-1,-1,-1
1294,68,493,102,17,11,-1,-1,-1
1295,68,490,102,17,11,-1,-1,-1
1296,68,487,102,18,11,-1,-1,-1
1297,68,485,102,18,11,-1,-1,-1
1298,68,482,103,18,11,-1,-1,-1
1299,68,480,103,17,11,-1,-1,-1
1300,68,478,103,17,11,-1,-1,-1
1301,68,475,104,17,12,-1,-1,-1
1302,68,472,104,17,12,-1,-1,-1
1303,68,469,104,17,12,-1,-1,-1
1304,68,466,104,16,12,-1,-1,-1
1305,68,464,104,16,12,-1,-1,-1
1306,68,463,104,16,12,-1,-1,-1
1307,68,462,104,16,12,-1,-1,-1
1308,68,462,104,16,12,-1,-1,-1
1309,68,462,104,16,12,-1,-1,-1
1310,68,462,104,16,12,-1,-1,-1
1311,68,462,104,16,12,-1,-1,-1
1313,69,430,111,19,12,-1,-1,-1
1314,69,427,111,19,12,-1,-1,-1
1315,69,425,111,19,12,-1,-1,-1
1316,69,421,112,19,12,-1,-1,-1
1317,69,417,112,19,12,-1,-1,-1
1318,69,412,113,20,12,-1,-1,-1
1319,69,407,113,20,12,-1,-1,-1
1320,69,402,114,20,12,-1,-1,-1
1321,69,396,115,20,12,-1,-1,-1
1322,69,391,115,21,12,-1,-1,-1
1323,69,385,116,22,12,-1,-1,-1
1324,69,379,117,23,13,-1,-1,-1
1325,69,373,118,23,13,-1,-1,-1
1326,69,367,118,23,13,-1,-1,-1
1327,69,361,119,23,13,-1,-1,-1
1328,69,354,120,23,13,-1,-1,-1
1329,69,346,122,24,13,-1,-1,-1
1330,69,338,123,25,14,-1,-1,-1
1331,69,330,124,26,14,-1,-1,-1
1332,69,322,125,26,15,-1,-1,-1
1333,69,315,126,27,15,-1,-1,-1
1334,69,306,127,27,15,-1,-1,-1
1335,69,302,127,27,15,-1,-1,-1
1336,69,299,128,27,15,-1,-1,-1
1368,70,554,94,18,12,-1,-1,-1
1369,70,553,94,19,12,-1,-1,-1
1370,70,552,94,19,12,-1,-1,-1
1371,70,551,94,19,12,-1,-1,-1
1372,70,550,94,19,12,-1,-1,-1
1373,70,548,94,19,12,-1,-1,-1
1374,70,547,94,19,12,-1,-1,-1
1375,70,545,95,18,12,-1,-1,-1
1376,70,544,95,18,12,-1,-1,-1
1377,70,542,95,18,11,-1,-1,-1
1378,70,541,96,17,11,-1,-1,-1
1379,70,540,96,17,11,-1,-1,-1
1380,70,539,96,17,11,-1,-1,-1
1381,70,539,96,16,11,-1,-1,-1
1382,70,538,96,16,11,-1,-1,-1
1383,70,537,96,15,11,-1,-1,-1
1384,70,534,97,15,11,-1,-1,-1
1385,70,531,98,14,11,-1,-1,-1
1385,71,541,96,14,10,-1,-1,-1
1386,70,527,98,14,11,-1,-1,-1
1386,71,539,96,14,10,-1,-1,-1
1387,70,525,99,14,11,-1,-1,-1
1387,71,538,96,14,10,-1,-1,-1
1388,70,522,100,14,11,-1,-1,-1
1388,71,536,96,15,10,-1,-1,-1
1389,70,520,100,14,11,-1,-1,-1
1389,71,534,96,15,11,-1,-1,-1
1390,70,517,100,14,11,-1,-1,-1
1390,71,531,96,16,11,-1,-1,-1
1391,70,515,100,14,11,-1,-1,-1
1391,71,529,96,16,11,-1,-1,-1
1392,70,513,100,14,11,-1,-1,-1
1392,71,528,96,16,12,-1,-1,-1
1393,70,510,101,15,11,-1,-1,-1
1393,71,527,96,16,12,-1,-1,-1
1394,70,508,101,15,11,-1,-1,-1
1394,71,525,97,16,11,-1,-1,-1
1395,70,505,102,16,11,-1,-1,-1
1395,71,524,97,16,11,-1,-1,-1
1396,70,502,102,16,11,-1,-1,-1
1396,71,521,97,16,10,-1,-1,-1
1396,72,461,145,23,16,-1,-1,-1
1397,70,500,103,17,11,-1,-1,-1
1397,71,519,98,17,10,-1,-1,-1
1397,72,465,143,23,15,-1,-1,-1
1398,70,498,103,17,11,-1,-1,-1
1398,71,515,98,17,10,-1,-1,-1
1398,72,469,142,22,15,-1,-1,-1
1399,70,496,103,18,11,-1,-1,-1
1399,71,511,99,17,10,-1,-1,-1
1399,72,474,141,21,15,-1,-1,-1
1400,70,494,103,17,11,-1,-1,-1
1400,71,507,100,17,10,-1,-1,-1
1400,72,479,140,21,14,-1,-1,-1
1401,70,492,104,17,11,-1,-1,-1
1401,71,503,101,17,10,-1,-1,-1
1401,72,484,138,20,14,-1,-1,-1
1402,70,490,104,17,11,-1,-1,-1
1402,71,498,101,17,10,-1,-1,-1
1402,72,489,137,19,14,-1,-1,-1
1403,70,488,104,17,11,-1,-1,-1
1403,71,494,102,17,11,-1,-1,-1
1403,72,493,135,19,14,-1,-1,-1
1404,70,486,104,17,11,-1,-1,-1
1404,71,489,103,17,11,-1,-1,-1
1404,72,498,133,19,13,-1,-1,-1
1405,70,484,104,17,11,-1,-1,-1
1405,71,485,104,18,11,-1,-1,-1
1405,72,502,132,19,13,-1,-1,-1
1406,70,482,105,17,11,-1,-1,-1
1406,71,481,104,18,11,-1,-1,-1
1406,72,505,130,19,12,-1,-1,-1
1407,70,480,105,17,11,-1,-1,-1
1407,71,476,105,18,11,-1,-1,-1
1407,72,509,129,19,12,-1,-1,-1
1408,70,478,105,17,11,-1,-1,-1
1408,71,472,106,18,12,-1,-1,-1
1408,72,513,128,19,12,-1,-1,-1
1409,70,476,105,17,11,-1,-1,-1
1409,71,467,107,18,12,-1,-1,-1
1409,72,517,127,19,12,-1,-1,-1
1410,70,474,105,17,11,-1,-1,-1
1410,71,463,107,18,12,-1,-1,-1
1410,72,519,126,19,12,-1,-1,-1
1411,70,472,105,17,11,-1,-1,-1
1411,71,458,108,18,12,-1,-1,-1
1411,72,520,126,19,12,-1,-1,-1
1412,70,470,106,17,11,-1,-1,-1
1412,71,454,109,18,12,-1,-1,-1
1413,70,468,106,17,11,-1,-1,-1
1413,71,451,109,18,12,-1,-1,-1
1414,70,466,106,17,11,-1,-1,-1
1414,71,447,110,18,12,-1,-1,-1
1414,73,477,103,17,12,-1,-1,-1
1415,70,464,106,17,11,-1,-1,-1
1415,71,442,111,19,12,-1,-1,-1
1415,73,474,103,17,12,-1,-1,-1
1416,70,462,106,17,11,-1,-1,-1
1416,71,438,112,19,12,-1,-1,-1
1416,73,474,103,17,12,-1,-1,-1
1417,70,460,106,17,11,-1,-1,-1
1417,71,433,112,19,13,-1,-1,-1
1417,73,473,103,17,12,-1,-1,-1
1418,70,458,107,17,11,-1,-1,-1
1418,71,428,113,20,13,-1,-1,-1
1419,70,456,107,17,11,-1,-1,-1
1419,71,423,113,21,13,-1,-1,-1
1420,70,454,107,17,11,-1,-1,-1
1420,71,418,114,21,14,-1,-1,-1
1421,70,452,107,17,11,-1,-1,-1
1421,71,415,115,21,14,-1,-1,-1
1422,70,450,107,17,11,-1,-1,-1
1422,71,413,115,21,14,-1,-1,-1
1423,70,447,108,18,11,-1,-1,-1
1424,70,443,108,18,11,-1,-1,-1
1425,70,439,109,19,11,-1,-1,-1
1426,70,436,109,19,11,-1,-1,-1
1427,70,432,110,19,11,-1,-1,-1
1428,70,427,111,19,11,-1,-1,-1
1429,70,422,111,20,11,-1,-1,-1
1430,70,417,112,20,11,-1,-1,-1
1431,70,412,112,20,11,-1,-1,-1
1432,70,407,113,20,11,-1,-1,-1
1432,74,492,146,21,14,-1,-1,-1
1433,70,401,113,21,11,-1,-1,-1
1433,74,496,144,21,14,-1,-1,-1
1434,70,396,114,21,12,-1,-1,-1
1434,74,499,143,21,14,-1,-1,-1
1435,70,390,115,21,12,-1,-1,-1
1435,74,501,142,21,14,-1,-1,-1
1436,70,384,116,22,12,-1,-1,-1
1436,74,503,141,21,14,-1,-1,-1
1437,70,378,116,22,13,-1,-1,-1
1438,70,371,117,23,13,-1,-1,-1
1439,70,365,118,23,13,-1,-1,-1
1440,70,358,119,24,13,-1,-1,-1
1441,70,351,120,24,13,-1,-1,-1
1442,70,344,121,24,13,-1,-1,-1
1443,70,336,122,25,14,-1,-1,-1
1444,70,329,123,26,14,-1,-1,-1
1445,70,320,124,26,14,-1,-1,-1
1446,70,312,125,27,15,-1,-1,-1
1447,70,303,126,27,15,-1,-1,-1
1448,70,299,127,27,15,-1,-1,-1
1449,70,295,127,27,15,-1,-1,-1
1502,75,491,145,22,16,-1,-1,-1
1503,75,495,143,22,16,-1,-1,-1
1504,75,499,142,22,16,-1,-1,-1
1505,75,504,140,21,15,-1,-1,-1
1506,75,509,138,21,15,-1,-1,-1
1507,75,514,136,21,15,-1,-1,-1
1508,75,518,134,21,15,-1,-1,-1
1509,75,523,132,20,15,-1,-1,-1
1510,75,527,131,20,14,-1,-1,-1
1511,75,531,130,20,14,-1,-1,-1
1512,75,533,129,20,13,-1,-1,-1
1513,75,534,128,20,14,-1,-1,-1
1514,75,491,144,22,16,-1,-1,-1
1515,75,495,142,22,15,-1,-1,-1
1516,76,446,160,25,18,-1,-1,-1
1516,75,499,141,22,15,-1,-1,-1
1517,76,451,158,24,17,-1,-1,-1
1517,75,503,139,21,14,-1,-1,-1
1518,76,456,157,24,16,-1,-1,-1
1518,75,508,137,21,14,-1,-1,-1
1519,76,463,154,24,16,-1,-1,-1
1519,75,513,135,20,14,-1,-1,-1
1520,76,470,152,23,15,-1,-1,-1
1520,75,517,133,20,14,-1,-1,-1
1521,76,477,150,22,15,-1,-1,-1
1521,75,522,132,19,14,-1,-1,-1
1522,76,484,148,21,15,-1,-1,-1
1522,75,526,130,19,14,-1,-1,-1
1523,76,490,145,21,14,-1,-1,-1
1523,75,531,129,19,13,-1,-1,-1
1524,76,497,143,20,14,-1,-1,-1
1524,75,533,128,19,13,-1,-1,-1
1525,76,499,142,20,14,-1,-1,-1
1525,75,534,127,19,13,-1,-1,-1
1526,76,501,142,19,14,-1,-1,-1
1536,78,551,126,15,12,-1,-1,-1
1537,78,552,125,15,12,-1,-1,-1
1537,75,522,133,18,14,-1,-1,-1
1538,78,552,125,15,12,-1,-1,-1
1538,75,526,132,18,14,-1,-1,-1
1539,75,528,131,17,13,-1,-1,-1
1540,75,532,130,17,13,-1,-1,-1
1541,75,535,129,17,13,-1,-1,-1
1542,75,539,128,17,12,-1,-1,-1
1543,75,542,127,16,12,-1,-1,-1
1544,75,546,126,16,12,-1,-1,-1
1545,75,550,125,15,12,-1,-1,-1
1546,75,553,125,15,11,-1,-1,-1
1547,75,554,125,15,11,-1,-1,-1
1548,75,555,124,16,11,-1,-1,-1
1597,80,477,141,24,15,-1,-1,-1
1598,80,481,140,23,15,-1,-1,-1
1599,80,485,138,22,14,-1,-1,-1
1600,80,490,137,21,14,-1,-1,-1
1601,80,495,135,20,14,-1,-1,-1
1602,80,500,133,20,14,-1,-1,-1
1603,80,505,131,20,14,-1,-1,-1
1604,80,510,129,20,13,-1,-1,-1
1605,80,514,128,20,13,-1,-1,-1
1606,80,517,127,20,13,-1,-1,-1
1607,80,518,127,20,13,-1,-1,-1
1653,81,479,148,21,16,-1,-1,-1
1654,81,483,147,20,16,-1,-1,-1
1655,81,486,145,20,16,-1,-1,-1
1656,81,491,144,20,15,-1,-1,-1
1657,81,496,142,20,15,-1,-1,-1
1658,81,501,140,20,14,-1,-1,-1
1659,81,506,138,19,14,-1,-1,-1
1660,81,511,137,19,14,-1,-1,-1
1661,81,515,135,19,14,-1,-1,-1
1662,81,519,134,19,13,-1,-1,-1
1663,81,523,132,18,13,-1,-1,-1
1664,81,527,131,18,13,-1,-1,-1
1665,81,531,130,18,12,-1,-1,-1
1666,81,534,129,18,12,-1,-1,-1
1667,81,536,128,18,12,-1,-1,-1
1668,81,537,128,18,12,-1,-1,-1
1693,82,485,148,20,14,-1,-1,-1
1694,82,489,146,19,14,-1,-1,-1
1695,82,493,145,19,14,-1,-1,-1
1696,82,497,144,19,14,-1,-1,-1
1697,82,502,142,18,14,-1,-1,-1
1698,82,506,140,18,13,-1,-1,-1
1699,82,510,139,18,13,-1,-1,-1
1700,82,515,137,18,13,-1,-1,-1
1701,82,519,135,18,12,-1,-1,-1
1702,82,524,134,18,12,-1,-1,-1
1703,82,528,132,17,12,-1,-1,-1
1704,82,532,131,17,12,-1,-1,-1
1705,82,534,130,17,12,-1,-1,-1
1706,82,536,130,17,12,-1,-1,-1
1713,83,526,97,17,12,-1,-1,-1
1713,85,493,103,17,11,-1,-1,-1
1714,83,525,97,17,12,-1,-1,-1
1714,85,490,103,17,11,-1,-1,-1
1715,83,523,97,17,12,-1,-1,-1
1715,85,489,104,17,12,-1,-1,-1
1716,83,521,97,18,12,-1,-1,-1
1716,85,486,104,17,12,-1,-1,-1
1717,83,520,97,18,12,-1,-1,-1
1717,85,484,104,17,12,-1,-1,-1
1718,83,518,97,18,13,-1,-1,-1
1718,85,482,104,17,12,-1,-1,-1
1719,83,517,97,18,13,-1,-1,-1
1719,85,479,105,17,12,-1,-1,-1
1720,83,515,97,18,13,-1,-1,-1
1720,85,476,105,17,12,-1,-1,-1
1721,83,513,97,18,13,-1,-1,-1
1721,85,472,105,18,12,-1,-1,-1
1722,83,511,97,19,12,-1,-1,-1
1722,84,484,138,18,14,-1,-1,-1
1722,85,469,106,18,12,-1,-1,-1
1723,83,510,97,19,12,-1,-1,-1
1723,84,488,137,18,13,-1,-1,-1
1723,85,466,106,18,12,-1,-1,-1
1724,83,508,98,19,12,-1,-1,-1
1724,84,492,135,18,13,-1,-1,-1
1724,85,462,107,18,13,-1,-1,-1
1725,83,506,98,19,12,-1,-1,-1
1725,84,496,134,18,13,-1,-1,-1
1725,85,458,108,18,13,-1,-1,-1
1726,83,504,98,19,12,-1,-1,-1
1726,84,501,132,17,14,-1,-1,-1
1726,85,455,108,18,13,-1,-1,-1
1727,83,502,98,19,12,-1,-1,-1
1727,84,505,131,17,14,-1,-1,-1
1727,85,451,109,18,13,-1,-1,-1
1728,83,500,98,19,12,-1,-1,-1
1728,84,510,129,16,13,-1,-1,-1
1728,85,447,110,18,12,-1,-1,-1
1729,83,498,98,19,12,-1,-1,-1
1729,84,514,128,16,13,-1,-1,-1
1729,85,443,111,18,12,-1,-1,-1
1730,83,496,98,18,12,-1,-1,-1
1730,84,518,127,16,13,-1,-1,-1
1730,85,438,112,18,12,-1,-1,-1
1731,83,495,98,18,12,-1,-1,-1
1731,84,520,127,16,12,-1,-1,-1
1731,85,434,113,18,11,-1,-1,-1
1732,83,494,98,18,12,-1,-1,-1
1732,84,521,126,16,12,-1,-1,-1
1732,85,430,114,18,11,-1,-1,-1
1733,83,492,98,18,13,-1,-1,-1
1733,85,425,114,18,11,-1,-1,-1
1734,83,490,99,17,13,-1,-1,-1
1734,85,420,115,18,11,-1,-1,-1
1735,83,488,100,17,13,-1,-1,-1
1735,85,415,116,19,12,-1,-1,-1
1736,83,485,100,17,13,-1,-1,-1
1736,85,410,117,18,12,-1,-1,-1
1737,83,483,100,18,13,-1,-1,-1
1737,85,404,118,19,12,-1,-1,-1
1738,83,480,100,18,13,-1,-1,-1
1738,85,398,118,19,12,-1,-1,-1
1739,83,477,101,19,14,-1,-1,-1
1739,85,393,119,19,12,-1,-1,-1
1740,83,475,101,19,14,-1,-1,-1
1740,85,390,119,19,12,-1,-1,-1
1741,83,472,102,18,14,-1,-1,-1
1741,85,388,119,19,12,-1,-1,-1
1742,83,469,102,18,14,-1,-1,-1
1743,83,467,102,18,14,-1,-1,-1
1744,83,464,102,18,14,-1,-1,-1
1745,83,461,102,18,14,-1,-1,-1
1745,87,510,99,15,10,-1,-1,-1
1746,83,459,103,18,14,-1,-1,-1
1746,87,509,99,16,10,-1,-1,-1
1747,83,456,103,18,14,-1,-1,-1
1747,87,509,99,16,10,-1,-1,-1
1748,83,453,103,19,14,-1,-1,-1
1748,87,508,99,17,11,-1,-1,-1
1749,83,450,103,19,14,-1,-1,-1
1749,87,507,99,17,11,-1,-1,-1
1750,83,446,103,20,15,-1,-1,-1
1750,87,506,100,17,11,-1,-1,-1
1751,83,443,104,21,15,-1,-1,-1
1751,87,505,100,18,11,-1,-1,-1
1752,83,440,105,20,14,-1,-1,-1
1752,87,502,101,17,10,-1,-1,-1
1753,83,437,105,20,14,-1,-1,-1
1753,87,499,101,17,10,-1,-1,-1
1754,83,434,106,20,14,-1,-1,-1
1754,87,496,101,17,10,-1,-1,-1
1755,83,431,107,20,15,-1,-1,-1
1755,87,494,101,16,10,-1,-1,-1
1756,83,427,107,20,15,-1,-1,-1
1756,87,492,101,16,10,-1,-1,-1
1757,83,423,108,20,15,-1,-1,-1
1757,87,489,102,17,11,-1,-1,-1
1758,83,419,108,21,15,-1,-1,-1
1758,86,20,259,108,95,-1,-1,-1
1758,87,487,102,17,11,-1,-1,-1
1759,83,415,108,22,16,-1,-1,-1
1759,86,20,255,116,98,-1,-1,-1
1759,87,484,102,17,11,-1,-1,-1
1760,83,411,108,23,16,-1,-1,-1
1760,86,19,255,119,98,-1,-1,-1
1760,87,481,103,18,11,-1,-1,-1
1761,83,407,109,23,17,-1,-1,-1
1761,87,479,103,19,11,-1,-1,-1
1762,83,403,109,23,17,-1,-1,-1
1762,87,476,104,19,11,-1,-1,-1
1762,88,541,97,16,9,-1,-1,-1
1763,83,399,109,23,17,-1,-1,-1
1763,87,473,104,19,11,-1,-1,-1
1763,88,540,97,16,9,-1,-1,-1
1764,83,394,110,24,18,-1,-1,-1
1764,87,469,104,20,11,-1,-1,-1
1764,88,539,97,16,9,-1,-1,-1
1765,83,389,111,25,18,-1,-1,-1
1765,87,466,104,21,11,-1,-1,-1
1765,88,538,97,16,9,-1,-1,-1
1766,83,384,111,26,18,-1,-1,-1
1766,87,464,105,21,12,-1,-1,-1
1766,88,536,97,16,9,-1,-1,-1
1767,83,379,111,26,18,-1,-1,-1
1767,87,462,106,21,12,-1,-1,-1
1767,88,534,97,17,9,-1,-1,-1
1768,83,373,112,26,18,-1,-1,-1
1768,87,459,106,22,12,-1,-1,-1
1768,88,532,97,17,9,-1,-1,-1
1769,83,368,112,27,19,-1,-1,-1
1769,87,456,107,22,12,-1,-1,-1
1769,88,530,98,17,9,-1,-1,-1
1770,83,362,112,27,19,-1,-1,-1
1770,87,453,107,22,13,-1,-1,-1
1770,88,528,98,17,9,-1,-1,-1
1771,83,357,113,28,20,-1,-1,-1
1771,87,449,107,22,13,-1,-1,-1
1771,88,527,98,18,9,-1,-1,-1
1771,91,280,174,105,75,-1,-1,-1
1772,83,350,113,29,21,-1,-1,-1
1772,87,446,107,22,13,-1,-1,-1
1772,88,525,98,18,9,-1,-1,-1
1772,91,290,171,104,72,-1,-1,-1
1773,83,344,114,30,22,-1,-1,-1
1773,87,442,108,22,13,-1,-1,-1
1773,88,524,98,18,9,-1,-1,-1
1773,91,302,170,97,66,-1,-1,-1
1774,83,338,114,31,22,-1,-1,-1
1774,87,438,108,23,14,-1,-1,-1
1774,88,524,98,18,9,-1,-1,-1
1774,89,478,140,20,14,-1,-1,-1
1774,91,315,166,93,63,-1,-1,-1
1775,83,332,115,32,23,-1,-1,-1
1775,87,434,108,24,14,-1,-1,-1
1775,89,482,139,20,14,-1,-1,-1
1775,91,330,164,87,58,-1,-1,-1
1776,83,325,116,34,23,-1,-1,-1
1776,87,430,108,25,14,-1,-1,-1
1776,89,485,138,21,14,-1,-1,-1
1776,91,342,160,86,57,-1,-1,-1
1777,83,318,117,34,23,-1,-1,-1
1777,87,425,109,26,15,-1,-1,-1
1777,89,490,136,20,14,-1,-1,-1
1777,91,356,157,82,54,-1,-1,-1
1778,83,311,118,34,23,-1,-1,-1
1778,87,420,110,26,15,-1,-1,-1
1778,89,494,134,21,14,-1,-1,-1
1778,91,366,154,79,52,-1,-1,-1
1779,83,304,118,34,24,-1,-1,-1
1779,87,416,110,27,15,-1,-1,-1
1779,89,498,132,21,13,-1,-1,-1
1779,91,377,151,77,51,-1,-1,-1
1780,83,296,119,35,24,-1,-1,-1
1780,87,412,110,28,16,-1,-1,-1
1780,89,503,131,20,13,-1,-1,-1
1780,91,387,149,74,49,-1,-1,-1
1781,83,288,119,35,25,-1,-1,-1
1781,87,407,111,28,17,-1,-1,-1
1781,89,507,129,20,13,-1,-1,-1
1781,91,399,146,70,49,-1,-1,-1
1782,83,279,120,36,26,-1,-1,-1
1782,87,404,111,27,17,-1,-1,-1
1782,89,512,128,20,13,-1,-1,-1
1782,91,409,144,67,47,-1,-1,-1
1783,83,270,121,37,26,-1,-1,-1
1783,87,399,112,27,17,-1,-1,-1
1783,89,516,127,20,13,-1,-1,-1
1783,91,418,142,64,46,-1,-1,-1
1784,83,261,121,39,27,-1,-1,-1
1784,87,395,112,26,17,-1,-1,-1
1784,89,519,126,21,13,-1,-1,-1
1784,91,427,140,61,43,-1,-1,-1
1785,83,250,122,41,28,-1,-1,-1
1785,87,390,113,26,17,-1,-1,-1
1785,89,523,125,21,13,-1,-1,-1
1785,91,435,139,58,41,-1,-1,-1
1786,83,239,123,44,29,-1,-1,-1
1786,87,385,114,26,17,-1,-1,-1
1786,89,527,124,21,13,-1,-1,-1
1786,91,443,137,56,39,-1,-1,-1
1787,83,229,125,46,29,-1,-1,-1
1787,87,380,115,25,17,-1,-1,-1
1787,89,530,123,21,13,-1,-1,-1
1787,91,450,135,53,38,-1,-1,-1
1788,83,217,126,47,30,-1,-1,-1
1788,87,374,115,25,17,-1,-1,-1
1788,89,533,122,21,13,-1,-1,-1
1788,91,457,133,51,37,-1,-1,-1
1789,83,206,127,48,31,-1,-1,-1
1789,87,368,116,24,17,-1,-1,-1
1789,89,536,122,21,12,-1,-1,-1
1789,91,463,132,50,35,-1,-1,-1
1790,83,195,129,48,31,-1,-1,-1
1790,87,361,117,25,17,-1,-1,-1
1790,89,539,121,21,12,-1,-1,-1
1790,91,469,131,48,33,-1,-1,-1
1791,83,183,130,48,32,-1,-1,-1
1791,87,355,118,26,17,-1,-1,-1
1791,89,542,120,20,12,-1,-1,-1
1791,91,476,130,45,32,-1,-1,-1
1792,83,171,131,49,33,-1,-1,-1
1792,87,347,119,28,18,-1,-1,-1
1792,89,545,119,20,12,-1,-1,-1
1792,91,483,129,42,32,-1,-1,-1
1793,83,158,133,51,34,-1,-1,-1
1793,87,340,120,29,19,-1,-1,-1
1793,89,547,118,19,12,-1,-1,-1
1793,90,470,105,18,11,-1,-1,-1
1793,91,489,127,39,31,-1,-1,-1
1794,83,143,134,54,35,-1,-1,-1
1794,87,332,121,31,20,-1,-1,-1
1794,89,550,118,19,11,-1,-1,-1
1794,90,467,105,18,11,-1,-1,-1
1794,91,494,127,38,30,-1,-1,-1
1795,83,126,136,57,35,-1,-1,-1
1795,87,324,122,33,21,-1,-1,-1
1795,89,553,117,19,11,-1,-1,-1
1795,90,465,105,18,11,-1,-1,-1
1795,91,498,126,37,28,-1,-1,-1
1796,83,110,137,59,36,-1,-1,-1
1796,87,316,122,34,21,-1,-1,-1
1796,89,556,116,18,11,-1,-1,-1
1796,90,462,105,18,11,-1,-1,-1
1796,91,503,126,36,26,-1,-1,-1
1797,83,92,139,60,37,-1,-1,-1
1797,87,308,123,35,22,-1,-1,-1
1797,89,559,115,18,11,-1,-1,-1
1797,90,459,105,18,12,-1,-1,-1
1797,91,507,125,35,25,-1,-1,-1
1798,83,75,142,61,38,-1,-1,-1
1798,87,300,124,34,21,-1,-1,-1
1798,89,561,115,18,11,-1,-1,-1
1798,90,455,106,18,12,-1,-1,-1
1798,91,511,125,34,24,-1,-1,-1
1799,83,57,144,62,39,-1,-1,-1
1799,87,293,125,34,20,-1,-1,-1
1799,89,563,114,18,11,-1,-1,-1
1799,90,451,106,18,12,-1,-1,-1
1799,91,515,124,34,23,-1,-1,-1
1800,83,40,145,62,40,-1,-1,-1
1800,87,285,126,34,20,-1,-1,-1
1800,89,565,113,17,11,-1,-1,-1
1800,90,447,107,19,12,-1,-1,-1
1800,91,519,123,33,22,-1,-1,-1
1801,83,26,147,59,41,-1,-1,-1
1801,87,279,127,32,19,-1,-1,-1
1801,89,567,113,17,10,-1,-1,-1
1801,90,443,108,20,12,-1,-1,-1
1801,91,522,123,33,22,-1,-1,-1
1801,92,505,100,18,10,-1,-1,-1
1802,83,15,149,52,40,-1,-1,-1
1802,87,271,128,32,19,-1,-1,-1
1802,89,568,112,17,10,-1,-1,-1
1802,90,439,108,20,12,-1,-1,-1
1802,91,525,122,33,21,-1,-1,-1
1802,92,503,100,18,10,-1,-1,-1
1803,83,12,151,48,39,-1,-1,-1
1803,87,263,129,31,19,-1,-1,-1
1803,89,569,112,17,10,-1,-1,-1
1803,90,436,109,20,13,-1,-1,-1
1803,91,528,121,32,21,-1,-1,-1
1803,92,502,100,18,10,-1,-1,-1
1804,83,10,151,43,38,-1,-1,-1
1804,87,254,130,31,19,-1,-1,-1
1804,90,431,110,20,13,-1,-1,-1
1804,91,532,121,31,20,-1,-1,-1
1804,92,500,100,18,10,-1,-1,-1
1805,87,245,131,31,19,-1,-1,-1
1805,90,427,110,20,13,-1,-1,-1
1805,91,535,121,31,20,-1,-1,-1
1805,92,498,101,18,10,-1,-1,-1
1805,94,538,98,16,10,-1,-1,-1
1806,87,234,132,32,20,-1,-1,-1
1806,90,423,111,20,12,-1,-1,-1
1806,91,538,120,30,20,-1,-1,-1
1806,92,496,101,18,10,-1,-1,-1
1806,94,537,98,16,10,-1,-1,-1
1807,87,223,134,33,21,-1,-1,-1
1807,90,418,112,20,12,-1,-1,-1
1807,91,541,119,29,20,-1,-1,-1
1807,92,494,101,18,10,-1,-1,-1
1807,94,536,98,16,9,-1,-1,-1
1808,87,211,135,34,22,-1,-1,-1
1808,90,413,113,19,12,-1,-1,-1
1808,91,545,119,27,19,-1,-1,-1
1808,92,492,102,18,9,-1,-1,-1
1808,94,535,98,16,9,-1,-1,-1
1809,87,199,136,35,23,-1,-1,-1
1809,90,408,113,19,12,-1,-1,-1
1809,91,548,118,26,18,-1,-1,-1
1809,92,490,102,18,10,-1,-1,-1
1809,94,533,98,16,10,-1,-1,-1
1810,87,186,138,36,24,-1,-1,-1
1810,90,402,114,19,12,-1,-1,-1
1810,91,551,117,25,18,-1,-1,-1
1810,92,488,103,18,10,-1,-1,-1
1810,94,532,99,16,10,-1,-1,-1
1811,87,172,139,38,24,-1,-1,-1
1811,90,397,115,19,12,-1,-1,-1
1811,91,553,116,25,18,-1,-1,-1
1811,92,485,103,18,10,-1,-1,-1
1811,93,475,141,22,14,-1,-1,-1
1811,94,530,99,16,10,-1,-1,-1
1812,87,157,141,39,24,-1,-1,-1
1812,90,391,116,20,12,-1,-1,-1
1812,91,555,116,25,18,-1,-1,-1
1812,92,483,103,18,10,-1,-1,-1
1812,93,479,140,22,13,-1,-1,-1
1812,94,529,99,17,9,-1,-1,-1
1813,87,140,143,42,25,-1,-1,-1
1813,90,384,117,20,12,-1,-1,-1
1813,91,557,115,25,18,-1,-1,-1
1813,92,481,103,18,10,-1,-1,-1
1813,93,483,139,21,13,-1,-1,-1
1813,94,527,100,17,10,-1,-1,-1
1814,87,122,145,44,26,-1,-1,-1
1814,90,378,117,20,13,-1,-1,-1
1814,91,559,114,25,18,-1,-1,-1
1814,92,478,104,18,10,-1,-1,-1
1814,93,488,137,21,13,-1,-1,-1
1814,94,526,100,18,10,-1,-1,-1
1815,87,104,147,46,27,-1,-1,-1
1815,90,372,118,20,13,-1,-1,-1
1815,91,561,114,26,18,-1,-1,-1
1815,92,475,104,18,10,-1,-1,-1
1815,93,493,136,20,13,-1,-1,-1
1815,94,524,100,18,10,-1,-1,-1
1816,87,86,149,48,28,-1,-1,-1
1816,90,365,119,21,13,-1,-1,-1
1816,91,563,113,26,18,-1,-1,-1
1816,92,472,104,17,11,-1,-1,-1
1816,93,498,134,20,13,-1,-1,-1
1816,94,522,100,19,10,-1,-1,-1
1817,87,68,151,50,29,-1,-1,-1
1817,90,362,119,21,13,-1,-1,-1
1817,91,564,113,26,18,-1,-1,-1
1817,92,470,104,17,11,-1,-1,-1
1817,93,502,132,20,13,-1,-1,-1
1817,94,520,100,19,10,-1,-1,-1
1818,87,51,154,50,30,-1,-1,-1
1818,90,360,119,21,13,-1,-1,-1
1818,91,564,112,26,18,-1,-1,-1
1818,92,467,104,17,11,-1,-1,-1
1818,93,506,131,20,13,-1,-1,-1
1818,94,518,100,19,10,-1,-1,-1
1819,87,35,157,50,30,-1,-1,-1
1819,92,463,104,18,12,-1,-1,-1
1819,93,510,129,20,12,-1,-1,-1
1819,94,515,100,19,10,-1,-1,-1
1820,87,28,158,49,30,-1,-1,-1
1820,92,460,105,18,12,-1,-1,-1
1820,93,515,129,20,12,-1,-1,-1
1820,94,513,100,19,10,-1,-1,-1
1821,87,23,160,49,29,-1,-1,-1
1821,92,456,106,19,12,-1,-1,-1
1821,93,519,128,19,12,-1,-1,-1
1821,94,511,100,20,10,-1,-1,-1
1822,92,453,107,19,12,-1,-1,-1
1822,93,523,126,19,12,-1,-1,-1
1822,94,508,100,19,10,-1,-1,-1
1823,92,450,107,19,12,-1,-1,-1
1823,93,527,125,19,11,-1,-1,-1
1823,94,506,100,19,10,-1,-1,-1
1824,92,446,108,20,12,-1,-1,-1
1824,93,531,124,18,11,-1,-1,-1
1824,94,504,100,19,10,-1,-1,-1
1825,92,443,108,20,12,-1,-1,-1
1825,93,534,123,18,11,-1,-1,-1
1825,94,502,101,19,10,-1,-1,-1
1826,92,440,109,21,12,-1,-1,-1
1826,93,538,122,18,11,-1,-1,-1
1826,94,500,101,19,10,-1,-1,-1
1827,92,436,110,20,12,-1,-1,-1
1827,93,541,121,18,11,-1,-1,-1
1827,94,498,102,18,10,-1,-1,-1
1828,92,432,110,20,12,-1,-1,-1
1828,93,544,121,17,11,-1,-1,-1
1828,94,496,102,18,10,-1,-1,-1
1829,92,428,111,20,12,-1,-1,-1
1829,93,547,120,17,11,-1,-1,-1
1829,94,493,103,18,9,-1,-1,-1
1830,92,424,111,20,12,-1,-1,-1
1830,93,550,119,17,11,-1,-1,-1
1830,94,490,103,18,9,-1,-1,-1
1831,92,419,112,19,12,-1,-1,-1
1831,93,552,118,17,10,-1,-1,-1
1831,94,488,103,18,10,-1,-1,-1
1832,92,414,113,19,12,-1,-1,-1
1832,93,554,117,17,10,-1,-1,-1
1832,94,486,103,18,10,-1,-1,-1
1833,92,409,113,19,12,-1,-1,-1
1833,93,557,115,17,10,-1,-1,-1
1833,94,483,103,18,10,-1,-1,-1
1834,92,405,114,19,12,-1,-1,-1
1834,93,559,114,17,10,-1,-1,-1
1834,94,481,104,18,10,-1,-1,-1
1835,92,400,115,19,12,-1,-1,-1
1835,93,562,114,17,10,-1,-1,-1
1835,94,478,104,18,10,-1,-1,-1
1836,92,395,115,19,12,-1,-1,-1
1836,93,564,113,17,10,-1,-1,-1
1836,94,475,104,18,11,-1,-1,-1
1837,92,389,116,20,12,-1,-1,-1
1837,93,566,113,16,10,-1,-1,-1
1837,94,472,104,18,11,-1,-1,-1
1838,92,383,117,20,12,-1,-1,-1
1838,93,567,113,16,10,-1,-1,-1
1838,94,469,104,18,11,-1,-1,-1
1839,92,378,117,20,12,-1,-1,-1
1839,93,568,113,16,10,-1,-1,-1
1839,94,466,105,18,11,-1,-1,-1
1840,92,371,118,20,13,-1,-1,-1
1840,94,463,105,18,11,-1,-1,-1
1841,92,364,119,21,13,-1,-1,-1
1841,94,460,106,17,11,-1,-1,-1
1841,95,533,130,19,12,-1,-1,-1
1842,92,357,120,21,13,-1,-1,-1
1842,94,456,107,17,11,-1,-1,-1
1842,95,535,129,19,11,-1,-1,-1
1843,92,350,121,21,13,-1,-1,-1
1843,94,453,107,17,11,-1,-1,-1
1843,95,537,128,19,11,-1,-1,-1
1844,92,342,122,22,13,-1,-1,-1
1844,94,449,108,17,11,-1,-1,-1
1844,95,540,127,19,12,-1,-1,-1
1845,92,335,124,22,13,-1,-1,-1
1845,94,446,109,18,11,-1,-1,-1
1845,95,543,127,19,12,-1,-1,-1
1846,92,327,125,22,13,-1,-1,-1
1846,94,441,109,18,11,-1,-1,-1
1846,95,546,126,19,11,-1,-1,-1
1847,92,320,126,23,13,-1,-1,-1
1847,94,438,110,18,11,-1,-1,-1
1847,95,549,125,18,11,-1,-1,-1
1848,92,312,127,23,13,-1,-1,-1
1848,94,434,110,18,11,-1,-1,-1
1848,95,552,124,18,11,-1,-1,-1
1849,92,304,129,24,13,-1,-1,-1
1849,94,430,111,18,12,-1,-1,-1
1849,95,555,124,17,11,-1,-1,-1
1850,92,295,130,24,13,-1,-1,-1
1850,94,426,111,18,12,-1,-1,-1
1850,95,558,123,17,11,-1,-1,-1
1851,92,286,131,24,14,-1,-1,-1
1851,94,422,111,19,12,-1,-1,-1
1851,95,560,122,16,11,-1,-1,-1
1852,92,277,132,25,15,-1,-1,-1
1852,94,417,112,19,12,-1,-1,-1
1852,95,563,121,16,11,-1,-1,-1
1853,92,267,133,25,15,-1,-1,-1
1853,94,412,113,19,12,-1,-1,-1
1853,95,565,121,16,11,-1,-1,-1
1854,92,256,134,26,16,-1,-1,-1
1854,94,407,113,19,12,-1,-1,-1
1854,95,567,120,16,11,-1,-1,-1
1855,92,245,136,27,16,-1,-1,-1
1855,94,402,114,19,12,-1,-1,-1
1855,95,570,119,16,11,-1,-1,-1
1856,92,234,138,28,16,-1,-1,-1
1856,94,396,115,20,12,-1,-1,-1
1856,95,572,118,15,11,-1,-1,-1
1856,96,558,94,15,10,-1,-1,-1
1857,92,228,138,29,17,-1,-1,-1
1857,94,390,116,20,12,-1,-1,-1
1857,95,574,117,15,11,-1,-1,-1
1857,96,556,94,15,10,-1,-1,-1
1858,92,223,139,29,17,-1,-1,-1
1858,94,383,116,21,13,-1,-1,-1
1858,95,576,116,15,11,-1,-1,-1
1858,96,555,94,15,10,-1,-1,-1
1859,94,377,117,21,13,-1,-1,-1
1859,95,578,115,15,11,-1,-1,-1
1859,96,554,95,15,10,-1,-1,-1
1860,94,371,118,22,13,-1,-1,-1
1860,95,580,114,15,11,-1,-1,-1
1860,96,553,95,15,10,-1,-1,-1
1861,94,365,119,21,13,-1,-1,-1
1861,95,581,113,15,11,-1,-1,-1
1861,96,552,95,15,10,-1,-1,-1
1862,94,358,120,22,13,-1,-1,-1
1862,95,583,112,15,11,-1,-1,-1
1862,96,551,95,15,10,-1,-1,-1
1863,94,351,122,22,13,-1,-1,-1
1863,95,585,111,15,11,-1,-1,-1
1863,96,551,95,15,10,-1,-1,-1
1864,94,344,122,23,13,-1,-1,-1
1864,95,586,111,15,11,-1,-1,-1
1864,96,550,96,15,10,-1,-1,-1
1865,94,336,124,23,13,-1,-1,-1
1865,95,586,111,15,11,-1,-1,-1
1865,96,548,96,15,10,-1,-1,-1
1866,94,328,125,23,13,-1,-1,-1
1866,96,547,96,15,10,-1,-1,-1
1867,94,319,126,24,13,-1,-1,-1
1867,96,546,96,16,10,-1,-1,-1
1868,94,310,127,25,14,-1,-1,-1
1868,96,544,96,16,11,-1,-1,-1
1869,94,302,128,25,15,-1,-1,-1
1869,96,542,96,17,11,-1,-1,-1
1870,94,294,129,25,15,-1,-1,-1
1870,96,540,96,17,11,-1,-1,-1
1871,94,285,130,25,15,-1,-1,-1
1871,96,539,96,17,12,-1,-1,-1
1872,94,275,131,25,15,-1,-1,-1
1872,96,537,96,17,12,-1,-1,-1
1873,94,265,133,25,16,-1,-1,-1
1873,96,536,96,17,12,-1,-1,-1
1874,94,254,135,25,16,-1,-1,-1
1874,96,535,96,17,12,-1,-1,-1
1875,94,249,136,26,16,-1,-1,-1
1875,96,534,96,17,12,-1,-1,-1
1876,94,246,136,26,16,-1,-1,-1
1876,96,532,97,17,12,-1,-1,-1
1877,96,531,97,17,12,-1,-1,-1
1878,96,529,97,16,12,-1,-1,-1
1879,96,527,97,16,12,-1,-1,-1
1880,96,526,97,16,12,-1,-1,-1
1881,96,524,97,16,12,-1,-1,-1
1882,96,522,97,16,13,-1,-1,-1
1883,96,520,97,16,13,-1,-1,-1
1884,96,519,98,16,13,-1,-1,-1
1885,96,516,98,17,13,-1,-1,-1
1886,96,514,98,18,13,-1,-1,-1
1887,96,511,99,19,13,-1,-1,-1
1888,96,509,99,19,13,-1,-1,-1
1889,96,506,99,19,13,-1,-1,-1
1890,96,504,99,19,14,-1,-1,-1
1891,96,502,100,18,14,-1,-1,-1
1892,96,500,100,18,14,-1,-1,-1
1893,96,498,100,18,14,-1,-1,-1
1894,96,495,101,19,14,-1,-1,-1
1895,96,493,101,20,14,-1,-1,-1
1896,96,490,101,20,14,-1,-1,-1
1897,96,488,102,19,14,-1,-1,-1
1898,96,485,102,19,14,-1,-1,-1
1899,96,482,102,19,14,-1,-1,-1
1900,96,479,103,19,14,-1,-1,-1
1901,96,476,103,19,14,-1,-1,-1
1902,96,473,103,19,14,-1,-1,-1
1903,96,470,104,19,14,-1,-1,-1
1904,96,467,105,19,14,-1,-1,-1
1905,96,464,105,18,14,-1,-1,-1
1906,96,461,106,18,14,-1,-1,-1
1907,96,458,106,18,14,-1,-1,-1
1908,96,454,106,18,15,-1,-1,-1
1909,96,451,106,19,15,-1,-1,-1
1909,98,552,95,19,11,-1,-1,-1
1910,96,446,107,19,15,-1,-1,-1
1910,97,514,136,19,15,-1,-1,-1
1910,98,551,95,19,11,-1,-1,-1
1911,96,442,107,20,15,-1,-1,-1
1911,97,517,135,19,15,-1,-1,-1
1911,98,550,95,19,11,-1,-1,-1
1912,96,438,108,21,15,-1,-1,-1
1912,97,518,134,19,15,-1,-1,-1
1912,98,549,95,19,11,-1,-1,-1
1913,96,434,108,21,15,-1,-1,-1
1913,97,519,134,19,15,-1,-1,-1
1913,98,548,95,19,11,-1,-1,-1
1914,96,430,108,22,16,-1,-1,-1
1914,98,547,95,19,11,-1,-1,-1
1915,96,425,109,22,16,-1,-1,-1
1915,98,546,95,19,11,-1,-1,-1
1916,96,421,109,22,16,-1,-1,-1
1916,98,545,95,19,11,-1,-1,-1
1917,96,416,110,23,16,-1,-1,-1
1917,98,543,95,19,11,-1,-1,-1
1918,96,411,111,23,16,-1,-1,-1
1918,98,542,95,19,11,-1,-1,-1
1919,96,406,111,23,16,-1,-1,-1
1919,98,541,95,19,11,-1,-1,-1
1920,96,401,112,23,16,-1,-1,-1
1920,98,540,95,19,11,-1,-1,-1
1921,96,395,113,24,16,-1,-1,-1
1921,98,539,95,19,11,-1,-1,-1
1922,96,390,113,24,17,-1,-1,-1
1922,98,537,96,19,11,-1,-1,-1
1923,96,384,114,24,17,-1,-1,-1
1923,98,536,96,19,12,-1,-1,-1
1924,96,378,114,24,17,-1,-1,-1
1924,98,535,96,19,12,-1,-1,-1
1925,96,372,115,24,18,-1,-1,-1
1925,98,533,96,19,13,-1,-1,-1
1926,96,366,116,24,18,-1,-1,-1
1926,98,532,96,19,13,-1,-1,-1
1927,96,359,117,25,18,-1,-1,-1
1927,98,531,96,19,13,-1,-1,-1
1927,99,489,133,20,15,-1,-1,-1
1928,96,352,118,26,18,-1,-1,-1
1928,98,530,96,19,13,-1,-1,-1
1928,99,492,132,20,15,-1,-1,-1
1929,96,345,119,26,18,-1,-1,-1
1929,98,529,96,19,13,-1,-1,-1
1929,99,495,131,19,15,-1,-1,-1
1930,96,338,121,26,18,-1,-1,-1
1930,98,527,97,19,13,-1,-1,-1
1930,99,499,130,19,14,-1,-1,-1
1931,96,330,122,27,19,-1,-1,-1
1931,98,526,97,19,12,-1,-1,-1
1931,99,503,129,18,14,-1,-1,-1
1932,96,321,123,28,19,-1,-1,-1
1932,98,524,97,19,12,-1,-1,-1
1932,99,507,128,18,14,-1,-1,-1
1933,96,313,124,29,20,-1,-1,-1
1933,98,523,97,18,12,-1,-1,-1
1933,99,511,127,18,14,-1,-1,-1
1934,96,303,125,28,20,-1,-1,-1
1934,98,521,98,18,12,-1,-1,-1
1934,99,515,126,18,13,-1,-1,-1
1935,96,294,126,29,21,-1,-1,-1
1935,98,519,98,18,12,-1,-1,-1
1935,99,519,125,18,13,-1,-1,-1
1936,96,283,127,30,21,-1,-1,-1
1936,98,517,98,18,12,-1,-1,-1
1936,99,524,124,18,13,-1,-1,-1
1937,96,272,127,30,23,-1,-1,-1
1937,98,515,98,18,12,-1,-1,-1
1937,99,527,124,18,13,-1,-1,-1
1938,96,261,129,31,23,-1,-1,-1
1938,98,513,99,18,12,-1,-1,-1
1938,99,531,123,18,13,-1,-1,-1
1939,96,249,130,33,24,-1,-1,-1
1939,98,511,99,18,12,-1,-1,-1
1939,99,534,122,18,13,-1,-1,-1
1940,96,244,132,34,24,-1,-1,-1
1940,98,509,99,18,12,-1,-1,-1
1940,99,538,121,17,13,-1,-1,-1
1941,96,240,132,34,24,-1,-1,-1
1941,98,507,99,18,12,-1,-1,-1
1941,99,541,120,17,13,-1,-1,-1
1942,98,505,100,18,12,-1,-1,-1
1942,99,544,119,17,13,-1,-1,-1
1943,98,503,100,18,12,-1,-1,-1
1943,99,547,118,17,13,-1,-1,-1
1944,98,501,100,18,12,-1,-1,-1
1944,99,550,117,17,13,-1,-1,-1
1945,98,499,100,18,12,-1,-1,-1
1945,99,551,117,17,12,-1,-1,-1
1946,98,497,100,18,12,-1,-1,-1
1946,99,552,117,17,12,-1,-1,-1
1947,98,494,101,19,12,-1,-1,-1
1948,98,492,101,19,12,-1,-1,-1
1949,98,490,101,18,12,-1,-1,-1
1949,100,565,113,15,12,-1,-1,-1
1950,98,488,102,18,12,-1,-1,-1
1950,100,567,112,15,11,-1,-1,-1
1951,98,485,102,18,12,-1,-1,-1
1951,100,568,112,15,11,-1,-1,-1
1952,98,483,103,18,12,-1,-1,-1
1952,100,568,111,15,11,-1,-1,-1
1953,98,481,103,18,13,-1,-1,-1
1953,100,569,111,15,11,-1,-1,-1
1954,98,478,103,19,13,-1,-1,-1
1955,98,475,103,19,13,-1,-1,-1
1956,98,473,104,19,13,-1,-1,-1
1957,98,470,104,19,13,-1,-1,-1
1958,98,467,104,19,13,-1,-1,-1
1959,98,464,105,19,13,-1,-1,-1
1960,98,461,105,19,13,-1,-1,-1
1961,98,457,106,19,13,-1,-1,-1
1962,98,454,106,19,13,-1,-1,-1
1963,98,451,107,19,13,-1,-1,-1
1964,98,448,107,19,13,-1,-1,-1
1965,98,444,107,19,13,-1,-1,-1
1966,98,441,108,20,13,-1,-1,-1
1967,98,437,108,20,14,-1,-1,-1
1968,98,433,108,20,14,-1,-1,-1
1969,98,429,109,21,14,-1,-1,-1
1970,98,425,109,21,14,-1,-1,-1
1971,98,421,109,21,14,-1,-1,-1
1972,98,417,110,21,14,-1,-1,-1
1973,98,412,110,21,14,-1,-1,-1
1974,98,407,111,22,14,-1,-1,-1
1975,98,403,112,22,14,-1,-1,-1
1976,98,398,112,22,14,-1,-1,-1
1977,98,393,113,22,14,-1,-1,-1
1978,98,387,114,22,14,-1,-1,-1
1979,98,382,115,23,14,-1,-1,-1
1980,98,376,115,23,14,-1,-1,-1
1981,98,371,116,23,15,-1,-1,-1
1982,98,365,116,24,15,-1,-1,-1
1983,98,359,117,24,15,-1,-1,-1
1984,98,352,118,24,15,-1,-1,-1
1985,98,345,120,24,15,-1,-1,-1
1986,98,338,121,25,15,-1,-1,-1
1987,98,330,122,26,15,-1,-1,-1
1988,98,322,124,26,15,-1,-1,-1
1989,98,314,124,26,16,-1,-1,-1
1990,98,306,126,27,16,-1,-1,-1
1991,98,298,127,27,17,-1,-1,-1
1992,98,289,128,27,17,-1,-1,-1
1992,101,550,96,17,11,-1,-1,-1
1993,98,285,128,27,17,-1,-1,-1
1993,101,550,96,17,11,-1,-1,-1
1994,98,281,128,27,17,-1,-1,-1
1994,101,550,96,17,11,-1,-1,-1
2033,102,461,109,18,12,-1,-1,-1
2034,102,459,109,18,12,-1,-1,-1
2035,102,457,110,18,12,-1,-1,-1
2036,102,454,110,18,12,-1,-1,-1
2037,102,451,110,18,12,-1,-1,-1
2038,102,447,110,19,12,-1,-1,-1
2039,102,443,111,19,12,-1,-1,-1
2040,102,438,111,20,12,-1,-1,-1
2041,102,434,112,20,12,-1,-1,-1
2042,102,429,113,20,12,-1,-1,-1
2043,102,425,113,20,12,-1,-1,-1
2044,102,420,114,20,12,-1,-1,-1
2045,102,414,115,20,12,-1,-1,-1
2046,102,409,116,20,12,-1,-1,-1
2047,102,403,117,20,12,-1,-1,-1
2048,102,398,117,20,12,-1,-1,-1
2049,102,392,118,20,12,-1,-1,-1
2050,102,386,119,20,13,-1,-1,-1
2051,102,379,120,21,13,-1,-1,-1
2052,102,372,121,21,13,-1,-1,-1
2053,102,364,123,22,13,-1,-1,-1
2054,102,357,124,22,13,-1,-1,-1
2055,102,349,126,23,13,-1,-1,-1
2056,102,342,127,23,13,-1,-1,-1
2057,102,335,128,23,13,-1,-1,-1
2058,102,326,129,23,13,-1,-1,-1
2059,102,317,130,23,13,-1,-1,-1
2060,102,308,132,23,13,-1,-1,-1
2061,102,304,133,23,13,-1,-1,-1
2062,102,300,133,23,13,-1,-1,-1
2076,103,534,97,17,11,-1,-1,-1
2077,103,533,96,16,11,-1,-1,-1
2078,103,532,96,16,11,-1,-1,-1
2079,103,531,96,16,11,-1,-1,-1
2080,103,530,97,17,11,-1,-1,-1
2081,103,528,97,17,11,-1,-1,-1
2082,103,527,97,17,11,-1,-1,-1
2083,103,525,97,17,11,-1,-1,-1
2084,103,523,97,17,11,-1,-1,-1
2085,103,522,97,17,11,-1,-1,-1
2086,103,520,98,17,11,-1,-1,-1
2087,103,518,98,17,12,-1,-1,-1
2088,103,516,98,17,12,-1,-1,-1
2089,103,514,98,17,12,-1,-1,-1
2090,103,512,98,17,12,-1,-1,-1
2091,103,510,99,18,12,-1,-1,-1
2092,103,508,99,18,11,-1,-1,-1
2093,103,506,99,17,12,-1,-1,-1
2094,103,504,99,17,12,-1,-1,-1
2095,103,503,99,17,12,-1,-1,-1
2096,103,503,99,17,12,-1,-1,-1
