1 1956 3 0.772138 201 232 179 214
6 1944 3 0.700685 143 168 207 226
6 1944 3 0.700685 143 168 207 226
8 240 3 0.803625 343 369 42 64
11 9078 3 0.759959 469 490 174 191
11 18324 3 0.743550 427 538 159 231
11 9078 3 0.759959 469 490 174 191
12 5400 3 0.922680 137 186 138 170
17 3114 3 0.969863 492 513 84 97
20 4572 3 0.709263 425 457 92 106
20 4572 3 0.709263 425 457 92 106
22 10188 3 0.774347 633 651 26 39
24 5742 3 0.817441 306 324 34 45
27 240 3 0.994429 112 143 175 193
27 240 3 0.809331 427 444 147 157
28 20700 3 0.825298 706 720 80 88
29 18000 3 0.918810 103 180 268 306
32 22968 3 0.789195 500 531 89 110
34 7722 3 0.761860 58 90 30 48
35 9450 3 0.788658 559 604 210 240
37 18918 3 0.729518 274 302 109 132
38 2910 3 0.806195 25 121 199 283
40 3030 3 0.821154 669 695 126 154
40 13506 3 0.896734 495 523 113 149
46 4266 3 0.816125 286 308 122 139
46 6480 3 0.816374 334 363 111 131
48 4698 3 0.752933 669 682 133 147
51 2796 3 0.854129 453 488 129 162
52 8286 3 0.821500 545 572 32 44
55 2088 3 0.756696 559 583 147 166
60 240 3 0.719599 160 183 152 172
64 15618 3 0.755725 645 661 85 98
66 240 3 0.989073 505 572 167 258
68 7188 3 0.704663 678 731 369 398
68 7182 3 0.797031 201 226 72 88
71 1092 3 0.760247 279 302 204 223
71 11934 3 0.905854 231 267 167 204
78 240 3 0.999229 433 468 224 260
79 3474 3 0.787707 443 500 205 256
79 3474 3 0.787707 443 500 205 256
80 3780 3 0.717122 650 668 83 93
82 2898 3 0.702389 698 709 43 51
82 21606 3 0.735056 516 539 244 269
84 11898 3 0.731916 770 796 39 52
84 12042 3 0.701793 699 720 43 53
85 7488 3 0.797683 183 203 43 52
86 240 3 0.999916 302 347 86 114
96 5340 3 0.700933 456 472 231 243
96 21816 3 0.841708 251 289 141 185
96 21822 3 0.874145 217 251 118 156
