30,1,129,52,38,21,-1,-1,-1
31,1,128,52,38,20,-1,-1,-1
32,1,126,52,38,20,-1,-1,-1
33,1,125,52,38,19,-1,-1,-1
34,1,124,52,38,18,-1,-1,-1
35,1,123,52,38,18,-1,-1,-1
36,1,122,52,37,18,-1,-1,-1
37,1,121,52,37,18,-1,-1,-1
38,1,120,52,37,18,-1,-1,-1
39,1,120,51,37,18,-1,-1,-1
40,1,119,51,37,19,-1,-1,-1
41,1,118,51,36,19,-1,-1,-1
42,1,117,51,36,19,-1,-1,-1
43,1,117,50,36,19,-1,-1,-1
44,1,116,50,36,20,-1,-1,-1
45,1,115,50,36,20,-1,-1,-1
46,1,114,50,35,20,-1,-1,-1
47,1,114,49,35,20,-1,-1,-1
48,1,113,49,35,20,-1,-1,-1
49,1,112,49,35,21,-1,-1,-1
50,1,111,49,35,21,-1,-1,-1
51,1,111,48,35,21,-1,-1,-1
52,1,110,48,34,21,-1,-1,-1
53,1,109,48,34,22,-1,-1,-1
54,1,108,48,34,22,-1,-1,-1
55,1,108,47,34,22,-1,-1,-1
56,1,107,47,34,22,-1,-1,-1
57,1,106,47,33,22,-1,-1,-1
58,1,105,47,33,23,-1,-1,-1
59,1,105,46,33,23,-1,-1,-1
60,1,104,46,33,23,-1,-1,-1
61,1,103,46,33,23,-1,-1,-1
62,1,103,46,33,23,-1,-1,-1
63,1,102,46,33,23,-1,-1,-1
64,1,102,46,33,23,-1,-1,-1
65,1,101,46,33,23,-1,-1,-1
66,1,101,46,33,22,-1,-1,-1
67,1,101,46,33,22,-1,-1,-1
68,1,101,46,33,22,-1,-1,-1
109,2,239,77,26,16,-1,-1,-1
110,2,237,76,25,17,-1,-1,-1
111,2,236,76,25,17,-1,-1,-1
112,2,236,76,25,17,-1,-1,-1
122,3,195,42,34,32,-1,-1,-1
123,3,194,41,33,32,-1,-1,-1
124,3,193,42,32,31,-1,-1,-1
125,3,193,41,31,31,-1,-1,-1
126,3,193,42,30,29,-1,-1,-1
127,3,194,43,28,28,-1,-1,-1
128,3,195,44,27,26,-1,-1,-1
129,3,196,45,26,26,-1,-1,-1
130,3,196,45,26,26,-1,-1,-1
131,4,314,96,40,20,-1,-1,-1
132,4,309,95,39,19,-1,-1,-1
133,4,305,94,37,19,-1,-1,-1
134,4,298,92,36,19,-1,-1,-1
135,4,291,91,36,20,-1,-1,-1
136,4,284,89,34,20,-1,-1,-1
137,4,279,87,33,20,-1,-1,-1
138,4,273,85,31,20,-1,-1,-1
139,4,269,84,30,19,-1,-1,-1
140,4,263,83,29,18,-1,-1,-1
141,4,258,82,29,18,-1,-1,-1
142,4,253,81,29,17,-1,-1,-1
143,4,249,80,29,16,-1,-1,-1
144,4,244,79,28,16,-1,-1,-1
145,4,240,78,28,15,-1,-1,-1
146,4,238,78,28,15,-1,-1,-1
147,4,237,78,28,15,-1,-1,-1
207,5,69,80,29,22,-1,-1,-1
208,5,69,80,28,21,-1,-1,-1
209,5,70,81,28,21,-1,-1,-1
210,5,70,82,28,21,-1,-1,-1
211,5,71,83,30,22,-1,-1,-1
212,5,73,85,32,23,-1,-1,-1
213,5,74,87,34,25,-1,-1,-1
214,5,75,89,35,26,-1,-1,-1
215,5,76,91,35,27,-1,-1,-1
216,5,78,93,35,26,-1,-1,-1
217,5,79,95,34,26,-1,-1,-1
218,5,82,97,34,26,-1,-1,-1
219,5,84,99,34,27,-1,-1,-1
220,5,86,102,35,29,-1,-1,-1
221,5,89,103,36,31,-1,-1,-1
222,5,90,105,36,32,-1,-1,-1
223,5,92,107,36,33,-1,-1,-1
224,5,94,110,38,34,-1,-1,-1
225,5,96,114,40,35,-1,-1,-1
226,5,99,118,41,34,-1,-1,-1
227,5,102,121,40,33,-1,-1,-1
228,5,105,123,38,32,-1,-1,-1
228,6,325,96,30,16,-1,-1,-1
229,5,106,124,37,32,-1,-1,-1
229,6,325,96,30,16,-1,-1,-1
230,5,107,125,37,32,-1,-1,-1
230,6,326,96,29,16,-1,-1,-1
233,7,242,66,36,22,-1,-1,-1
234,7,239,66,36,21,-1,-1,-1
235,7,237,65,35,21,-1,-1,-1
236,7,234,65,34,20,-1,-1,-1
237,7,231,65,32,20,-1,-1,-1
238,7,229,65,31,20,-1,-1,-1
239,7,226,65,30,20,-1,-1,-1
240,7,223,66,29,19,-1,-1,-1
241,7,222,66,29,19,-1,-1,-1
242,7,221,67,28,19,-1,-1,-1
246,8,296,89,27,16,-1,-1,-1
247,8,291,88,27,16,-1,-1,-1
248,8,290,87,26,16,-1,-1,-1
249,8,288,87,26,15,-1,-1,-1
250,9,194,50,28,22,-1,-1,-1
251,9,192,49,28,22,-1,-1,-1
252,9,192,49,28,21,-1,-1,-1
253,9,192,49,28,21,-1,-1,-1
262,10,224,73,20,13,-1,-1,-1
263,10,221,73,20,13,-1,-1,-1
264,10,219,73,20,13,-1,-1,-1
265,10,218,73,21,12,-1,-1,-1
266,10,217,73,21,13,-1,-1,-1
311,12,86,98,34,33,-1,-1,-1
312,12,86,99,34,33,-1,-1,-1
313,11,120,48,39,22,-1,-1,-1
313,12,88,99,34,34,-1,-1,-1
314,11,120,47,38,21,-1,-1,-1
314,12,89,101,34,34,-1,-1,-1
315,11,120,47,38,22,-1,-1,-1
315,12,91,103,35,35,-1,-1,-1
316,11,119,47,38,21,-1,-1,-1
316,12,93,104,35,35,-1,-1,-1
317,11,118,47,39,21,-1,-1,-1
317,12,94,107,35,35,-1,-1,-1
318,11,118,47,39,21,-1,-1,-1
318,12,96,109,36,36,-1,-1,-1
319,11,117,47,40,22,-1,-1,-1
319,12,98,112,37,37,-1,-1,-1
320,11,116,47,40,22,-1,-1,-1
320,12,99,115,38,37,-1,-1,-1
321,11,115,47,41,22,-1,-1,-1
321,12,102,118,38,37,-1,-1,-1
322,11,114,47,41,22,-1,-1,-1
322,12,104,122,40,38,-1,-1,-1
323,11,113,47,42,21,-1,-1,-1
323,12,107,126,41,39,-1,-1,-1
324,11,113,47,42,21,-1,-1,-1
324,12,110,130,43,41,-1,-1,-1
325,11,112,47,42,21,-1,-1,-1
325,12,113,134,44,42,-1,-1,-1
326,11,112,47,42,21,-1,-1,-1
326,12,116,138,46,42,-1,-1,-1
327,11,112,47,42,21,-1,-1,-1
327,12,120,143,46,42,-1,-1,-1
328,12,126,149,46,41,-1,-1,-1
329,12,129,152,46,40,-1,-1,-1
330,12,131,154,46,40,-1,-1,-1
351,13,338,78,30,18,-1,-1,-1
352,13,334,78,31,18,-1,-1,-1
353,13,331,77,31,17,-1,-1,-1
354,13,329,77,31,17,-1,-1,-1
355,13,328,77,31,17,-1,-1,-1
446,14,108,120,36,29,-1,-1,-1
447,14,110,123,35,29,-1,-1,-1
448,14,113,126,35,29,-1,-1,-1
449,14,116,130,35,29,-1,-1,-1
450,14,119,134,36,29,-1,-1,-1
451,14,123,138,36,30,-1,-1,-1
452,14,127,144,36,32,-1,-1,-1
453,14,130,147,37,33,-1,-1,-1
454,14,131,149,37,34,-1,-1,-1
550,15,280,84,30,19,-1,-1,-1
551,15,275,83,30,19,-1,-1,-1
552,15,271,82,30,19,-1,-1,-1
553,15,266,81,32,19,-1,-1,-1
554,15,260,81,32,19,-1,-1,-1
555,15,255,80,33,18,-1,-1,-1
556,15,251,80,32,18,-1,-1,-1
557,15,249,80,32,18,-1,-1,-1
558,15,247,80,32,17,-1,-1,-1
570,16,253,78,31,17,-1,-1,-1
571,16,252,78,31,17,-1,-1,-1
572,16,251,78,30,16,-1,-1,-1
640,17,116,43,53,28,-1,-1,-1
641,17,116,43,53,28,-1,-1,-1
642,17,116,43,53,28,-1,-1,-1
643,17,116,43,53,28,-1,-1,-1
703,18,114,50,37,21,-1,-1,-1
704,18,114,50,36,21,-1,-1,-1
705,18,114,50,36,21,-1,-1,-1
706,18,115,50,35,21,-1,-1,-1
707,18,115,50,34,21,-1,-1,-1
708,18,116,50,33,21,-1,-1,-1
709,18,117,51,33,20,-1,-1,-1
710,18,116,50,33,20,-1,-1,-1
787,19,194,41,33,37,-1,-1,-1
788,19,194,40,33,36,-1,-1,-1
789,19,193,40,33,36,-1,-1,-1
790,19,193,40,33,36,-1,-1,-1
801,20,346,96,33,20,-1,-1,-1
802,20,338,94,33,20,-1,-1,-1
803,20,333,93,32,20,-1,-1,-1
804,20,326,91,31,20,-1,-1,-1
805,20,319,89,29,19,-1,-1,-1
806,20,311,87,29,19,-1,-1,-1
807,20,303,85,29,19,-1,-1,-1
808,20,296,84,28,19,-1,-1,-1
809,20,288,83,28,19,-1,-1,-1
810,20,282,82,28,19,-1,-1,-1
811,20,276,81,28,19,-1,-1,-1
811,21,123,108,37,25,-1,-1,-1
812,20,272,80,29,19,-1,-1,-1
812,21,123,109,38,25,-1,-1,-1
813,20,269,79,29,19,-1,-1,-1
813,21,123,109,38,25,-1,-1,-1
814,20,267,79,29,19,-1,-1,-1
815,20,267,79,29,19,-1,-1,-1
815,22,562,160,35,22,-1,-1,-1
816,22,561,159,36,22,-1,-1,-1
817,22,561,158,37,22,-1,-1,-1
818,22,562,158,36,21,-1,-1,-1
819,22,562,158,35,20,-1,-1,-1
820,22,562,158,35,20,-1,-1,-1
821,23,100,114,28,23,-1,-1,-1
822,23,102,116,28,23,-1,-1,-1
823,23,104,118,28,23,-1,-1,-1
824,23,106,120,29,23,-1,-1,-1
825,23,109,123,29,23,-1,-1,-1
825,24,82,93,26,22,-1,-1,-1
826,23,112,126,29,24,-1,-1,-1
826,24,82,94,26,22,-1,-1,-1
827,23,116,130,29,25,-1,-1,-1
827,24,83,94,27,22,-1,-1,-1
828,23,121,135,29,25,-1,-1,-1
828,24,84,95,27,22,-1,-1,-1
829,23,123,137,29,25,-1,-1,-1
829,24,85,97,28,23,-1,-1,-1
830,23,125,138,29,25,-1,-1,-1
830,24,87,100,29,24,-1,-1,-1
831,24,89,103,30,24,-1,-1,-1
832,24,92,106,30,25,-1,-1,-1
833,24,94,109,31,25,-1,-1,-1
833,25,259,83,28,17,-1,-1,-1
833,26,114,46,35,24,-1,-1,-1
834,24,96,111,32,25,-1,-1,-1
834,25,255,83,28,16,-1,-1,-1
834,26,114,47,35,24,-1,-1,-1
835,24,98,114,34,26,-1,-1,-1
835,25,254,82,28,16,-1,-1,-1
835,26,114,47,35,24,-1,-1,-1
836,24,100,117,35,26,-1,-1,-1
836,25,253,82,27,15,-1,-1,-1
836,26,113,47,34,23,-1,-1,-1
837,24,103,120,36,26,-1,-1,-1
837,26,113,48,34,22,-1,-1,-1
838,24,106,124,36,28,-1,-1,-1
838,26,112,48,34,22,-1,-1,-1
839,24,110,128,36,29,-1,-1,-1
839,26,112,48,34,21,-1,-1,-1
840,24,114,131,37,31,-1,-1,-1
841,24,116,134,37,32,-1,-1,-1
842,24,117,134,37,33,-1,-1,-1
856,27,308,95,35,19,-1,-1,-1
857,27,305,94,35,19,-1,-1,-1
858,27,304,94,35,19,-1,-1,-1
896,28,142,56,33,21,-1,-1,-1
897,28,142,56,33,21,-1,-1,-1
898,28,141,56,33,21,-1,-1,-1
908,29,195,45,30,24,-1,-1,-1
909,29,195,45,30,24,-1,-1,-1
910,29,195,46,30,23,-1,-1,-1
910,30,417,112,41,21,-1,-1,-1
911,29,196,46,30,23,-1,-1,-1
911,30,413,112,40,20,-1,-1,-1
912,29,196,47,30,23,-1,-1,-1
912,30,412,111,40,20,-1,-1,-1
917,31,224,75,29,19,-1,-1,-1
918,31,223,75,28,19,-1,-1,-1
919,31,222,76,28,18,-1,-1,-1
925,32,280,83,28,17,-1,-1,-1
926,32,276,82,28,17,-1,-1,-1
927,32,272,81,28,17,-1,-1,-1
928,32,268,81,28,17,-1,-1,-1
929,32,263,81,28,16,-1,-1,-1
929,33,357,97,29,17,-1,-1,-1
930,32,258,80,28,16,-1,-1,-1
930,33,355,97,28,17,-1,-1,-1
931,32,253,80,28,16,-1,-1,-1
931,33,353,96,28,17,-1,-1,-1
932,32,251,80,28,16,-1,-1,-1
933,32,250,79,27,15,-1,-1,-1
949,34,139,52,37,22,-1,-1,-1
950,34,137,52,38,22,-1,-1,-1
951,34,137,52,38,21,-1,-1,-1
952,34,136,52,38,21,-1,-1,-1
993,35,93,107,34,30,-1,-1,-1
994,35,95,110,34,30,-1,-1,-1
995,35,97,111,35,30,-1,-1,-1
996,35,100,114,35,31,-1,-1,-1
997,35,102,116,35,30,-1,-1,-1
998,35,105,119,35,30,-1,-1,-1
999,35,108,123,35,31,-1,-1,-1
1000,35,110,126,36,31,-1,-1,-1
1001,35,114,129,36,31,-1,-1,-1
1002,35,118,133,39,32,-1,-1,-1
1003,35,120,135,39,33,-1,-1,-1
1004,35,121,138,42,33,-1,-1,-1
1045,36,111,48,37,20,-1,-1,-1
1046,36,110,48,37,20,-1,-1,-1
1047,36,110,48,37,20,-1,-1,-1
1120,37,132,52,35,23,-1,-1,-1
1121,37,132,52,35,23,-1,-1,-1
1122,37,131,52,36,23,-1,-1,-1
1123,37,131,52,36,23,-1,-1,-1
1124,37,131,52,36,23,-1,-1,-1
1137,38,290,85,28,18,-1,-1,-1
1138,38,286,84,28,18,-1,-1,-1
1139,38,282,83,28,18,-1,-1,-1
1140,38,278,81,27,17,-1,-1,-1
1141,38,273,80,27,17,-1,-1,-1
1142,38,267,79,27,17,-1,-1,-1
1143,38,261,79,27,16,-1,-1,-1
1144,38,257,79,27,16,-1,-1,-1
1145,38,253,78,26,15,-1,-1,-1
1146,38,250,78,26,15,-1,-1,-1
1147,38,246,78,25,15,-1,-1,-1
1148,38,243,77,24,15,-1,-1,-1
1149,38,242,77,23,15,-1,-1,-1
1150,38,241,76,22,15,-1,-1,-1
1174,40,254,82,35,22,-1,-1,-1
1175,39,81,97,30,24,-1,-1,-1
1175,40,251,82,34,22,-1,-1,-1
1176,39,82,97,29,24,-1,-1,-1
1176,40,248,82,34,21,-1,-1,-1
1177,39,83,98,29,23,-1,-1,-1
1177,40,244,81,34,21,-1,-1,-1
1178,39,84,100,30,23,-1,-1,-1
1178,40,239,81,33,20,-1,-1,-1
1179,39,85,102,31,24,-1,-1,-1
1179,40,235,80,32,20,-1,-1,-1
1180,39,86,104,32,26,-1,-1,-1
1180,40,232,79,31,20,-1,-1,-1
1181,39,88,107,33,27,-1,-1,-1
1181,40,229,78,30,19,-1,-1,-1
1182,39,90,108,33,28,-1,-1,-1
1182,40,226,77,29,19,-1,-1,-1
1183,39,92,111,33,28,-1,-1,-1
1183,40,222,77,28,19,-1,-1,-1
1184,39,94,113,34,27,-1,-1,-1
1184,40,218,76,28,18,-1,-1,-1
1185,39,96,116,35,27,-1,-1,-1
1185,40,214,75,29,18,-1,-1,-1
1186,39,98,119,36,28,-1,-1,-1
1186,40,210,75,29,18,-1,-1,-1
1187,39,101,121,37,29,-1,-1,-1
1187,40,208,75,29,18,-1,-1,-1
1187,41,370,110,44,24,-1,-1,-1
1188,39,103,124,37,30,-1,-1,-1
1188,40,207,75,29,18,-1,-1,-1
1188,41,361,108,42,23,-1,-1,-1
1189,39,106,127,37,31,-1,-1,-1
1189,41,355,107,42,22,-1,-1,-1
1190,39,109,132,39,33,-1,-1,-1
1190,41,347,105,40,22,-1,-1,-1
1191,39,112,136,40,35,-1,-1,-1
1191,41,338,102,38,22,-1,-1,-1
1192,39,116,142,41,36,-1,-1,-1
1192,41,329,100,36,21,-1,-1,-1
1193,39,121,147,40,36,-1,-1,-1
1193,41,321,98,35,21,-1,-1,-1
1194,39,123,152,42,35,-1,-1,-1
1194,41,315,97,33,21,-1,-1,-1
1195,39,125,156,43,34,-1,-1,-1
1195,41,312,96,32,21,-1,-1,-1
1195,42,192,45,30,27,-1,-1,-1
1196,39,126,157,44,33,-1,-1,-1
1196,41,311,96,32,21,-1,-1,-1
1196,42,192,45,30,27,-1,-1,-1
1197,39,127,158,44,33,-1,-1,-1
1197,41,310,96,32,21,-1,-1,-1
1197,42,192,45,30,27,-1,-1,-1
1198,39,127,159,44,33,-1,-1,-1
1198,41,309,96,32,21,-1,-1,-1
1198,42,192,45,30,27,-1,-1,-1
1199,39,127,159,44,33,-1,-1,-1
1199,41,309,96,32,21,-1,-1,-1
1199,42,192,45,30,27,-1,-1,-1
1200,39,127,159,44,33,-1,-1,-1
1200,41,309,96,32,21,-1,-1,-1
1200,42,192,45,30,27,-1,-1,-1
1201,39,127,159,44,33,-1,-1,-1
1201,41,309,96,32,21,-1,-1,-1
1201,42,192,45,30,27,-1,-1,-1
1202,39,127,159,44,33,-1,-1,-1
1202,41,309,96,32,21,-1,-1,-1
1202,42,192,45,30,27,-1,-1,-1
1203,39,127,159,44,33,-1,-1,-1
1203,41,309,96,32,21,-1,-1,-1
1203,42,192,45,30,27,-1,-1,-1
1204,39,127,159,44,33,-1,-1,-1
1204,41,309,96,32,21,-1,-1,-1
1204,42,192,45,30,27,-1,-1,-1
1205,39,127,159,44,33,-1,-1,-1
1205,41,309,96,32,21,-1,-1,-1
1205,42,192,45,30,27,-1,-1,-1
1206,39,127,159,44,33,-1,-1,-1
1206,41,309,96,32,21,-1,-1,-1
1206,42,192,45,29,27,-1,-1,-1
1207,39,127,159,44,33,-1,-1,-1
1207,41,309,96,32,21,-1,-1,-1
1207,42,192,45,29,27,-1,-1,-1
1208,39,127,159,44,33,-1,-1,-1
1208,41,309,96,32,21,-1,-1,-1
1208,42,192,45,29,27,-1,-1,-1
1209,39,127,159,44,33,-1,-1,-1
1209,41,309,96,32,21,-1,-1,-1
1209,42,192,45,29,27,-1,-1,-1
1210,39,127,159,44,33,-1,-1,-1
1210,41,309,96,32,21,-1,-1,-1
1210,42,192,45,29,27,-1,-1,-1
1211,39,127,159,44,33,-1,-1,-1
1211,41,309,96,32,21,-1,-1,-1
1211,42,192,45,29,27,-1,-1,-1
1212,39,127,159,44,33,-1,-1,-1
1212,41,309,96,32,21,-1,-1,-1
1212,42,192,45,29,27,-1,-1,-1
1213,39,127,159,44,33,-1,-1,-1
1213,41,309,96,32,21,-1,-1,-1
1213,42,192,45,29,27,-1,-1,-1
1214,39,127,159,44,33,-1,-1,-1
1214,41,309,96,32,21,-1,-1,-1
1214,42,192,45,29,27,-1,-1,-1
1237,43,95,104,34,36,-1,-1,-1
1238,43,95,104,35,36,-1,-1,-1
1239,43,95,105,35,36,-1,-1,-1
1240,43,96,107,36,36,-1,-1,-1
1241,43,98,109,37,36,-1,-1,-1
1242,43,100,111,38,37,-1,-1,-1
1243,43,101,113,38,37,-1,-1,-1
1244,43,102,113,38,37,-1,-1,-1
1255,44,113,49,44,21,-1,-1,-1
1256,44,113,49,44,21,-1,-1,-1
1257,44,113,49,44,20,-1,-1,-1
1293,45,199,39,35,35,-1,-1,-1
1294,45,199,38,35,35,-1,-1,-1
1295,45,199,38,35,35,-1,-1,-1
1354,46,197,47,29,23,-1,-1,-1
1355,46,197,47,29,23,-1,-1,-1
1356,46,197,47,29,23,-1,-1,-1
1357,46,197,47,29,24,-1,-1,-1
1358,46,197,47,29,24,-1,-1,-1
1359,46,197,46,30,25,-1,-1,-1
1360,46,197,46,29,26,-1,-1,-1
1361,46,196,45,29,26,-1,-1,-1
1362,46,196,45,29,27,-1,-1,-1
1363,46,196,45,29,26,-1,-1,-1
1375,47,132,148,48,43,-1,-1,-1
1376,47,137,152,48,44,-1,-1,-1
1377,47,141,155,49,45,-1,-1,-1
1378,47,144,157,49,46,-1,-1,-1
1379,47,145,158,49,46,-1,-1,-1
1390,48,66,77,28,22,-1,-1,-1
1391,48,66,78,28,22,-1,-1,-1
1392,48,67,78,27,22,-1,-1,-1
1393,48,67,79,27,22,-1,-1,-1
1394,48,69,80,27,21,-1,-1,-1
1395,48,70,81,27,21,-1,-1,-1
1396,48,72,83,27,21,-1,-1,-1
1397,48,74,84,27,21,-1,-1,-1
1398,48,76,86,27,22,-1,-1,-1
1399,48,77,87,27,23,-1,-1,-1
1400,48,78,89,28,23,-1,-1,-1
1401,48,80,90,29,23,-1,-1,-1
1402,48,81,92,30,23,-1,-1,-1
1403,48,83,95,31,23,-1,-1,-1
1404,48,85,99,32,23,-1,-1,-1
1405,48,88,104,33,24,-1,-1,-1
1406,48,89,106,34,26,-1,-1,-1
1407,48,90,107,34,27,-1,-1,-1
1407,49,28,32,51,43,-1,-1,-1
1408,48,91,107,35,27,-1,-1,-1
1408,49,28,32,51,43,-1,-1,-1
1409,48,91,107,35,27,-1,-1,-1
1409,49,28,32,51,43,-1,-1,-1
1410,48,91,107,35,27,-1,-1,-1
1410,49,28,32,51,43,-1,-1,-1
1411,48,91,107,35,27,-1,-1,-1
1411,49,28,32,51,43,-1,-1,-1
1412,48,91,107,35,27,-1,-1,-1
1412,49,28,32,51,43,-1,-1,-1
1413,48,91,107,35,27,-1,-1,-1
1413,49,28,32,51,43,-1,-1,-1
1414,48,91,107,35,27,-1,-1,-1
1414,49,28,32,51,43,-1,-1,-1
1415,48,91,107,35,27,-1,-1,-1
1415,49,28,32,51,43,-1,-1,-1
1416,48,91,107,35,27,-1,-1,-1
1416,49,28,32,51,43,-1,-1,-1
1417,48,91,107,35,27,-1,-1,-1
1417,49,28,32,51,43,-1,-1,-1
1418,48,91,107,35,27,-1,-1,-1
1418,49,28,32,51,43,-1,-1,-1
1419,48,91,107,35,27,-1,-1,-1
1419,49,28,32,51,43,-1,-1,-1
1420,48,91,107,35,27,-1,-1,-1
1420,49,28,32,51,43,-1,-1,-1
1421,48,91,107,35,27,-1,-1,-1
1421,49,28,32,51,43,-1,-1,-1
1422,48,91,107,35,27,-1,-1,-1
1422,49,28,32,51,43,-1,-1,-1
1423,48,91,107,35,27,-1,-1,-1
1423,49,28,32,51,43,-1,-1,-1
1424,48,91,107,35,27,-1,-1,-1
1424,49,28,32,51,43,-1,-1,-1
1425,48,91,107,35,27,-1,-1,-1
1425,49,28,32,51,43,-1,-1,-1
1426,48,91,107,35,27,-1,-1,-1
1426,49,28,32,51,43,-1,-1,-1
1427,48,91,107,35,27,-1,-1,-1
1427,49,28,32,51,43,-1,-1,-1
1428,48,91,107,35,27,-1,-1,-1
1428,49,28,32,51,43,-1,-1,-1
1700,50,119,100,34,38,-1,-1,-1
1701,50,121,101,35,38,-1,-1,-1
1702,50,122,103,35,39,-1,-1,-1
1703,50,123,104,36,40,-1,-1,-1
1704,50,124,104,36,41,-1,-1,-1
1707,52,107,47,40,23,-1,-1,-1
1708,52,107,47,40,22,-1,-1,-1
1709,52,107,48,39,22,-1,-1,-1
1710,52,108,48,39,23,-1,-1,-1
1711,52,108,49,39,23,-1,-1,-1
1712,52,108,50,38,23,-1,-1,-1
1713,52,108,52,38,24,-1,-1,-1
1714,52,108,53,38,24,-1,-1,-1
1715,52,107,54,38,24,-1,-1,-1
1716,52,107,56,38,25,-1,-1,-1
1717,52,107,57,38,25,-1,-1,-1
1718,52,107,58,38,25,-1,-1,-1
1719,52,107,60,38,26,-1,-1,-1
1720,52,106,61,38,26,-1,-1,-1
1721,52,106,62,38,26,-1,-1,-1
1722,52,106,64,37,27,-1,-1,-1
1723,52,106,65,37,27,-1,-1,-1
1724,52,106,66,37,27,-1,-1,-1
1725,52,105,68,37,28,-1,-1,-1
1726,52,105,69,37,28,-1,-1,-1
1727,52,105,70,37,28,-1,-1,-1
1728,52,105,72,37,29,-1,-1,-1
1729,52,104,73,37,29,-1,-1,-1
1730,52,104,74,37,29,-1,-1,-1
1731,52,104,76,37,30,-1,-1,-1
1732,52,104,77,37,30,-1,-1,-1
1733,52,104,78,36,30,-1,-1,-1
1734,52,103,80,36,31,-1,-1,-1
1735,52,103,81,36,31,-1,-1,-1
1736,52,103,82,36,31,-1,-1,-1
1737,52,103,84,36,32,-1,-1,-1
1738,52,103,85,36,32,-1,-1,-1
1739,52,102,86,36,32,-1,-1,-1
1740,52,102,88,36,33,-1,-1,-1
1741,51,308,34,36,40,-1,-1,-1
1741,52,102,89,36,33,-1,-1,-1
1742,51,308,34,36,40,-1,-1,-1
1742,52,102,90,36,33,-1,-1,-1
1743,51,308,34,36,40,-1,-1,-1
1743,52,102,91,36,34,-1,-1,-1
1744,51,308,34,36,40,-1,-1,-1
1744,52,103,92,36,34,-1,-1,-1
1745,51,308,34,36,40,-1,-1,-1
1745,52,106,94,36,34,-1,-1,-1
1746,51,308,33,36,41,-1,-1,-1
1746,52,107,95,36,35,-1,-1,-1
1747,51,308,32,36,42,-1,-1,-1
1747,52,109,96,36,34,-1,-1,-1
1748,51,309,32,36,42,-1,-1,-1
1808,53,99,108,35,34,-1,-1,-1
1809,53,100,110,35,34,-1,-1,-1
1810,53,101,111,35,34,-1,-1,-1
1811,53,104,114,35,34,-1,-1,-1
1812,53,105,115,35,34,-1,-1,-1
1813,53,106,116,35,34,-1,-1,-1
1829,54,269,79,32,22,-1,-1,-1
1830,54,267,79,32,22,-1,-1,-1
1830,55,194,46,28,24,-1,-1,-1
1831,54,266,79,32,22,-1,-1,-1
1831,55,194,46,28,25,-1,-1,-1
1832,55,194,46,28,25,-1,-1,-1
1833,55,193,45,28,25,-1,-1,-1
1834,55,193,45,28,26,-1,-1,-1
1906,56,98,94,33,22,-1,-1,-1
1907,56,98,95,35,22,-1,-1,-1
1908,56,98,97,35,22,-1,-1,-1
1909,56,98,98,35,22,-1,-1,-1
1910,56,98,100,34,22,-1,-1,-1
1912,57,379,105,38,22,-1,-1,-1
1913,57,372,102,37,23,-1,-1,-1
1914,57,367,100,37,23,-1,-1,-1
1915,57,359,98,37,23,-1,-1,-1
1916,57,352,96,36,23,-1,-1,-1
1917,57,344,95,36,22,-1,-1,-1
1918,57,336,93,35,21,-1,-1,-1
1919,57,328,91,35,21,-1,-1,-1
1920,57,320,90,34,21,-1,-1,-1
1921,57,313,88,34,21,-1,-1,-1
1922,57,306,86,33,21,-1,-1,-1
1923,57,299,85,32,20,-1,-1,-1
1924,57,293,84,32,20,-1,-1,-1
1925,57,288,83,32,19,-1,-1,-1
1926,57,282,83,31,18,-1,-1,-1
1927,57,278,82,31,17,-1,-1,-1
1928,57,272,81,31,17,-1,-1,-1
1929,57,268,80,30,17,-1,-1,-1
1930,57,263,80,30,16,-1,-1,-1
1931,57,259,79,29,16,-1,-1,-1
1932,57,257,79,29,16,-1,-1,-1
1933,57,255,78,29,16,-1,-1,-1
1998,58,113,48,43,26,-1,-1,-1
1999,58,112,48,42,26,-1,-1,-1
2000,58,112,48,42,26,-1,-1,-1
2001,58,111,47,42,25,-1,-1,-1
2002,58,111,47,42,25,-1,-1,-1
2003,58,110,47,41,25,-1,-1,-1
2003,59,251,76,34,22,-1,-1,-1
2004,58,110,47,42,24,-1,-1,-1
2004,59,249,75,32,21,-1,-1,-1
2005,58,109,47,41,24,-1,-1,-1
2005,59,248,75,31,21,-1,-1,-1
2006,59,247,75,30,21,-1,-1,-1
2040,60,128,136,31,25,-1,-1,-1
2041,60,129,137,31,25,-1,-1,-1
2042,60,129,137,31,25,-1,-1,-1
2050,61,294,81,31,21,-1,-1,-1
2051,61,289,80,32,21,-1,-1,-1
2052,61,285,79,32,21,-1,-1,-1
2053,61,283,79,32,21,-1,-1,-1
2054,61,282,79,32,21,-1,-1,-1
2061,62,112,47,36,22,-1,-1,-1
2062,62,111,47,35,22,-1,-1,-1
2063,62,111,47,35,22,-1,-1,-1
