59,1,452,125,40,22,-1,-1,-1
60,1,451,125,41,22,-1,-1,-1
61,1,452,125,40,21,-1,-1,-1
62,1,452,125,39,21,-1,-1,-1
63,1,453,125,38,21,-1,-1,-1
64,1,453,125,37,20,-1,-1,-1
65,1,454,125,36,20,-1,-1,-1
66,1,454,125,35,19,-1,-1,-1
67,1,454,125,36,19,-1,-1,-1
76,2,253,81,32,16,-1,-1,-1
77,2,250,81,31,15,-1,-1,-1
78,2,246,80,31,15,-1,-1,-1
79,2,243,80,30,14,-1,-1,-1
80,2,242,79,31,14,-1,-1,-1
158,3,113,48,42,22,-1,-1,-1
159,3,113,47,42,22,-1,-1,-1
160,3,113,47,41,22,-1,-1,-1
161,3,112,47,41,22,-1,-1,-1
162,3,112,46,41,22,-1,-1,-1
163,3,111,46,40,22,-1,-1,-1
164,3,110,46,40,22,-1,-1,-1
165,3,109,46,39,22,-1,-1,-1
166,3,109,45,39,22,-1,-1,-1
167,3,108,45,38,22,-1,-1,-1
168,3,107,45,38,22,-1,-1,-1
169,3,107,45,38,22,-1,-1,-1
170,3,106,46,38,22,-1,-1,-1
171,3,105,46,38,21,-1,-1,-1
172,3,105,46,39,21,-1,-1,-1
173,3,105,46,39,21,-1,-1,-1
174,3,105,46,39,22,-1,-1,-1
175,3,105,46,38,22,-1,-1,-1
176,3,104,46,38,21,-1,-1,-1
177,3,103,46,37,21,-1,-1,-1
178,3,102,46,37,21,-1,-1,-1
179,3,102,46,37,21,-1,-1,-1
180,3,102,45,37,21,-1,-1,-1
181,3,101,45,37,21,-1,-1,-1
182,3,100,45,38,21,-1,-1,-1
183,3,99,45,38,21,-1,-1,-1
184,3,98,45,39,21,-1,-1,-1
185,3,97,45,39,21,-1,-1,-1
186,3,96,45,40,22,-1,-1,-1
187,3,95,45,40,22,-1,-1,-1
188,3,94,45,41,22,-1,-1,-1
189,3,93,45,41,22,-1,-1,-1
190,3,92,45,41,22,-1,-1,-1
191,3,92,45,41,22,-1,-1,-1
192,3,92,45,41,21,-1,-1,-1
193,3,92,45,40,21,-1,-1,-1
260,4,82,91,33,24,-1,-1,-1
261,4,82,92,33,24,-1,-1,-1
262,4,83,93,33,24,-1,-1,-1
263,4,84,94,33,24,-1,-1,-1
264,4,86,96,33,25,-1,-1,-1
265,4,88,98,33,27,-1,-1,-1
266,4,90,101,33,30,-1,-1,-1
267,4,93,103,33,31,-1,-1,-1
268,4,95,105,33,32,-1,-1,-1
269,4,97,107,34,33,-1,-1,-1
270,4,100,109,34,33,-1,-1,-1
271,4,102,112,35,33,-1,-1,-1
272,4,104,114,35,33,-1,-1,-1
273,4,104,115,35,34,-1,-1,-1
276,5,106,48,44,20,-1,-1,-1
277,5,106,48,45,20,-1,-1,-1
278,5,107,48,45,20,-1,-1,-1
279,5,107,48,45,20,-1,-1,-1
280,5,106,48,45,20,-1,-1,-1
281,5,106,48,44,20,-1,-1,-1
282,5,106,47,44,20,-1,-1,-1
355,8,155,121,38,35,-1,-1,-1
356,6,500,126,59,33,-1,-1,-1
356,8,159,124,39,35,-1,-1,-1
357,6,494,125,58,32,-1,-1,-1
357,8,162,126,41,36,-1,-1,-1
358,6,493,125,58,32,-1,-1,-1
358,8,166,129,45,39,-1,-1,-1
359,7,264,81,36,19,-1,-1,-1
359,8,170,132,48,41,-1,-1,-1
360,7,260,80,36,19,-1,-1,-1
360,8,176,136,51,43,-1,-1,-1
361,7,258,80,34,18,-1,-1,-1
361,8,179,138,51,43,-1,-1,-1
362,7,254,80,33,18,-1,-1,-1
362,8,182,141,51,43,-1,-1,-1
363,7,251,80,32,17,-1,-1,-1
364,7,247,79,30,17,-1,-1,-1
365,7,243,78,28,16,-1,-1,-1
366,7,242,78,27,16,-1,-1,-1
367,7,240,78,26,15,-1,-1,-1
371,9,312,89,32,18,-1,-1,-1
372,9,307,87,31,18,-1,-1,-1
373,9,302,86,30,17,-1,-1,-1
374,9,296,85,30,17,-1,-1,-1
375,9,290,84,29,17,-1,-1,-1
376,9,284,83,29,17,-1,-1,-1
377,9,277,82,29,17,-1,-1,-1
377,10,354,110,33,17,-1,-1,-1
378,9,270,81,29,17,-1,-1,-1
378,10,346,108,31,16,-1,-1,-1
379,9,265,80,29,17,-1,-1,-1
379,10,340,106,29,15,-1,-1,-1
380,9,260,79,29,16,-1,-1,-1
380,10,331,103,28,15,-1,-1,-1
381,9,255,79,28,16,-1,-1,-1
381,10,322,102,27,14,-1,-1,-1
382,9,251,78,28,16,-1,-1,-1
382,10,313,100,27,14,-1,-1,-1
383,9,247,77,26,16,-1,-1,-1
383,10,304,98,27,14,-1,-1,-1
384,9,244,76,26,16,-1,-1,-1
384,10,296,96,27,14,-1,-1,-1
385,9,240,75,25,16,-1,-1,-1
385,10,288,93,27,14,-1,-1,-1
386,9,236,74,24,16,-1,-1,-1
386,10,281,91,26,14,-1,-1,-1
387,9,232,72,24,15,-1,-1,-1
387,10,275,89,25,14,-1,-1,-1
388,9,228,71,23,15,-1,-1,-1
388,10,269,88,24,13,-1,-1,-1
389,9,225,71,23,15,-1,-1,-1
389,10,263,87,23,12,-1,-1,-1
390,9,222,70,23,14,-1,-1,-1
390,10,257,86,22,12,-1,-1,-1
390,11,104,116,34,26,-1,-1,-1
391,9,219,70,24,14,-1,-1,-1
391,10,252,85,22,12,-1,-1,-1
391,11,106,119,35,26,-1,-1,-1
392,9,217,69,24,14,-1,-1,-1
392,10,247,84,22,11,-1,-1,-1
392,11,107,121,35,26,-1,-1,-1
393,9,215,69,24,14,-1,-1,-1
393,10,242,83,21,11,-1,-1,-1
393,11,110,125,34,25,-1,-1,-1
394,9,214,69,24,14,-1,-1,-1
394,10,237,83,21,11,-1,-1,-1
394,11,113,129,34,26,-1,-1,-1
395,10,235,82,21,11,-1,-1,-1
395,11,115,131,34,25,-1,-1,-1
396,10,233,82,20,11,-1,-1,-1
396,11,117,132,34,26,-1,-1,-1
403,12,314,92,27,15,-1,-1,-1
404,12,309,90,27,15,-1,-1,-1
405,12,304,89,27,15,-1,-1,-1
406,12,298,88,27,15,-1,-1,-1
407,12,292,86,27,15,-1,-1,-1
408,12,286,85,27,15,-1,-1,-1
409,12,279,84,28,15,-1,-1,-1
410,12,274,83,28,15,-1,-1,-1
411,12,271,82,28,15,-1,-1,-1
412,12,270,81,28,15,-1,-1,-1
419,16,359,114,36,18,-1,-1,-1
420,16,359,114,36,18,-1,-1,-1
421,16,359,114,36,18,-1,-1,-1
422,16,359,114,36,18,-1,-1,-1
423,16,359,114,36,18,-1,-1,-1
424,16,359,114,36,18,-1,-1,-1
425,16,359,114,36,18,-1,-1,-1
426,16,359,114,36,18,-1,-1,-1
427,16,359,114,36,18,-1,-1,-1
428,16,359,114,36,18,-1,-1,-1
429,16,359,114,36,18,-1,-1,-1
430,16,359,114,36,18,-1,-1,-1
431,16,359,114,36,18,-1,-1,-1
432,16,359,114,36,18,-1,-1,-1
433,16,359,114,36,18,-1,-1,-1
434,16,359,114,36,18,-1,-1,-1
435,16,359,114,36,18,-1,-1,-1
436,16,359,114,36,18,-1,-1,-1
437,16,359,114,36,18,-1,-1,-1
438,16,359,114,36,18,-1,-1,-1
439,16,359,114,36,18,-1,-1,-1
441,13,251,84,30,15,-1,-1,-1
442,13,248,83,29,14,-1,-1,-1
443,13,246,82,28,14,-1,-1,-1
443,14,101,111,28,24,-1,-1,-1
444,13,244,81,27,14,-1,-1,-1
444,14,103,113,30,25,-1,-1,-1
445,13,243,81,27,14,-1,-1,-1
445,14,105,115,31,25,-1,-1,-1
446,14,107,119,32,25,-1,-1,-1
447,14,110,124,33,25,-1,-1,-1
448,14,113,129,34,26,-1,-1,-1
449,14,117,133,35,26,-1,-1,-1
450,14,121,139,35,26,-1,-1,-1
451,14,126,144,36,27,-1,-1,-1
452,14,128,147,36,28,-1,-1,-1
453,14,130,148,36,30,-1,-1,-1
456,15,372,104,34,18,-1,-1,-1
457,15,366,101,34,18,-1,-1,-1
458,15,361,100,34,18,-1,-1,-1
459,15,354,99,33,18,-1,-1,-1
460,15,347,98,32,18,-1,-1,-1
461,15,340,97,31,17,-1,-1,-1
462,15,332,95,30,17,-1,-1,-1
463,15,326,94,29,16,-1,-1,-1
464,15,319,93,29,15,-1,-1,-1
465,15,312,92,28,15,-1,-1,-1
466,15,305,90,28,14,-1,-1,-1
467,15,299,88,28,15,-1,-1,-1
468,15,294,86,27,15,-1,-1,-1
468,17,412,113,38,18,-1,-1,-1
469,15,289,85,26,15,-1,-1,-1
469,17,404,112,37,18,-1,-1,-1
470,15,284,84,26,15,-1,-1,-1
470,17,397,110,37,18,-1,-1,-1
471,15,279,83,26,15,-1,-1,-1
471,17,388,108,37,18,-1,-1,-1
472,15,273,82,26,15,-1,-1,-1
472,17,379,105,37,18,-1,-1,-1
473,15,269,82,25,14,-1,-1,-1
473,17,371,103,36,18,-1,-1,-1
474,15,265,81,24,14,-1,-1,-1
474,17,362,101,35,18,-1,-1,-1
475,15,261,81,24,13,-1,-1,-1
475,17,355,99,35,18,-1,-1,-1
476,15,257,81,24,13,-1,-1,-1
476,17,346,98,35,17,-1,-1,-1
477,15,253,80,24,13,-1,-1,-1
477,17,338,97,35,17,-1,-1,-1
478,15,249,79,24,13,-1,-1,-1
478,17,330,96,34,17,-1,-1,-1
479,15,245,78,24,13,-1,-1,-1
479,17,323,95,34,17,-1,-1,-1
480,15,243,78,24,13,-1,-1,-1
480,17,320,94,34,17,-1,-1,-1
481,15,242,78,24,13,-1,-1,-1
481,17,317,94,34,17,-1,-1,-1
483,18,422,121,32,17,-1,-1,-1
483,21,489,142,54,24,-1,-1,-1
484,18,422,121,32,17,-1,-1,-1
484,19,355,111,34,15,-1,-1,-1
484,21,489,142,54,24,-1,-1,-1
485,18,422,121,32,17,-1,-1,-1
485,19,355,111,34,15,-1,-1,-1
485,21,489,142,54,24,-1,-1,-1
486,18,422,121,32,17,-1,-1,-1
486,19,355,111,34,15,-1,-1,-1
486,21,489,142,54,24,-1,-1,-1
487,18,422,121,32,17,-1,-1,-1
487,19,355,111,34,15,-1,-1,-1
487,21,489,142,54,24,-1,-1,-1
488,18,422,121,32,17,-1,-1,-1
488,19,355,111,34,15,-1,-1,-1
488,21,489,142,54,24,-1,-1,-1
489,18,422,121,32,17,-1,-1,-1
489,19,355,111,34,15,-1,-1,-1
489,21,489,142,54,24,-1,-1,-1
490,18,422,121,32,17,-1,-1,-1
490,19,355,111,34,15,-1,-1,-1
490,21,489,142,54,24,-1,-1,-1
491,18,422,121,32,17,-1,-1,-1
491,19,355,111,34,15,-1,-1,-1
491,21,489,142,54,24,-1,-1,-1
492,18,422,121,32,17,-1,-1,-1
492,19,355,111,34,15,-1,-1,-1
492,21,489,142,54,24,-1,-1,-1
493,18,422,121,32,17,-1,-1,-1
493,19,355,111,34,15,-1,-1,-1
493,21,489,142,54,24,-1,-1,-1
494,18,422,121,32,17,-1,-1,-1
494,19,355,111,34,15,-1,-1,-1
494,21,489,142,54,24,-1,-1,-1
495,18,422,121,32,17,-1,-1,-1
495,19,355,111,34,15,-1,-1,-1
495,21,489,142,54,24,-1,-1,-1
496,18,422,121,32,17,-1,-1,-1
496,19,355,111,34,15,-1,-1,-1
496,21,489,142,54,24,-1,-1,-1
497,18,422,121,32,17,-1,-1,-1
497,19,355,111,34,15,-1,-1,-1
497,21,489,142,54,24,-1,-1,-1
498,18,422,121,32,17,-1,-1,-1
498,19,355,111,34,15,-1,-1,-1
498,21,489,142,54,24,-1,-1,-1
499,18,422,121,32,17,-1,-1,-1
499,19,355,111,34,15,-1,-1,-1
499,21,489,142,54,24,-1,-1,-1
500,18,422,121,32,17,-1,-1,-1
500,19,355,111,34,15,-1,-1,-1
500,21,489,142,54,24,-1,-1,-1
501,18,422,121,32,17,-1,-1,-1
501,19,355,111,34,15,-1,-1,-1
501,21,489,142,54,24,-1,-1,-1
502,18,422,121,32,17,-1,-1,-1
502,19,355,111,34,15,-1,-1,-1
502,21,489,141,53,24,-1,-1,-1
503,18,422,121,32,17,-1,-1,-1
503,19,355,111,34,15,-1,-1,-1
503,21,489,141,53,25,-1,-1,-1
504,21,489,141,53,25,-1,-1,-1
505,21,490,141,53,25,-1,-1,-1
506,21,490,141,53,25,-1,-1,-1
507,21,491,140,53,25,-1,-1,-1
508,21,491,140,53,25,-1,-1,-1
509,21,492,140,53,25,-1,-1,-1
510,21,492,139,52,25,-1,-1,-1
511,21,493,139,52,25,-1,-1,-1
512,21,493,139,52,25,-1,-1,-1
513,21,494,139,52,25,-1,-1,-1
514,21,494,138,52,25,-1,-1,-1
515,21,495,138,52,25,-1,-1,-1
516,21,495,138,52,25,-1,-1,-1
517,21,496,137,51,26,-1,-1,-1
518,21,496,137,51,26,-1,-1,-1
519,21,497,137,51,26,-1,-1,-1
520,21,497,137,51,26,-1,-1,-1
521,21,498,136,51,26,-1,-1,-1
522,21,498,136,51,26,-1,-1,-1
523,20,249,83,37,18,-1,-1,-1
523,21,499,136,51,26,-1,-1,-1
524,20,246,83,34,17,-1,-1,-1
524,21,499,135,50,26,-1,-1,-1
525,20,244,82,32,16,-1,-1,-1
525,21,500,135,50,26,-1,-1,-1
526,20,240,82,29,15,-1,-1,-1
526,21,500,135,50,26,-1,-1,-1
527,20,236,81,27,15,-1,-1,-1
527,21,501,135,50,26,-1,-1,-1
528,20,232,80,25,14,-1,-1,-1
528,21,501,134,50,26,-1,-1,-1
529,20,229,79,24,14,-1,-1,-1
529,21,502,134,50,26,-1,-1,-1
529,22,79,92,36,27,-1,-1,-1
530,20,227,79,23,13,-1,-1,-1
530,21,503,134,47,26,-1,-1,-1
530,22,80,93,36,27,-1,-1,-1
531,20,226,79,23,13,-1,-1,-1
531,21,505,135,44,25,-1,-1,-1
531,22,81,93,35,27,-1,-1,-1
532,21,508,135,40,23,-1,-1,-1
532,22,82,94,34,27,-1,-1,-1
533,21,508,136,38,22,-1,-1,-1
533,22,84,95,34,26,-1,-1,-1
534,21,510,136,36,21,-1,-1,-1
534,22,85,97,34,26,-1,-1,-1
535,22,87,99,35,27,-1,-1,-1
536,22,89,101,36,29,-1,-1,-1
537,22,91,103,36,30,-1,-1,-1
538,22,93,105,36,31,-1,-1,-1
539,22,94,106,36,31,-1,-1,-1
540,22,96,108,36,31,-1,-1,-1
541,22,98,111,38,31,-1,-1,-1
542,22,99,113,39,31,-1,-1,-1
543,22,100,114,40,31,-1,-1,-1
545,23,114,131,46,33,-1,-1,-1
546,23,116,132,46,32,-1,-1,-1
547,23,116,132,45,32,-1,-1,-1
701,24,226,69,28,18,-1,-1,-1
702,24,225,70,26,17,-1,-1,-1
703,24,224,70,26,17,-1,-1,-1
704,24,224,70,25,17,-1,-1,-1
705,24,223,70,25,17,-1,-1,-1
712,25,335,95,42,20,-1,-1,-1
713,25,332,94,42,20,-1,-1,-1
714,25,331,94,42,20,-1,-1,-1
729,26,239,74,29,18,-1,-1,-1
730,26,236,74,28,18,-1,-1,-1
731,26,236,74,28,18,-1,-1,-1
732,26,235,74,28,18,-1,-1,-1
735,27,110,131,44,36,-1,-1,-1
736,27,111,132,46,36,-1,-1,-1
737,27,112,133,45,37,-1,-1,-1
755,29,333,96,42,23,-1,-1,-1
756,29,326,95,41,23,-1,-1,-1
757,29,321,94,40,23,-1,-1,-1
758,29,314,93,39,22,-1,-1,-1
759,29,306,91,38,22,-1,-1,-1
760,29,298,90,37,22,-1,-1,-1
761,29,291,88,36,22,-1,-1,-1
762,29,284,86,35,21,-1,-1,-1
763,29,276,84,35,21,-1,-1,-1
764,29,270,82,34,21,-1,-1,-1
765,29,263,82,34,21,-1,-1,-1
766,28,126,48,48,24,-1,-1,-1
766,29,258,81,33,20,-1,-1,-1
767,28,126,49,47,24,-1,-1,-1
767,29,253,80,32,19,-1,-1,-1
768,28,126,49,46,24,-1,-1,-1
768,29,248,80,31,19,-1,-1,-1
769,28,126,49,45,24,-1,-1,-1
769,29,244,80,30,18,-1,-1,-1
770,28,126,49,44,23,-1,-1,-1
770,29,240,79,28,17,-1,-1,-1
771,28,126,49,43,23,-1,-1,-1
771,29,236,78,27,16,-1,-1,-1
772,28,126,49,43,23,-1,-1,-1
772,29,232,78,26,15,-1,-1,-1
773,29,228,77,25,15,-1,-1,-1
774,29,227,77,25,15,-1,-1,-1
775,29,225,76,24,15,-1,-1,-1
777,30,118,48,43,20,-1,-1,-1
778,30,118,48,42,20,-1,-1,-1
779,30,118,48,41,20,-1,-1,-1
780,30,118,48,41,20,-1,-1,-1
781,30,118,47,41,21,-1,-1,-1
782,30,117,47,41,21,-1,-1,-1
783,30,116,47,41,21,-1,-1,-1
783,31,196,47,26,21,-1,-1,-1
784,30,115,47,40,21,-1,-1,-1
784,31,196,46,26,21,-1,-1,-1
785,30,115,47,40,22,-1,-1,-1
785,31,195,46,26,22,-1,-1,-1
786,30,115,47,39,22,-1,-1,-1
786,31,195,45,27,23,-1,-1,-1
787,30,115,47,39,22,-1,-1,-1
787,31,194,45,28,23,-1,-1,-1
788,30,114,47,39,22,-1,-1,-1
788,31,194,45,28,23,-1,-1,-1
789,30,112,47,39,22,-1,-1,-1
789,31,194,45,28,24,-1,-1,-1
790,30,111,47,39,22,-1,-1,-1
790,31,193,45,29,24,-1,-1,-1
791,30,109,47,40,22,-1,-1,-1
791,31,193,45,29,24,-1,-1,-1
792,30,108,47,40,22,-1,-1,-1
792,31,193,45,29,24,-1,-1,-1
793,30,108,47,41,22,-1,-1,-1
793,31,193,45,29,24,-1,-1,-1
794,31,193,45,29,25,-1,-1,-1
795,31,193,45,29,25,-1,-1,-1
796,31,193,45,29,25,-1,-1,-1
797,31,193,45,29,25,-1,-1,-1
798,31,193,45,29,25,-1,-1,-1
799,31,193,45,29,26,-1,-1,-1
800,31,193,45,29,26,-1,-1,-1
801,31,193,45,29,27,-1,-1,-1
802,31,194,45,29,27,-1,-1,-1
830,32,94,79,34,23,-1,-1,-1
831,32,95,79,33,22,-1,-1,-1
832,32,96,80,33,22,-1,-1,-1
833,32,98,82,33,22,-1,-1,-1
834,32,100,83,33,22,-1,-1,-1
835,32,102,84,33,22,-1,-1,-1
836,32,104,86,33,22,-1,-1,-1
837,32,106,87,33,23,-1,-1,-1
838,32,108,89,33,23,-1,-1,-1
839,32,110,91,33,23,-1,-1,-1
840,32,112,92,33,23,-1,-1,-1
841,32,114,94,33,23,-1,-1,-1
842,32,116,95,33,24,-1,-1,-1
843,32,118,97,33,24,-1,-1,-1
844,32,120,98,33,24,-1,-1,-1
845,32,121,100,34,24,-1,-1,-1
846,32,124,102,34,25,-1,-1,-1
847,32,125,103,34,25,-1,-1,-1
848,32,127,104,34,25,-1,-1,-1
879,33,308,89,31,19,-1,-1,-1
880,33,301,88,30,19,-1,-1,-1
881,33,296,87,30,19,-1,-1,-1
882,33,290,85,29,18,-1,-1,-1
883,33,284,84,29,18,-1,-1,-1
884,33,277,83,29,17,-1,-1,-1
885,33,271,82,29,16,-1,-1,-1
886,33,265,81,28,16,-1,-1,-1
887,33,260,80,27,15,-1,-1,-1
888,33,255,79,26,15,-1,-1,-1
889,33,250,79,25,15,-1,-1,-1
890,33,245,78,25,14,-1,-1,-1
891,33,240,78,25,14,-1,-1,-1
891,34,309,96,32,18,-1,-1,-1
892,33,238,77,25,14,-1,-1,-1
892,34,303,94,32,18,-1,-1,-1
893,33,236,77,25,13,-1,-1,-1
893,34,297,93,32,18,-1,-1,-1
894,34,289,90,32,19,-1,-1,-1
895,34,281,88,32,19,-1,-1,-1
896,34,273,86,33,19,-1,-1,-1
897,34,266,85,33,19,-1,-1,-1
898,34,260,84,33,18,-1,-1,-1
899,34,252,83,34,18,-1,-1,-1
900,34,247,82,33,17,-1,-1,-1
901,34,243,81,32,17,-1,-1,-1
902,34,239,80,30,15,-1,-1,-1
903,34,235,79,28,15,-1,-1,-1
904,34,231,79,27,14,-1,-1,-1
905,34,230,78,26,14,-1,-1,-1
906,34,229,78,26,13,-1,-1,-1
931,35,94,104,37,35,-1,-1,-1
932,35,95,106,37,35,-1,-1,-1
933,35,97,108,38,36,-1,-1,-1
934,35,99,111,38,37,-1,-1,-1
935,35,102,115,38,39,-1,-1,-1
936,35,105,119,40,41,-1,-1,-1
937,35,108,123,43,42,-1,-1,-1
938,35,112,127,45,44,-1,-1,-1
939,35,114,130,46,45,-1,-1,-1
940,35,115,131,47,45,-1,-1,-1
943,36,339,94,34,21,-1,-1,-1
944,36,336,94,34,21,-1,-1,-1
945,36,334,94,34,20,-1,-1,-1
1038,37,105,49,38,17,-1,-1,-1
1039,37,107,49,35,17,-1,-1,-1
1040,37,107,49,35,17,-1,-1,-1
1041,37,107,49,34,17,-1,-1,-1
1060,38,463,138,47,23,-1,-1,-1
1061,38,463,138,47,23,-1,-1,-1
1062,38,463,138,47,23,-1,-1,-1
1063,38,463,138,47,23,-1,-1,-1
1064,38,463,138,47,23,-1,-1,-1
1065,38,463,138,47,23,-1,-1,-1
1066,38,463,138,47,23,-1,-1,-1
1067,38,463,138,47,23,-1,-1,-1
1068,38,463,138,47,23,-1,-1,-1
1069,38,463,138,47,23,-1,-1,-1
1070,38,463,138,47,23,-1,-1,-1
1071,38,463,138,47,23,-1,-1,-1
1072,38,463,138,47,23,-1,-1,-1
1073,38,463,138,47,23,-1,-1,-1
1074,38,463,138,47,23,-1,-1,-1
1075,38,463,138,47,23,-1,-1,-1
1076,38,462,138,47,22,-1,-1,-1
1077,38,462,138,48,22,-1,-1,-1
1078,38,462,138,49,22,-1,-1,-1
1079,38,462,138,49,22,-1,-1,-1
1082,40,234,82,23,13,-1,-1,-1
1083,40,232,82,23,13,-1,-1,-1
1084,40,230,81,23,13,-1,-1,-1
1085,40,227,80,23,12,-1,-1,-1
1086,40,224,79,23,12,-1,-1,-1
1087,40,221,78,23,12,-1,-1,-1
1088,40,217,78,24,12,-1,-1,-1
1089,40,214,77,25,12,-1,-1,-1
1090,40,210,76,26,13,-1,-1,-1
1091,40,207,75,27,13,-1,-1,-1
1092,40,203,74,28,13,-1,-1,-1
1093,40,200,73,29,13,-1,-1,-1
1094,40,196,72,30,14,-1,-1,-1
1095,40,193,71,31,14,-1,-1,-1
1096,40,189,70,32,14,-1,-1,-1
1097,40,186,69,33,14,-1,-1,-1
1098,40,182,68,34,15,-1,-1,-1
1099,40,179,67,35,15,-1,-1,-1
1100,40,175,66,36,15,-1,-1,-1
1101,40,171,65,37,15,-1,-1,-1
1102,39,352,99,35,20,-1,-1,-1
1102,40,168,64,38,16,-1,-1,-1
1103,39,344,97,35,19,-1,-1,-1
1103,40,164,63,39,16,-1,-1,-1
1104,39,338,96,35,19,-1,-1,-1
1104,40,161,62,40,16,-1,-1,-1
1105,39,331,95,34,19,-1,-1,-1
1105,40,157,61,41,16,-1,-1,-1
1106,39,323,94,34,18,-1,-1,-1
1106,40,154,60,42,17,-1,-1,-1
1107,39,314,93,34,18,-1,-1,-1
1107,40,150,59,43,17,-1,-1,-1
1108,39,306,91,34,18,-1,-1,-1
1108,40,147,58,44,17,-1,-1,-1
1109,39,297,89,35,18,-1,-1,-1
1109,40,143,57,45,17,-1,-1,-1
1110,39,290,88,34,18,-1,-1,-1
1110,40,140,56,46,18,-1,-1,-1
1111,39,284,86,34,18,-1,-1,-1
1111,40,136,55,47,18,-1,-1,-1
1112,39,278,85,33,17,-1,-1,-1
1112,40,133,54,48,18,-1,-1,-1
1113,39,273,83,32,17,-1,-1,-1
1113,40,130,53,48,18,-1,-1,-1
1114,39,268,83,30,16,-1,-1,-1
1114,40,127,53,49,18,-1,-1,-1
1115,39,264,82,29,16,-1,-1,-1
1115,40,125,52,49,18,-1,-1,-1
1116,39,259,82,28,15,-1,-1,-1
1116,40,123,52,49,18,-1,-1,-1
1117,39,254,81,28,14,-1,-1,-1
1117,40,123,51,49,18,-1,-1,-1
1118,39,248,80,28,14,-1,-1,-1
1118,40,122,51,49,19,-1,-1,-1
1119,39,245,79,28,13,-1,-1,-1
1119,40,121,50,48,19,-1,-1,-1
1120,39,243,79,28,13,-1,-1,-1
1120,40,120,50,48,19,-1,-1,-1
1121,40,119,50,47,19,-1,-1,-1
1122,40,119,50,47,20,-1,-1,-1
1123,40,119,49,46,21,-1,-1,-1
1123,41,222,70,27,16,-1,-1,-1
1124,40,119,49,45,21,-1,-1,-1
1124,41,222,70,26,16,-1,-1,-1
1125,40,119,49,44,21,-1,-1,-1
1125,41,222,70,26,16,-1,-1,-1
1126,40,118,49,45,21,-1,-1,-1
1127,40,118,49,46,20,-1,-1,-1
1128,40,118,49,46,20,-1,-1,-1
1129,40,118,49,46,19,-1,-1,-1
1130,40,118,49,46,19,-1,-1,-1
1131,40,118,49,46,19,-1,-1,-1
1132,40,118,49,46,19,-1,-1,-1
1133,40,118,49,45,19,-1,-1,-1
1134,40,118,50,43,18,-1,-1,-1
1135,40,117,50,42,18,-1,-1,-1
1136,40,116,50,41,18,-1,-1,-1
1137,40,114,50,41,18,-1,-1,-1
1138,40,113,50,41,18,-1,-1,-1
1139,40,112,51,40,17,-1,-1,-1
1140,40,112,51,39,17,-1,-1,-1
1141,40,111,51,38,17,-1,-1,-1
1142,40,110,50,38,17,-1,-1,-1
1143,40,110,50,38,17,-1,-1,-1
1189,42,114,50,44,16,-1,-1,-1
1190,42,113,50,44,16,-1,-1,-1
1191,42,113,50,45,16,-1,-1,-1
1197,43,445,124,50,22,-1,-1,-1
1198,43,434,121,49,22,-1,-1,-1
1199,43,426,119,48,22,-1,-1,-1
1200,43,414,116,49,23,-1,-1,-1
1201,43,402,114,49,23,-1,-1,-1
1202,43,397,113,49,24,-1,-1,-1
1203,43,392,112,49,24,-1,-1,-1
1287,44,326,94,35,18,-1,-1,-1
1288,44,321,94,34,17,-1,-1,-1
1289,44,316,93,33,17,-1,-1,-1
1290,44,311,92,31,16,-1,-1,-1
1291,44,303,91,31,16,-1,-1,-1
1292,44,296,89,30,16,-1,-1,-1
1293,44,290,87,30,16,-1,-1,-1
1294,44,284,85,30,16,-1,-1,-1
1295,44,279,84,29,16,-1,-1,-1
1296,44,274,83,28,15,-1,-1,-1
1297,44,269,82,27,15,-1,-1,-1
1298,44,265,81,26,14,-1,-1,-1
1299,44,260,80,25,14,-1,-1,-1
1300,44,259,79,25,14,-1,-1,-1
1301,44,257,79,24,14,-1,-1,-1
1326,45,106,121,37,30,-1,-1,-1
1327,45,109,124,36,31,-1,-1,-1
1328,45,111,126,36,32,-1,-1,-1
1329,45,114,129,37,34,-1,-1,-1
1330,45,118,133,37,35,-1,-1,-1
1331,45,121,138,39,37,-1,-1,-1
1332,45,126,144,41,38,-1,-1,-1
1333,45,128,147,43,38,-1,-1,-1
1334,45,131,149,43,39,-1,-1,-1
1351,46,99,109,31,25,-1,-1,-1
1352,46,99,110,31,25,-1,-1,-1
1353,46,100,110,31,25,-1,-1,-1
1381,47,95,102,35,36,-1,-1,-1
1382,47,96,103,35,36,-1,-1,-1
1383,47,97,106,36,35,-1,-1,-1
1384,47,98,109,36,35,-1,-1,-1
1385,47,100,112,37,35,-1,-1,-1
1386,47,101,113,37,35,-1,-1,-1
1387,47,102,114,37,35,-1,-1,-1
1393,48,387,85,37,16,-1,-1,-1
1394,48,386,85,35,15,-1,-1,-1
1395,48,385,85,35,15,-1,-1,-1
1396,48,385,85,34,15,-1,-1,-1
1404,49,257,86,25,12,-1,-1,-1
1405,49,253,84,25,12,-1,-1,-1
1406,49,252,84,25,12,-1,-1,-1
1407,49,250,84,25,12,-1,-1,-1
1420,50,96,106,32,24,-1,-1,-1
1421,50,97,106,32,24,-1,-1,-1
1422,50,97,107,32,24,-1,-1,-1
1481,51,101,108,30,25,-1,-1,-1
1482,51,102,111,30,25,-1,-1,-1
1483,51,104,113,30,26,-1,-1,-1
1484,51,106,116,30,25,-1,-1,-1
1485,51,109,120,31,25,-1,-1,-1
1486,51,112,124,31,25,-1,-1,-1
1487,51,115,128,33,26,-1,-1,-1
1488,51,118,132,33,26,-1,-1,-1
1489,51,120,134,34,27,-1,-1,-1
1490,51,121,135,34,26,-1,-1,-1
1493,52,141,153,35,29,-1,-1,-1
1494,52,141,153,35,27,-1,-1,-1
1494,53,112,50,43,17,-1,-1,-1
1495,52,141,153,35,27,-1,-1,-1
1495,53,112,50,43,16,-1,-1,-1
1496,52,141,153,35,27,-1,-1,-1
1496,53,112,50,43,16,-1,-1,-1
1497,53,113,50,42,16,-1,-1,-1
1498,53,113,50,42,16,-1,-1,-1
1498,54,360,367,41,25,-1,-1,-1
1499,53,113,50,42,16,-1,-1,-1
1499,54,362,366,38,24,-1,-1,-1
1500,54,362,366,37,24,-1,-1,-1
1504,55,150,185,32,23,-1,-1,-1
1505,55,150,185,31,23,-1,-1,-1
1506,55,150,185,31,23,-1,-1,-1
1507,55,150,184,31,23,-1,-1,-1
1573,56,374,114,37,18,-1,-1,-1
1574,56,367,112,34,17,-1,-1,-1
1575,56,361,111,33,16,-1,-1,-1
1576,56,351,109,32,15,-1,-1,-1
1577,56,340,106,31,15,-1,-1,-1
1578,56,330,104,31,15,-1,-1,-1
1579,56,320,101,29,15,-1,-1,-1
1580,56,312,100,28,15,-1,-1,-1
1581,56,304,98,28,14,-1,-1,-1
1582,56,297,96,28,14,-1,-1,-1
1583,56,289,94,28,14,-1,-1,-1
1584,56,281,92,28,14,-1,-1,-1
1585,56,273,90,28,14,-1,-1,-1
1586,56,266,88,28,14,-1,-1,-1
1587,56,258,86,28,14,-1,-1,-1
1588,56,251,84,28,14,-1,-1,-1
1589,56,246,83,27,14,-1,-1,-1
1589,57,95,105,34,25,-1,-1,-1
1590,56,244,82,27,14,-1,-1,-1
1590,57,95,106,34,25,-1,-1,-1
1591,56,242,82,26,14,-1,-1,-1
1591,57,95,107,35,25,-1,-1,-1
1592,57,96,107,34,25,-1,-1,-1
1645,58,366,104,39,19,-1,-1,-1
1646,58,358,102,38,19,-1,-1,-1
1647,58,351,100,38,19,-1,-1,-1
1648,58,342,98,37,18,-1,-1,-1
1649,58,333,96,36,18,-1,-1,-1
1650,58,325,94,35,18,-1,-1,-1
1651,58,316,91,34,18,-1,-1,-1
1652,58,307,89,34,18,-1,-1,-1
1653,58,299,87,33,17,-1,-1,-1
1654,58,293,86,32,17,-1,-1,-1
1655,58,286,85,31,17,-1,-1,-1
1656,58,280,84,30,16,-1,-1,-1
1657,58,274,83,29,16,-1,-1,-1
1658,58,270,82,27,15,-1,-1,-1
1659,58,265,81,26,15,-1,-1,-1
1660,58,261,81,25,14,-1,-1,-1
1661,58,256,80,24,13,-1,-1,-1
1662,58,253,79,24,13,-1,-1,-1
1663,58,252,79,23,12,-1,-1,-1
1669,59,148,120,36,25,-1,-1,-1
1670,59,152,122,35,26,-1,-1,-1
1671,59,153,123,34,26,-1,-1,-1
1671,60,94,106,33,24,-1,-1,-1
1672,59,155,124,34,26,-1,-1,-1
1672,60,95,108,33,24,-1,-1,-1
1673,60,96,110,33,24,-1,-1,-1
1674,60,98,112,34,26,-1,-1,-1
1675,60,100,115,35,28,-1,-1,-1
1676,60,102,118,36,30,-1,-1,-1
1677,60,105,121,37,31,-1,-1,-1
1678,60,107,124,39,33,-1,-1,-1
1679,60,108,126,40,35,-1,-1,-1
1680,60,109,127,42,36,-1,-1,-1
1710,61,308,375,33,20,-1,-1,-1
1711,61,308,375,33,20,-1,-1,-1
1712,61,308,375,32,20,-1,-1,-1
1713,61,308,375,32,20,-1,-1,-1
1714,61,308,375,32,20,-1,-1,-1
1715,61,308,375,32,20,-1,-1,-1
1716,61,308,375,32,19,-1,-1,-1
1717,61,308,375,32,19,-1,-1,-1
1718,61,308,375,32,19,-1,-1,-1
1719,61,308,375,32,18,-1,-1,-1
1720,61,308,375,31,18,-1,-1,-1
1721,61,308,375,31,18,-1,-1,-1
1722,61,308,375,31,18,-1,-1,-1
1840,62,93,100,33,25,-1,-1,-1
1841,62,93,101,33,25,-1,-1,-1
1842,62,94,102,33,25,-1,-1,-1
1843,62,95,103,32,25,-1,-1,-1
1844,62,96,104,32,25,-1,-1,-1
1845,62,96,104,32,24,-1,-1,-1
1855,63,135,145,40,42,-1,-1,-1
1856,63,139,148,42,43,-1,-1,-1
1857,63,140,149,44,43,-1,-1,-1
1858,63,142,151,44,44,-1,-1,-1
1902,64,325,96,28,15,-1,-1,-1
1902,65,109,51,34,17,-1,-1,-1
1903,64,323,96,27,15,-1,-1,-1
1903,65,109,51,34,17,-1,-1,-1
1904,64,322,95,27,15,-1,-1,-1
1904,65,110,50,33,17,-1,-1,-1
1905,65,110,50,33,17,-1,-1,-1
1952,66,94,104,31,26,-1,-1,-1
1953,66,94,104,32,26,-1,-1,-1
1954,66,94,104,32,26,-1,-1,-1
