40,1,93,100,33,25,-1,-1,-1
41,1,93,101,33,25,-1,-1,-1
42,1,94,102,33,25,-1,-1,-1
43,1,95,103,32,25,-1,-1,-1
44,1,96,104,32,25,-1,-1,-1
45,1,96,104,32,24,-1,-1,-1
55,2,135,145,40,42,-1,-1,-1
56,2,139,148,42,43,-1,-1,-1
57,2,140,149,44,43,-1,-1,-1
58,2,142,151,44,44,-1,-1,-1
102,3,325,96,28,15,-1,-1,-1
102,4,109,51,34,17,-1,-1,-1
103,3,323,96,27,15,-1,-1,-1
103,4,109,51,34,17,-1,-1,-1
104,3,322,95,27,15,-1,-1,-1
104,4,110,50,33,17,-1,-1,-1
105,4,110,50,33,17,-1,-1,-1
152,5,94,104,31,26,-1,-1,-1
153,5,94,104,32,26,-1,-1,-1
154,5,94,104,32,26,-1,-1,-1
295,6,371,104,39,21,-1,-1,-1
296,6,364,102,39,21,-1,-1,-1
296,7,83,92,32,26,-1,-1,-1
297,6,357,101,38,21,-1,-1,-1
297,7,84,94,31,26,-1,-1,-1
298,6,349,99,38,21,-1,-1,-1
298,7,84,94,31,25,-1,-1,-1
299,6,341,98,37,20,-1,-1,-1
299,7,86,95,30,24,-1,-1,-1
300,6,333,96,36,19,-1,-1,-1
300,7,87,96,30,23,-1,-1,-1
301,6,325,94,35,19,-1,-1,-1
301,7,89,98,29,23,-1,-1,-1
302,6,317,92,34,19,-1,-1,-1
302,7,91,99,29,24,-1,-1,-1
303,6,310,90,32,19,-1,-1,-1
303,7,93,101,30,25,-1,-1,-1
304,6,303,88,31,19,-1,-1,-1
304,7,94,103,31,26,-1,-1,-1
305,6,297,87,30,19,-1,-1,-1
305,7,95,105,32,26,-1,-1,-1
306,6,291,86,29,18,-1,-1,-1
306,7,96,107,33,25,-1,-1,-1
307,6,286,85,27,18,-1,-1,-1
307,7,97,109,34,27,-1,-1,-1
308,6,280,84,26,17,-1,-1,-1
308,7,98,110,35,28,-1,-1,-1
309,6,277,84,25,16,-1,-1,-1
309,7,99,111,35,29,-1,-1,-1
310,6,275,83,25,16,-1,-1,-1
310,8,105,117,38,31,-1,-1,-1
311,8,106,120,38,29,-1,-1,-1
312,8,107,122,40,30,-1,-1,-1
313,8,111,125,40,31,-1,-1,-1
314,8,115,126,40,34,-1,-1,-1
314,9,327,97,28,16,-1,-1,-1
315,8,119,128,40,35,-1,-1,-1
315,9,322,95,27,16,-1,-1,-1
316,8,123,132,42,38,-1,-1,-1
316,9,318,94,27,15,-1,-1,-1
317,8,127,137,43,39,-1,-1,-1
317,9,312,93,27,15,-1,-1,-1
318,8,132,142,42,42,-1,-1,-1
318,9,305,91,27,15,-1,-1,-1
319,8,137,147,42,43,-1,-1,-1
319,9,299,90,28,15,-1,-1,-1
320,8,140,150,42,43,-1,-1,-1
320,9,292,88,28,15,-1,-1,-1
321,8,141,152,43,43,-1,-1,-1
321,9,285,87,28,15,-1,-1,-1
322,9,278,85,29,15,-1,-1,-1
323,9,271,84,29,15,-1,-1,-1
324,9,265,82,29,14,-1,-1,-1
325,9,260,82,28,14,-1,-1,-1
326,9,258,82,28,14,-1,-1,-1
327,9,256,82,28,14,-1,-1,-1
385,10,97,105,37,35,-1,-1,-1
386,10,98,107,37,36,-1,-1,-1
387,10,99,109,38,36,-1,-1,-1
388,10,100,111,39,37,-1,-1,-1
389,10,100,111,40,38,-1,-1,-1
422,11,100,46,39,22,-1,-1,-1
423,11,100,45,38,22,-1,-1,-1
424,11,100,45,38,23,-1,-1,-1
425,11,100,45,38,24,-1,-1,-1
426,11,100,45,38,24,-1,-1,-1
427,11,100,45,38,24,-1,-1,-1
428,11,100,45,37,24,-1,-1,-1
429,11,100,45,37,23,-1,-1,-1
430,11,100,45,37,23,-1,-1,-1
431,11,100,45,36,23,-1,-1,-1
432,11,100,45,36,23,-1,-1,-1
668,12,538,106,36,26,-1,-1,-1
669,12,536,106,36,26,-1,-1,-1
670,12,535,106,36,26,-1,-1,-1
685,13,118,125,29,21,-1,-1,-1
686,13,118,125,29,21,-1,-1,-1
687,13,118,125,29,21,-1,-1,-1
749,14,333,95,43,21,-1,-1,-1
750,14,330,95,44,21,-1,-1,-1
751,14,326,95,47,20,-1,-1,-1
752,14,320,94,50,21,-1,-1,-1
753,14,317,94,53,21,-1,-1,-1
754,14,315,93,54,21,-1,-1,-1
758,15,259,79,35,18,-1,-1,-1
759,15,257,79,34,17,-1,-1,-1
760,15,256,79,33,17,-1,-1,-1
761,15,255,79,33,16,-1,-1,-1
766,16,306,92,41,21,-1,-1,-1
767,16,302,91,39,20,-1,-1,-1
768,16,299,90,37,20,-1,-1,-1
769,16,295,88,35,20,-1,-1,-1
770,16,290,86,34,20,-1,-1,-1
771,16,285,84,33,19,-1,-1,-1
772,16,279,83,32,18,-1,-1,-1
773,16,273,82,31,18,-1,-1,-1
774,16,267,82,30,17,-1,-1,-1
775,16,262,81,29,16,-1,-1,-1
776,16,258,80,28,16,-1,-1,-1
777,16,255,80,28,16,-1,-1,-1
778,16,254,80,28,16,-1,-1,-1
783,17,293,96,33,16,-1,-1,-1
784,17,288,95,33,16,-1,-1,-1
785,17,284,94,33,17,-1,-1,-1
786,17,281,93,33,17,-1,-1,-1
787,17,279,92,32,17,-1,-1,-1
848,18,95,101,33,31,-1,-1,-1
849,18,95,102,35,33,-1,-1,-1
850,18,96,102,36,34,-1,-1,-1
851,18,96,103,36,35,-1,-1,-1
854,19,106,44,42,25,-1,-1,-1
855,19,105,44,43,25,-1,-1,-1
856,19,105,44,43,25,-1,-1,-1
857,19,104,44,43,25,-1,-1,-1
858,19,103,44,43,24,-1,-1,-1
859,19,103,44,43,24,-1,-1,-1
860,19,103,45,43,24,-1,-1,-1
861,19,102,45,42,24,-1,-1,-1
862,19,102,45,41,24,-1,-1,-1
863,19,102,45,41,24,-1,-1,-1
864,19,102,45,40,24,-1,-1,-1
989,20,93,107,34,34,-1,-1,-1
990,20,94,109,34,33,-1,-1,-1
991,20,95,110,34,33,-1,-1,-1
992,20,97,112,35,35,-1,-1,-1
993,20,97,112,36,35,-1,-1,-1
994,20,98,113,36,35,-1,-1,-1
1054,22,130,51,39,23,-1,-1,-1
1055,22,129,51,40,23,-1,-1,-1
1056,22,128,51,40,23,-1,-1,-1
1057,22,127,51,41,23,-1,-1,-1
1058,22,125,51,41,23,-1,-1,-1
1059,22,124,51,41,23,-1,-1,-1
1060,22,123,51,40,23,-1,-1,-1
1061,22,122,50,40,23,-1,-1,-1
1062,22,121,49,39,23,-1,-1,-1
1063,22,120,49,39,23,-1,-1,-1
1064,22,119,49,39,23,-1,-1,-1
1065,22,118,48,39,23,-1,-1,-1
1066,22,117,48,39,24,-1,-1,-1
1067,22,116,48,38,24,-1,-1,-1
1068,22,116,47,37,25,-1,-1,-1
1069,22,116,47,37,25,-1,-1,-1
1070,22,115,47,36,25,-1,-1,-1
1071,22,114,47,36,25,-1,-1,-1
1072,22,113,47,36,24,-1,-1,-1
1073,22,112,47,36,24,-1,-1,-1
1074,22,111,47,36,24,-1,-1,-1
1075,21,194,39,34,36,-1,-1,-1
1075,22,109,47,37,24,-1,-1,-1
1076,21,194,38,34,36,-1,-1,-1
1076,22,108,46,37,24,-1,-1,-1
1077,21,193,38,34,37,-1,-1,-1
1077,22,107,46,37,24,-1,-1,-1
1078,22,106,46,37,24,-1,-1,-1
1079,22,105,46,37,24,-1,-1,-1
1080,22,104,46,37,24,-1,-1,-1
1081,22,103,46,37,24,-1,-1,-1
1082,22,102,46,37,24,-1,-1,-1
1083,22,102,45,37,24,-1,-1,-1
1084,22,101,45,37,24,-1,-1,-1
1085,22,100,45,37,24,-1,-1,-1
1086,22,99,45,37,24,-1,-1,-1
1087,22,98,45,37,24,-1,-1,-1
1088,22,97,45,37,24,-1,-1,-1
1089,22,96,45,37,24,-1,-1,-1
1090,22,95,45,37,23,-1,-1,-1
1091,22,95,45,37,23,-1,-1,-1
1092,22,95,45,37,23,-1,-1,-1
1093,22,95,45,37,23,-1,-1,-1
1094,22,95,45,37,23,-1,-1,-1
1197,23,112,48,45,21,-1,-1,-1
1198,23,111,48,45,21,-1,-1,-1
1199,23,110,48,44,21,-1,-1,-1
1200,23,109,48,43,21,-1,-1,-1
1201,23,109,48,42,21,-1,-1,-1
1202,23,108,48,42,22,-1,-1,-1
1203,23,107,48,41,22,-1,-1,-1
1204,23,107,48,41,22,-1,-1,-1
1205,23,107,48,41,22,-1,-1,-1
1256,24,121,50,39,20,-1,-1,-1
1257,24,120,49,39,20,-1,-1,-1
1258,24,120,49,39,20,-1,-1,-1
1259,24,119,49,39,20,-1,-1,-1
1260,24,118,49,38,20,-1,-1,-1
1261,24,117,49,38,20,-1,-1,-1
1262,24,116,48,38,21,-1,-1,-1
1263,24,115,48,38,21,-1,-1,-1
1264,24,114,47,39,22,-1,-1,-1
1265,24,113,47,39,22,-1,-1,-1
1266,24,112,47,39,22,-1,-1,-1
1267,24,111,47,39,22,-1,-1,-1
1335,25,282,81,30,19,-1,-1,-1
1336,25,278,80,30,19,-1,-1,-1
1337,25,274,80,30,19,-1,-1,-1
1338,25,271,80,30,19,-1,-1,-1
1339,25,270,80,30,19,-1,-1,-1
1401,26,110,49,42,22,-1,-1,-1
1402,26,110,49,42,22,-1,-1,-1
1403,26,111,49,42,22,-1,-1,-1
1404,26,110,49,42,22,-1,-1,-1
1416,27,615,159,49,25,-1,-1,-1
1417,27,614,159,49,25,-1,-1,-1
1418,27,614,159,49,25,-1,-1,-1
1419,27,614,159,50,25,-1,-1,-1
1438,28,372,101,29,17,-1,-1,-1
1439,28,372,100,29,17,-1,-1,-1
1440,28,372,100,29,17,-1,-1,-1
1441,28,373,99,29,17,-1,-1,-1
1444,29,602,157,42,19,-1,-1,-1
1445,29,603,157,41,19,-1,-1,-1
1446,29,604,158,40,19,-1,-1,-1
1447,29,604,158,40,19,-1,-1,-1
1447,30,460,138,52,27,-1,-1,-1
1448,29,604,158,40,19,-1,-1,-1
1448,30,455,137,50,27,-1,-1,-1
1449,29,605,158,40,19,-1,-1,-1
1449,30,452,136,50,28,-1,-1,-1
1457,32,336,107,36,19,-1,-1,-1
1458,32,330,106,34,17,-1,-1,-1
1459,32,325,105,33,16,-1,-1,-1
1460,32,318,103,32,16,-1,-1,-1
1461,31,265,83,29,16,-1,-1,-1
1461,32,311,101,31,16,-1,-1,-1
1462,31,264,83,30,17,-1,-1,-1
1462,32,306,99,31,16,-1,-1,-1
1463,31,263,83,31,17,-1,-1,-1
1463,32,302,98,31,16,-1,-1,-1
1464,31,263,83,31,17,-1,-1,-1
1464,32,301,97,31,16,-1,-1,-1
1465,31,263,83,31,17,-1,-1,-1
1465,32,300,97,31,16,-1,-1,-1
1466,31,263,83,31,17,-1,-1,-1
1466,32,299,97,31,16,-1,-1,-1
1467,31,263,83,31,17,-1,-1,-1
1467,32,299,97,31,16,-1,-1,-1
1468,31,263,83,31,17,-1,-1,-1
1468,32,299,97,31,16,-1,-1,-1
1469,31,263,83,31,17,-1,-1,-1
1469,32,299,97,31,17,-1,-1,-1
1470,31,263,83,31,17,-1,-1,-1
1470,32,299,97,31,17,-1,-1,-1
1471,31,263,83,31,17,-1,-1,-1
1471,32,299,97,31,17,-1,-1,-1
1472,31,263,83,31,17,-1,-1,-1
1472,32,299,97,31,17,-1,-1,-1
1473,31,263,83,31,17,-1,-1,-1
1473,32,299,97,31,17,-1,-1,-1
1474,31,263,83,31,17,-1,-1,-1
1474,32,299,97,31,17,-1,-1,-1
1475,31,263,83,31,17,-1,-1,-1
1475,32,299,97,31,17,-1,-1,-1
1476,31,263,83,31,17,-1,-1,-1
1476,32,299,97,31,17,-1,-1,-1
1477,31,263,83,31,17,-1,-1,-1
1477,32,299,97,31,17,-1,-1,-1
1478,31,263,83,31,17,-1,-1,-1
1478,32,299,97,31,17,-1,-1,-1
1479,31,263,83,31,17,-1,-1,-1
1479,32,299,97,31,17,-1,-1,-1
1480,31,263,83,31,17,-1,-1,-1
1480,32,299,97,31,17,-1,-1,-1
1481,31,263,83,31,17,-1,-1,-1
1481,32,299,97,31,17,-1,-1,-1
1482,31,263,83,31,17,-1,-1,-1
1482,32,299,97,31,17,-1,-1,-1
1483,31,263,83,31,17,-1,-1,-1
1483,32,299,97,31,17,-1,-1,-1
1489,33,342,96,29,18,-1,-1,-1
1490,33,335,95,29,17,-1,-1,-1
1491,33,330,94,28,17,-1,-1,-1
1492,33,324,94,28,16,-1,-1,-1
1493,33,317,93,28,16,-1,-1,-1
1494,33,309,91,28,15,-1,-1,-1
1495,33,300,89,29,15,-1,-1,-1
1496,33,291,86,29,15,-1,-1,-1
1497,33,281,84,30,15,-1,-1,-1
1498,33,272,81,31,16,-1,-1,-1
1499,33,262,78,32,16,-1,-1,-1
1500,33,252,75,33,16,-1,-1,-1
1501,33,244,73,33,16,-1,-1,-1
1502,33,238,71,33,16,-1,-1,-1
1503,33,233,69,33,16,-1,-1,-1
1504,33,232,69,32,16,-1,-1,-1
1505,33,230,69,32,16,-1,-1,-1
1539,34,335,94,40,20,-1,-1,-1
1540,34,330,93,38,20,-1,-1,-1
1541,34,328,93,37,20,-1,-1,-1
1542,34,327,92,36,19,-1,-1,-1
1546,36,279,82,38,19,-1,-1,-1
1547,36,275,81,37,18,-1,-1,-1
1548,36,272,81,36,18,-1,-1,-1
1549,36,267,81,34,17,-1,-1,-1
1550,35,125,107,35,25,-1,-1,-1
1550,36,263,80,33,16,-1,-1,-1
1551,35,127,108,36,25,-1,-1,-1
1551,36,259,80,32,16,-1,-1,-1
1552,35,129,110,36,25,-1,-1,-1
1552,36,255,79,31,15,-1,-1,-1
1553,35,131,112,37,25,-1,-1,-1
1553,36,252,79,30,14,-1,-1,-1
1554,35,133,113,37,25,-1,-1,-1
1554,36,247,78,29,14,-1,-1,-1
1555,36,245,78,28,13,-1,-1,-1
1556,36,244,78,28,13,-1,-1,-1
1561,37,543,104,39,30,-1,-1,-1
1562,37,540,104,39,30,-1,-1,-1
1562,38,108,122,37,27,-1,-1,-1
1563,37,540,103,38,30,-1,-1,-1
1563,38,110,124,37,28,-1,-1,-1
1564,38,113,127,37,28,-1,-1,-1
1565,38,116,131,37,28,-1,-1,-1
1566,38,120,135,36,26,-1,-1,-1
1567,38,122,137,36,25,-1,-1,-1
1568,38,123,138,36,25,-1,-1,-1
1609,39,120,49,47,21,-1,-1,-1
1610,39,119,48,46,22,-1,-1,-1
1611,39,118,48,46,22,-1,-1,-1
1612,39,117,48,46,22,-1,-1,-1
1613,39,117,48,47,22,-1,-1,-1
1614,39,116,48,46,23,-1,-1,-1
1615,39,116,48,46,23,-1,-1,-1
1616,39,116,48,45,23,-1,-1,-1
1617,39,116,48,45,23,-1,-1,-1
1624,40,105,42,51,30,-1,-1,-1
1625,40,104,42,51,30,-1,-1,-1
1626,40,104,42,50,30,-1,-1,-1
1627,40,103,42,50,30,-1,-1,-1
1628,40,103,42,49,30,-1,-1,-1
1629,40,103,43,48,29,-1,-1,-1
1630,40,103,43,46,28,-1,-1,-1
1631,40,103,44,45,26,-1,-1,-1
1632,40,103,44,43,25,-1,-1,-1
1633,40,104,44,41,25,-1,-1,-1
1634,40,104,45,40,25,-1,-1,-1
1635,40,104,45,38,24,-1,-1,-1
1636,40,104,45,37,24,-1,-1,-1
1637,40,103,45,35,23,-1,-1,-1
1638,40,102,45,35,23,-1,-1,-1
1639,40,101,45,36,23,-1,-1,-1
1640,40,99,46,37,23,-1,-1,-1
1641,40,97,46,38,23,-1,-1,-1
1642,40,96,46,39,22,-1,-1,-1
1643,40,95,46,39,22,-1,-1,-1
1644,40,95,46,40,22,-1,-1,-1
1678,41,281,82,29,18,-1,-1,-1
1679,41,278,81,29,18,-1,-1,-1
1680,41,277,81,29,18,-1,-1,-1
