2,1,386,116,21,14,-1,-1,-1
3,1,382,116,22,14,-1,-1,-1
4,1,379,116,21,14,-1,-1,-1
5,1,375,117,21,14,-1,-1,-1
6,1,373,117,21,14,-1,-1,-1
7,1,371,118,21,13,-1,-1,-1
9,2,350,121,20,13,-1,-1,-1
10,2,346,122,20,13,-1,-1,-1
11,2,341,123,20,13,-1,-1,-1
12,2,336,124,21,13,-1,-1,-1
13,2,329,125,21,13,-1,-1,-1
14,2,322,126,21,13,-1,-1,-1
15,2,315,127,22,14,-1,-1,-1
16,2,312,128,22,14,-1,-1,-1
17,2,310,128,22,14,-1,-1,-1
20,4,463,154,20,15,-1,-1,-1
21,4,468,152,20,15,-1,-1,-1
22,3,252,134,24,16,-1,-1,-1
22,4,472,150,19,15,-1,-1,-1
23,3,249,135,24,16,-1,-1,-1
23,4,477,148,19,15,-1,-1,-1
24,3,248,135,24,16,-1,-1,-1
24,4,482,146,19,15,-1,-1,-1
25,4,488,144,19,15,-1,-1,-1
26,4,493,142,19,15,-1,-1,-1
27,4,498,141,18,15,-1,-1,-1
28,4,503,139,18,14,-1,-1,-1
29,4,508,138,17,14,-1,-1,-1
30,4,512,136,17,14,-1,-1,-1
31,4,517,134,17,14,-1,-1,-1
32,4,521,133,17,14,-1,-1,-1
33,4,525,131,17,14,-1,-1,-1
34,4,528,130,17,14,-1,-1,-1
35,4,531,128,17,13,-1,-1,-1
36,4,534,128,17,13,-1,-1,-1
37,4,538,127,17,13,-1,-1,-1
38,4,541,126,17,13,-1,-1,-1
39,4,545,125,17,13,-1,-1,-1
40,4,548,124,17,13,-1,-1,-1
41,4,551,124,16,13,-1,-1,-1
42,4,552,123,16,13,-1,-1,-1
43,4,553,123,16,13,-1,-1,-1
53,5,581,115,14,11,-1,-1,-1
54,5,582,114,15,11,-1,-1,-1
55,5,583,114,15,11,-1,-1,-1
56,5,584,113,15,11,-1,-1,-1
57,5,585,112,15,11,-1,-1,-1
58,5,586,112,15,11,-1,-1,-1
59,5,587,112,15,11,-1,-1,-1
107,38,709,348,78,56,-1,-1,-1
108,38,702,345,78,57,-1,-1,-1
109,38,696,343,77,58,-1,-1,-1
110,38,686,339,79,62,-1,-1,-1
111,38,675,335,82,66,-1,-1,-1
112,38,661,332,89,69,-1,-1,-1
113,38,648,331,95,68,-1,-1,-1
114,38,637,330,102,67,-1,-1,-1
115,38,626,329,106,67,-1,-1,-1
116,38,615,328,109,67,-1,-1,-1
117,38,603,326,111,67,-1,-1,-1
118,38,592,325,112,68,-1,-1,-1
119,38,580,323,113,68,-1,-1,-1
120,38,569,322,115,69,-1,-1,-1
121,38,558,320,115,70,-1,-1,-1
122,38,550,318,113,71,-1,-1,-1
123,38,542,318,112,71,-1,-1,-1
124,38,535,317,110,71,-1,-1,-1
125,6,451,108,16,12,-1,-1,-1
125,38,526,317,109,72,-1,-1,-1
126,6,450,108,17,12,-1,-1,-1
126,38,521,315,108,75,-1,-1,-1
127,6,449,108,17,12,-1,-1,-1
127,38,517,313,109,76,-1,-1,-1
128,38,510,314,109,76,-1,-1,-1
129,38,503,314,111,75,-1,-1,-1
130,38,496,314,111,76,-1,-1,-1
131,7,428,111,18,12,-1,-1,-1
131,38,492,313,111,76,-1,-1,-1
132,7,425,111,18,12,-1,-1,-1
132,38,488,311,109,77,-1,-1,-1
133,7,422,111,18,12,-1,-1,-1
133,38,485,310,106,78,-1,-1,-1
134,7,417,112,18,12,-1,-1,-1
134,38,482,308,104,78,-1,-1,-1
135,7,413,113,18,12,-1,-1,-1
135,38,480,307,103,78,-1,-1,-1
136,7,408,113,18,12,-1,-1,-1
136,38,475,308,103,77,-1,-1,-1
137,7,403,114,18,12,-1,-1,-1
137,38,469,308,104,76,-1,-1,-1
138,7,398,115,18,12,-1,-1,-1
138,38,463,308,105,75,-1,-1,-1
139,7,393,115,19,12,-1,-1,-1
139,38,459,308,105,74,-1,-1,-1
140,7,390,116,19,12,-1,-1,-1
140,38,454,308,104,74,-1,-1,-1
141,7,388,116,19,12,-1,-1,-1
141,38,449,307,103,74,-1,-1,-1
142,38,445,306,101,75,-1,-1,-1
143,8,364,120,20,14,-1,-1,-1
143,38,441,305,100,75,-1,-1,-1
144,8,359,121,20,13,-1,-1,-1
144,38,437,304,98,76,-1,-1,-1
145,8,357,121,20,13,-1,-1,-1
145,38,434,304,98,75,-1,-1,-1
146,8,356,121,20,13,-1,-1,-1
146,38,431,304,98,74,-1,-1,-1
147,38,428,305,98,72,-1,-1,-1
148,38,423,306,95,69,-1,-1,-1
149,38,418,306,92,66,-1,-1,-1
150,38,414,305,89,66,-1,-1,-1
151,38,411,304,89,69,-1,-1,-1
152,38,408,302,90,73,-1,-1,-1
153,38,406,301,90,74,-1,-1,-1
154,38,404,300,91,75,-1,-1,-1
155,38,402,299,91,75,-1,-1,-1
156,38,400,299,92,76,-1,-1,-1
157,38,399,298,92,76,-1,-1,-1
158,38,397,298,92,75,-1,-1,-1
159,38,395,297,93,75,-1,-1,-1
160,38,394,297,93,75,-1,-1,-1
161,38,392,296,93,75,-1,-1,-1
162,38,391,296,93,75,-1,-1,-1
163,38,389,295,94,75,-1,-1,-1
164,38,387,295,94,75,-1,-1,-1
165,38,386,294,94,75,-1,-1,-1
166,38,384,294,95,74,-1,-1,-1
167,9,595,377,17,13,-1,-1,-1
167,38,383,293,95,74,-1,-1,-1
168,9,594,377,17,13,-1,-1,-1
168,38,381,293,95,74,-1,-1,-1
169,9,594,377,17,13,-1,-1,-1
169,38,379,292,96,74,-1,-1,-1
170,38,378,292,96,74,-1,-1,-1
171,38,376,291,96,74,-1,-1,-1
172,38,375,291,96,74,-1,-1,-1
173,38,373,290,97,73,-1,-1,-1
174,38,371,290,97,73,-1,-1,-1
175,38,370,289,97,73,-1,-1,-1
176,38,368,289,98,73,-1,-1,-1
177,38,367,288,98,73,-1,-1,-1
178,38,364,290,98,72,-1,-1,-1
179,38,362,290,98,72,-1,-1,-1
180,38,361,290,97,72,-1,-1,-1
181,38,360,288,98,73,-1,-1,-1
182,10,507,102,15,11,-1,-1,-1
182,38,359,288,98,73,-1,-1,-1
183,10,505,101,15,11,-1,-1,-1
183,38,357,288,100,73,-1,-1,-1
184,10,504,101,15,11,-1,-1,-1
184,38,357,287,100,73,-1,-1,-1
185,10,503,101,15,11,-1,-1,-1
185,38,356,287,101,74,-1,-1,-1
186,10,502,101,15,11,-1,-1,-1
186,38,356,286,101,75,-1,-1,-1
187,38,355,286,101,75,-1,-1,-1
188,38,353,285,101,77,-1,-1,-1
189,11,491,103,15,11,-1,-1,-1
189,38,350,284,101,78,-1,-1,-1
190,11,488,103,15,11,-1,-1,-1
190,38,346,283,102,80,-1,-1,-1
191,11,486,103,16,11,-1,-1,-1
191,38,345,283,101,81,-1,-1,-1
192,11,484,104,16,12,-1,-1,-1
192,38,345,282,100,82,-1,-1,-1
193,11,481,104,17,12,-1,-1,-1
193,38,345,282,100,83,-1,-1,-1
194,11,478,104,17,11,-1,-1,-1
194,12,420,152,27,21,-1,-1,-1
194,38,345,281,100,83,-1,-1,-1
195,11,476,105,17,11,-1,-1,-1
195,12,427,150,26,20,-1,-1,-1
195,38,345,282,99,82,-1,-1,-1
196,11,475,106,17,11,-1,-1,-1
196,12,431,149,25,20,-1,-1,-1
196,38,345,282,99,82,-1,-1,-1
197,11,473,106,17,11,-1,-1,-1
197,12,437,147,25,19,-1,-1,-1
197,38,347,282,98,82,-1,-1,-1
198,12,442,146,25,18,-1,-1,-1
198,15,496,101,16,10,-1,-1,-1
198,38,349,282,99,83,-1,-1,-1
199,12,448,145,24,18,-1,-1,-1
199,15,495,101,16,10,-1,-1,-1
199,38,352,281,100,83,-1,-1,-1
200,12,454,143,24,17,-1,-1,-1
200,15,494,102,16,10,-1,-1,-1
200,38,351,281,100,83,-1,-1,-1
201,12,460,142,23,16,-1,-1,-1
201,15,492,102,16,10,-1,-1,-1
201,38,349,281,100,83,-1,-1,-1
202,12,465,141,22,16,-1,-1,-1
202,14,451,111,17,12,-1,-1,-1
202,15,490,103,16,10,-1,-1,-1
202,38,347,281,99,83,-1,-1,-1
203,12,468,140,22,15,-1,-1,-1
203,14,448,112,17,12,-1,-1,-1
203,15,488,103,16,10,-1,-1,-1
203,38,346,281,99,83,-1,-1,-1
204,12,470,140,21,15,-1,-1,-1
204,14,446,112,17,12,-1,-1,-1
204,15,485,103,16,10,-1,-1,-1
204,38,345,281,99,83,-1,-1,-1
205,14,443,112,17,12,-1,-1,-1
205,15,483,104,16,10,-1,-1,-1
205,38,344,281,99,83,-1,-1,-1
206,14,439,113,17,13,-1,-1,-1
206,15,480,104,16,10,-1,-1,-1
206,38,344,280,100,84,-1,-1,-1
207,14,435,113,18,13,-1,-1,-1
207,15,478,104,16,10,-1,-1,-1
207,38,344,280,100,84,-1,-1,-1
208,14,431,113,18,14,-1,-1,-1
208,15,475,104,15,11,-1,-1,-1
208,38,346,280,101,84,-1,-1,-1
209,13,505,128,19,15,-1,-1,-1
209,14,427,114,18,14,-1,-1,-1
209,15,473,105,15,11,-1,-1,-1
209,38,349,280,101,83,-1,-1,-1
210,13,507,127,18,14,-1,-1,-1
210,14,422,114,18,14,-1,-1,-1
210,15,470,105,15,11,-1,-1,-1
210,38,352,280,101,82,-1,-1,-1
211,13,509,127,18,14,-1,-1,-1
211,14,417,115,18,14,-1,-1,-1
211,15,467,106,15,11,-1,-1,-1
211,38,353,280,101,82,-1,-1,-1
212,13,512,126,18,14,-1,-1,-1
212,14,412,115,19,14,-1,-1,-1
212,15,464,106,15,11,-1,-1,-1
212,38,353,280,102,81,-1,-1,-1
213,13,515,126,18,14,-1,-1,-1
213,14,407,116,18,14,-1,-1,-1
213,15,462,107,15,10,-1,-1,-1
213,38,354,280,102,81,-1,-1,-1
214,13,518,125,19,14,-1,-1,-1
214,14,402,117,18,14,-1,-1,-1
214,15,458,108,16,10,-1,-1,-1
214,38,353,280,102,81,-1,-1,-1
215,13,520,125,19,14,-1,-1,-1
215,14,397,117,18,14,-1,-1,-1
215,15,455,108,16,10,-1,-1,-1
215,38,354,281,102,81,-1,-1,-1
216,13,521,124,20,14,-1,-1,-1
216,14,391,118,19,14,-1,-1,-1
216,15,452,108,17,10,-1,-1,-1
216,38,352,281,102,81,-1,-1,-1
217,14,384,118,19,14,-1,-1,-1
217,15,449,108,17,11,-1,-1,-1
217,38,350,281,101,82,-1,-1,-1
218,14,378,119,20,14,-1,-1,-1
218,15,445,109,17,11,-1,-1,-1
218,38,347,280,101,82,-1,-1,-1
219,14,372,120,20,14,-1,-1,-1
219,15,442,109,17,11,-1,-1,-1
219,38,346,280,101,82,-1,-1,-1
220,14,366,122,20,14,-1,-1,-1
220,15,439,110,18,11,-1,-1,-1
220,38,345,280,101,82,-1,-1,-1
221,14,358,123,21,14,-1,-1,-1
221,15,436,110,18,12,-1,-1,-1
221,38,346,281,102,81,-1,-1,-1
222,14,351,125,21,14,-1,-1,-1
222,15,432,110,18,12,-1,-1,-1
222,38,346,281,102,81,-1,-1,-1
223,14,344,126,21,14,-1,-1,-1
223,15,429,111,18,12,-1,-1,-1
223,38,349,281,103,80,-1,-1,-1
224,14,337,127,21,14,-1,-1,-1
224,15,424,111,18,12,-1,-1,-1
224,38,347,281,102,80,-1,-1,-1
225,14,333,127,21,14,-1,-1,-1
225,15,420,112,18,12,-1,-1,-1
225,38,348,281,102,80,-1,-1,-1
226,14,331,128,21,14,-1,-1,-1
226,15,415,113,18,12,-1,-1,-1
226,38,348,281,101,81,-1,-1,-1
227,15,411,113,18,12,-1,-1,-1
227,38,348,281,100,81,-1,-1,-1
228,15,407,114,19,12,-1,-1,-1
228,38,348,281,100,81,-1,-1,-1
229,15,402,114,19,12,-1,-1,-1
229,38,346,281,100,81,-1,-1,-1
230,15,397,115,19,12,-1,-1,-1
230,38,345,281,100,81,-1,-1,-1
231,15,392,115,20,13,-1,-1,-1
231,38,344,280,101,82,-1,-1,-1
232,15,387,116,20,13,-1,-1,-1
232,38,343,280,102,83,-1,-1,-1
233,15,381,116,21,13,-1,-1,-1
233,38,343,280,102,83,-1,-1,-1
234,15,377,117,21,13,-1,-1,-1
234,38,345,280,103,83,-1,-1,-1
235,15,372,118,21,13,-1,-1,-1
235,16,550,97,15,11,-1,-1,-1
235,38,348,280,103,82,-1,-1,-1
236,15,369,118,22,13,-1,-1,-1
236,16,550,97,15,11,-1,-1,-1
236,38,348,280,104,82,-1,-1,-1
237,15,367,118,22,13,-1,-1,-1
237,16,549,97,15,11,-1,-1,-1
237,38,349,280,104,82,-1,-1,-1
238,16,549,97,15,11,-1,-1,-1
238,38,349,280,103,82,-1,-1,-1
239,38,352,280,103,82,-1,-1,-1
240,38,353,281,102,82,-1,-1,-1
241,38,354,281,102,81,-1,-1,-1
242,38,354,281,102,81,-1,-1,-1
243,17,314,128,22,14,-1,-1,-1
243,38,354,281,103,81,-1,-1,-1
244,17,308,128,23,14,-1,-1,-1
244,38,354,281,103,81,-1,-1,-1
245,17,303,128,23,15,-1,-1,-1
245,18,536,97,17,11,-1,-1,-1
245,19,495,103,16,11,-1,-1,-1
245,38,354,281,104,81,-1,-1,-1
246,17,297,129,23,15,-1,-1,-1
246,18,535,97,17,11,-1,-1,-1
246,19,493,103,16,11,-1,-1,-1
246,38,354,281,104,81,-1,-1,-1
247,17,289,130,23,15,-1,-1,-1
247,18,535,97,17,11,-1,-1,-1
247,19,491,103,16,11,-1,-1,-1
247,38,354,281,104,81,-1,-1,-1
248,17,282,131,23,15,-1,-1,-1
248,19,488,103,16,12,-1,-1,-1
248,38,354,280,104,81,-1,-1,-1
249,17,279,131,23,15,-1,-1,-1
249,19,486,103,16,12,-1,-1,-1
249,38,354,280,103,82,-1,-1,-1
250,17,276,132,23,15,-1,-1,-1
250,19,483,104,16,12,-1,-1,-1
250,38,353,280,101,82,-1,-1,-1
251,19,480,104,16,12,-1,-1,-1
251,20,528,99,15,11,-1,-1,-1
251,38,351,280,100,82,-1,-1,-1
252,19,479,104,16,12,-1,-1,-1
252,20,526,99,15,11,-1,-1,-1
252,38,350,280,99,82,-1,-1,-1
253,19,478,104,16,12,-1,-1,-1
253,20,525,99,15,11,-1,-1,-1
253,38,352,280,98,83,-1,-1,-1
254,20,523,99,16,11,-1,-1,-1
254,38,352,280,98,83,-1,-1,-1
255,20,521,99,17,11,-1,-1,-1
255,38,350,280,98,83,-1,-1,-1
256,20,519,99,17,11,-1,-1,-1
256,21,459,108,17,12,-1,-1,-1
256,38,348,280,98,83,-1,-1,-1
257,20,517,99,18,11,-1,-1,-1
257,21,456,108,17,12,-1,-1,-1
257,38,349,279,97,83,-1,-1,-1
258,20,514,99,18,11,-1,-1,-1
258,21,454,108,17,13,-1,-1,-1
258,38,351,279,97,84,-1,-1,-1
259,20,512,99,19,11,-1,-1,-1
259,21,450,109,17,13,-1,-1,-1
259,38,354,278,97,85,-1,-1,-1
260,20,510,99,19,11,-1,-1,-1
260,21,446,109,18,13,-1,-1,-1
260,38,354,278,98,85,-1,-1,-1
261,20,508,99,19,12,-1,-1,-1
261,21,442,109,18,14,-1,-1,-1
261,38,353,278,98,85,-1,-1,-1
262,20,506,100,19,12,-1,-1,-1
262,21,438,110,19,14,-1,-1,-1
262,38,351,279,98,84,-1,-1,-1
263,20,503,101,18,12,-1,-1,-1
263,21,433,111,19,14,-1,-1,-1
263,38,349,279,98,83,-1,-1,-1
264,20,500,101,17,12,-1,-1,-1
264,21,428,112,19,14,-1,-1,-1
264,38,348,279,97,83,-1,-1,-1
265,20,498,102,17,11,-1,-1,-1
265,21,423,113,19,14,-1,-1,-1
265,38,347,279,97,83,-1,-1,-1
266,20,496,102,17,11,-1,-1,-1
266,21,418,113,19,14,-1,-1,-1
266,38,347,279,97,83,-1,-1,-1
267,20,494,102,17,11,-1,-1,-1
267,21,412,114,19,14,-1,-1,-1
267,38,346,280,97,83,-1,-1,-1
268,20,493,102,17,11,-1,-1,-1
268,21,408,114,19,14,-1,-1,-1
268,38,348,280,99,82,-1,-1,-1
269,20,492,102,17,11,-1,-1,-1
269,21,403,115,19,14,-1,-1,-1
269,38,348,280,100,82,-1,-1,-1
270,21,397,116,19,14,-1,-1,-1
270,38,348,280,101,82,-1,-1,-1
271,21,392,117,19,14,-1,-1,-1
271,38,345,280,101,83,-1,-1,-1
272,21,385,117,19,14,-1,-1,-1
272,38,345,280,101,83,-1,-1,-1
273,21,379,119,19,14,-1,-1,-1
273,38,346,279,102,83,-1,-1,-1
274,21,375,119,20,14,-1,-1,-1
274,38,347,279,101,84,-1,-1,-1
275,21,373,120,20,14,-1,-1,-1
275,22,464,108,14,12,-1,-1,-1
275,38,348,279,101,84,-1,-1,-1
276,22,462,108,14,12,-1,-1,-1
276,23,478,103,14,11,-1,-1,-1
276,38,346,279,101,84,-1,-1,-1
277,22,460,108,14,12,-1,-1,-1
277,23,476,103,14,11,-1,-1,-1
277,38,345,279,101,85,-1,-1,-1
278,22,456,109,15,12,-1,-1,-1
278,23,475,103,14,11,-1,-1,-1
278,38,347,279,101,85,-1,-1,-1
279,22,453,110,15,12,-1,-1,-1
279,23,474,103,14,11,-1,-1,-1
279,38,349,279,101,85,-1,-1,-1
280,22,449,110,15,12,-1,-1,-1
280,38,352,279,101,84,-1,-1,-1
281,22,445,111,15,12,-1,-1,-1
281,38,353,279,101,84,-1,-1,-1
282,22,440,111,16,13,-1,-1,-1
282,25,459,105,16,13,-1,-1,-1
282,38,354,280,102,84,-1,-1,-1
283,22,436,111,16,13,-1,-1,-1
283,25,457,105,16,13,-1,-1,-1
283,38,355,279,101,84,-1,-1,-1
284,22,431,112,16,14,-1,-1,-1
284,25,455,106,16,13,-1,-1,-1
284,38,355,279,100,84,-1,-1,-1
285,22,427,112,16,14,-1,-1,-1
285,25,452,107,16,12,-1,-1,-1
285,38,355,279,100,84,-1,-1,-1
286,22,422,113,16,14,-1,-1,-1
286,25,449,107,16,12,-1,-1,-1
286,38,355,279,99,84,-1,-1,-1
287,22,417,113,17,14,-1,-1,-1
287,25,445,108,17,12,-1,-1,-1
287,38,354,279,99,84,-1,-1,-1
288,22,411,114,17,14,-1,-1,-1
288,25,442,109,17,12,-1,-1,-1
288,38,353,279,98,84,-1,-1,-1
289,22,406,115,17,14,-1,-1,-1
289,25,438,109,17,12,-1,-1,-1
289,38,351,280,98,83,-1,-1,-1
290,22,400,115,18,14,-1,-1,-1
290,25,435,109,18,13,-1,-1,-1
290,38,351,279,97,83,-1,-1,-1
291,22,393,116,18,14,-1,-1,-1
291,25,431,110,18,13,-1,-1,-1
291,38,348,280,97,83,-1,-1,-1
292,22,390,116,19,14,-1,-1,-1
292,25,426,110,19,13,-1,-1,-1
292,38,348,279,97,83,-1,-1,-1
293,22,388,117,19,14,-1,-1,-1
293,25,421,110,19,13,-1,-1,-1
293,38,348,279,96,84,-1,-1,-1
294,25,416,111,20,13,-1,-1,-1
294,38,348,279,95,84,-1,-1,-1
295,25,412,112,20,13,-1,-1,-1
295,38,348,280,95,83,-1,-1,-1
296,24,353,122,21,16,-1,-1,-1
296,25,407,112,20,14,-1,-1,-1
296,38,348,280,94,83,-1,-1,-1
297,24,347,123,21,15,-1,-1,-1
297,25,402,112,21,14,-1,-1,-1
297,38,348,280,94,84,-1,-1,-1
298,24,343,123,21,15,-1,-1,-1
298,25,397,112,21,14,-1,-1,-1
298,38,348,279,94,85,-1,-1,-1
299,24,335,124,21,15,-1,-1,-1
299,25,391,113,21,14,-1,-1,-1
299,38,347,279,95,85,-1,-1,-1
300,24,331,125,21,15,-1,-1,-1
300,25,386,114,21,14,-1,-1,-1
300,38,347,279,95,85,-1,-1,-1
301,24,327,125,22,15,-1,-1,-1
301,25,381,115,22,14,-1,-1,-1
301,38,347,279,96,85,-1,-1,-1
302,25,375,116,22,14,-1,-1,-1
302,38,346,278,96,85,-1,-1,-1
303,25,369,116,22,14,-1,-1,-1
303,38,346,278,97,85,-1,-1,-1
304,25,363,117,23,15,-1,-1,-1
304,38,346,278,97,85,-1,-1,-1
305,25,357,118,23,15,-1,-1,-1
305,38,346,278,98,85,-1,-1,-1
306,25,350,119,24,15,-1,-1,-1
306,38,346,278,98,85,-1,-1,-1
307,25,342,120,25,15,-1,-1,-1
307,38,346,278,98,85,-1,-1,-1
308,25,334,121,26,16,-1,-1,-1
308,38,346,279,98,85,-1,-1,-1
309,25,326,121,28,17,-1,-1,-1
309,38,346,279,98,85,-1,-1,-1
310,25,317,123,28,17,-1,-1,-1
310,38,348,279,98,84,-1,-1,-1
311,25,309,124,29,18,-1,-1,-1
311,38,350,280,98,83,-1,-1,-1
312,25,300,125,29,18,-1,-1,-1
312,38,353,280,97,83,-1,-1,-1
313,25,291,126,29,18,-1,-1,-1
313,38,354,280,97,82,-1,-1,-1
314,25,283,127,29,18,-1,-1,-1
314,38,355,280,97,82,-1,-1,-1
315,25,274,127,29,19,-1,-1,-1
315,26,181,153,21,14,-1,-1,-1
315,38,354,281,97,81,-1,-1,-1
316,25,265,128,30,20,-1,-1,-1
316,26,181,153,21,14,-1,-1,-1
316,38,352,281,97,81,-1,-1,-1
317,25,256,129,31,21,-1,-1,-1
317,26,180,153,22,14,-1,-1,-1
317,38,349,281,96,81,-1,-1,-1
318,25,245,130,32,22,-1,-1,-1
318,27,493,143,20,15,-1,-1,-1
318,38,348,281,96,82,-1,-1,-1
319,25,239,130,33,23,-1,-1,-1
319,27,496,142,20,15,-1,-1,-1
319,38,348,281,96,82,-1,-1,-1
320,25,235,131,33,22,-1,-1,-1
320,27,499,141,20,15,-1,-1,-1
320,28,40,240,129,92,-1,-1,-1
320,38,348,281,96,82,-1,-1,-1
321,27,500,140,20,15,-1,-1,-1
321,28,65,230,125,90,-1,-1,-1
321,38,347,281,96,83,-1,-1,-1
322,27,501,140,20,15,-1,-1,-1
322,28,86,224,121,88,-1,-1,-1
322,38,347,281,96,83,-1,-1,-1
323,28,116,214,115,86,-1,-1,-1
323,38,347,281,96,83,-1,-1,-1
324,28,144,206,109,84,-1,-1,-1
324,38,346,281,97,83,-1,-1,-1
325,28,172,198,103,81,-1,-1,-1
325,38,347,282,99,81,-1,-1,-1
326,28,198,191,98,79,-1,-1,-1
326,38,347,281,99,81,-1,-1,-1
327,28,220,186,94,75,-1,-1,-1
327,38,347,281,99,82,-1,-1,-1
328,28,240,181,92,73,-1,-1,-1
328,38,346,281,99,82,-1,-1,-1
329,28,262,176,87,69,-1,-1,-1
329,38,345,281,100,82,-1,-1,-1
330,28,282,172,81,64,-1,-1,-1
330,38,345,281,100,82,-1,-1,-1
331,28,301,168,75,60,-1,-1,-1
331,38,346,281,101,82,-1,-1,-1
332,28,317,164,72,57,-1,-1,-1
332,38,347,280,101,83,-1,-1,-1
333,28,332,160,68,56,-1,-1,-1
333,38,347,280,101,83,-1,-1,-1
334,28,346,156,64,53,-1,-1,-1
334,38,346,280,99,84,-1,-1,-1
335,28,359,153,61,51,-1,-1,-1
335,38,345,279,99,84,-1,-1,-1
336,28,371,150,58,49,-1,-1,-1
336,38,345,279,99,85,-1,-1,-1
337,28,383,147,56,48,-1,-1,-1
337,38,344,279,99,85,-1,-1,-1
338,28,394,145,54,46,-1,-1,-1
338,38,344,279,100,85,-1,-1,-1
339,28,404,143,51,45,-1,-1,-1
339,38,344,279,100,85,-1,-1,-1
340,28,414,141,49,42,-1,-1,-1
340,38,344,279,100,84,-1,-1,-1
341,28,422,139,47,41,-1,-1,-1
341,38,344,279,101,84,-1,-1,-1
342,28,430,137,45,39,-1,-1,-1
342,38,344,279,101,84,-1,-1,-1
343,28,438,136,42,38,-1,-1,-1
343,38,345,279,100,84,-1,-1,-1
344,28,446,134,39,37,-1,-1,-1
344,38,345,279,99,84,-1,-1,-1
345,28,454,132,37,37,-1,-1,-1
345,38,345,279,99,84,-1,-1,-1
346,28,460,131,35,36,-1,-1,-1
346,38,345,279,99,85,-1,-1,-1
347,28,467,130,34,35,-1,-1,-1
347,38,345,279,99,84,-1,-1,-1
348,28,473,129,32,33,-1,-1,-1
348,38,344,280,100,84,-1,-1,-1
349,28,478,128,31,31,-1,-1,-1
349,38,344,281,100,83,-1,-1,-1
350,28,484,127,30,30,-1,-1,-1
350,38,344,281,99,83,-1,-1,-1
351,28,489,126,29,29,-1,-1,-1
351,38,344,281,98,83,-1,-1,-1
352,28,494,125,29,28,-1,-1,-1
352,38,344,281,98,82,-1,-1,-1
353,28,498,124,28,28,-1,-1,-1
353,38,343,282,98,82,-1,-1,-1
354,28,502,123,28,27,-1,-1,-1
354,38,343,282,98,81,-1,-1,-1
355,28,506,122,28,27,-1,-1,-1
355,38,342,282,99,80,-1,-1,-1
356,28,510,122,27,26,-1,-1,-1
356,29,451,349,81,46,-1,-1,-1
356,38,341,282,99,80,-1,-1,-1
357,28,513,121,27,25,-1,-1,-1
357,29,451,349,80,46,-1,-1,-1
357,38,340,282,99,80,-1,-1,-1
358,28,517,120,26,25,-1,-1,-1
358,29,451,349,80,46,-1,-1,-1
358,38,340,282,99,80,-1,-1,-1
359,28,520,119,26,24,-1,-1,-1
359,38,338,282,100,79,-1,-1,-1
360,28,523,118,26,24,-1,-1,-1
360,38,337,282,100,79,-1,-1,-1
361,28,527,118,26,23,-1,-1,-1
361,38,336,282,100,80,-1,-1,-1
362,28,528,117,26,22,-1,-1,-1
362,38,336,281,99,80,-1,-1,-1
363,28,529,117,25,21,-1,-1,-1
363,38,336,282,99,80,-1,-1,-1
364,38,335,282,99,80,-1,-1,-1
365,38,334,282,98,80,-1,-1,-1
366,38,334,283,97,79,-1,-1,-1
367,38,334,283,96,78,-1,-1,-1
368,38,333,283,94,78,-1,-1,-1
369,38,330,283,93,77,-1,-1,-1
370,38,325,282,93,77,-1,-1,-1
371,38,321,282,93,77,-1,-1,-1
372,38,317,281,93,77,-1,-1,-1
373,38,315,280,93,78,-1,-1,-1
374,38,314,278,92,78,-1,-1,-1
375,38,313,278,92,79,-1,-1,-1
376,38,312,277,93,78,-1,-1,-1
377,38,311,276,94,78,-1,-1,-1
378,30,572,108,23,19,-1,-1,-1
378,38,308,276,94,77,-1,-1,-1
379,30,573,108,22,18,-1,-1,-1
379,38,306,275,95,77,-1,-1,-1
380,30,574,108,22,18,-1,-1,-1
380,38,304,274,96,76,-1,-1,-1
381,30,575,107,22,17,-1,-1,-1
381,38,301,273,97,76,-1,-1,-1
382,30,577,107,22,17,-1,-1,-1
382,38,299,272,98,75,-1,-1,-1
383,30,578,107,22,17,-1,-1,-1
383,33,445,156,22,17,-1,-1,-1
383,38,295,272,97,74,-1,-1,-1
384,30,579,106,22,17,-1,-1,-1
384,33,450,154,21,17,-1,-1,-1
384,38,291,271,96,75,-1,-1,-1
385,30,579,106,22,17,-1,-1,-1
385,33,454,153,21,17,-1,-1,-1
385,38,287,270,95,76,-1,-1,-1
386,33,460,151,21,17,-1,-1,-1
386,38,284,269,95,77,-1,-1,-1
387,32,539,95,16,10,-1,-1,-1
387,33,464,150,21,16,-1,-1,-1
387,38,282,267,95,78,-1,-1,-1
388,32,538,95,16,10,-1,-1,-1
388,33,471,148,21,16,-1,-1,-1
388,38,280,266,93,79,-1,-1,-1
389,32,537,96,17,10,-1,-1,-1
389,33,476,146,20,16,-1,-1,-1
389,38,279,265,92,80,-1,-1,-1
390,32,536,96,17,10,-1,-1,-1
390,33,483,144,20,16,-1,-1,-1
390,38,277,264,91,81,-1,-1,-1
391,32,535,96,17,10,-1,-1,-1
391,33,488,142,19,16,-1,-1,-1
391,38,274,263,92,81,-1,-1,-1
392,32,533,96,17,11,-1,-1,-1
392,33,493,140,19,15,-1,-1,-1
392,38,271,262,92,81,-1,-1,-1
393,32,531,97,17,11,-1,-1,-1
393,33,497,139,19,15,-1,-1,-1
393,38,267,261,93,81,-1,-1,-1
394,31,253,274,88,56,-1,-1,-1
394,32,530,97,17,11,-1,-1,-1
394,33,502,138,19,14,-1,-1,-1
394,38,263,260,94,81,-1,-1,-1
395,31,249,274,88,55,-1,-1,-1
395,32,528,97,17,11,-1,-1,-1
395,33,506,137,19,14,-1,-1,-1
395,38,259,259,95,81,-1,-1,-1
396,31,247,273,90,56,-1,-1,-1
396,32,527,97,17,11,-1,-1,-1
396,33,511,136,18,14,-1,-1,-1
396,38,255,258,96,81,-1,-1,-1
397,31,242,271,95,59,-1,-1,-1
397,32,525,97,17,11,-1,-1,-1
397,33,515,134,18,14,-1,-1,-1
397,38,251,257,97,81,-1,-1,-1
398,31,240,268,100,62,-1,-1,-1
398,32,524,97,17,11,-1,-1,-1
398,33,518,133,18,14,-1,-1,-1
398,38,247,256,98,81,-1,-1,-1
399,31,237,266,99,63,-1,-1,-1
399,32,522,97,17,11,-1,-1,-1
399,33,522,132,18,14,-1,-1,-1
399,38,243,255,99,81,-1,-1,-1
400,31,233,266,95,61,-1,-1,-1
400,32,521,98,17,11,-1,-1,-1
400,33,525,130,19,13,-1,-1,-1
400,38,239,254,101,81,-1,-1,-1
401,31,230,265,89,59,-1,-1,-1
401,32,519,98,17,11,-1,-1,-1
401,33,528,129,19,13,-1,-1,-1
401,38,235,253,102,81,-1,-1,-1
402,31,228,264,86,58,-1,-1,-1
402,32,518,98,17,11,-1,-1,-1
402,33,531,128,19,13,-1,-1,-1
402,38,231,252,103,81,-1,-1,-1
403,31,224,263,84,57,-1,-1,-1
403,32,516,98,17,11,-1,-1,-1
403,33,535,127,18,13,-1,-1,-1
403,38,227,251,104,81,-1,-1,-1
404,31,219,262,85,57,-1,-1,-1
404,32,515,98,17,11,-1,-1,-1
404,33,538,126,18,13,-1,-1,-1
404,38,223,250,105,81,-1,-1,-1
405,31,213,260,87,58,-1,-1,-1
405,32,513,99,17,11,-1,-1,-1
405,33,541,125,18,13,-1,-1,-1
405,38,219,249,106,81,-1,-1,-1
406,31,208,258,88,58,-1,-1,-1
406,32,510,99,17,11,-1,-1,-1
406,33,544,124,18,13,-1,-1,-1
406,38,215,248,107,81,-1,-1,-1
407,31,203,257,88,58,-1,-1,-1
407,32,508,99,17,11,-1,-1,-1
407,33,547,123,18,13,-1,-1,-1
407,34,472,342,118,56,-1,-1,-1
407,38,211,247,108,81,-1,-1,-1
408,31,200,256,88,58,-1,-1,-1
408,32,506,99,17,12,-1,-1,-1
408,33,549,123,18,13,-1,-1,-1
408,34,466,340,116,57,-1,-1,-1
408,38,207,246,109,81,-1,-1,-1
409,31,199,256,88,58,-1,-1,-1
409,32,504,99,17,12,-1,-1,-1
409,33,552,122,18,13,-1,-1,-1
409,34,462,340,114,57,-1,-1,-1
409,38,203,246,110,81,-1,-1,-1
410,32,502,99,17,12,-1,-1,-1
410,33,554,122,18,12,-1,-1,-1
410,34,455,339,111,57,-1,-1,-1
410,35,462,149,23,16,-1,-1,-1
410,38,199,244,108,80,-1,-1,-1
411,32,500,99,17,12,-1,-1,-1
411,33,556,121,17,12,-1,-1,-1
411,34,453,339,110,57,-1,-1,-1
411,35,466,148,23,16,-1,-1,-1
411,38,195,243,106,79,-1,-1,-1
412,32,499,100,17,12,-1,-1,-1
412,33,558,120,17,12,-1,-1,-1
412,34,451,339,109,57,-1,-1,-1
412,35,469,147,23,15,-1,-1,-1
412,38,190,241,105,78,-1,-1,-1
413,32,497,100,17,11,-1,-1,-1
413,33,560,120,17,12,-1,-1,-1
413,35,473,146,22,15,-1,-1,-1
413,38,187,240,107,79,-1,-1,-1
414,32,495,100,17,11,-1,-1,-1
414,33,562,119,17,12,-1,-1,-1
414,35,478,144,22,15,-1,-1,-1
414,38,183,239,108,80,-1,-1,-1
415,32,493,101,17,11,-1,-1,-1
415,33,564,118,17,12,-1,-1,-1
415,35,483,142,21,15,-1,-1,-1
415,38,180,238,110,81,-1,-1,-1
416,32,490,101,17,11,-1,-1,-1
416,33,566,117,17,12,-1,-1,-1
416,35,489,141,21,15,-1,-1,-1
416,38,178,238,109,82,-1,-1,-1
417,32,487,102,17,11,-1,-1,-1
417,33,568,117,17,12,-1,-1,-1
417,35,493,139,20,15,-1,-1,-1
417,38,176,238,107,82,-1,-1,-1
418,32,485,102,18,11,-1,-1,-1
418,33,570,116,17,12,-1,-1,-1
418,35,498,138,20,15,-1,-1,-1
418,38,175,238,105,83,-1,-1,-1
419,32,482,103,18,11,-1,-1,-1
419,33,572,115,17,12,-1,-1,-1
419,35,502,136,19,14,-1,-1,-1
419,38,169,237,106,83,-1,-1,-1
420,32,480,103,18,11,-1,-1,-1
420,33,574,115,17,12,-1,-1,-1
420,35,506,134,19,14,-1,-1,-1
420,38,164,235,107,83,-1,-1,-1
421,32,478,104,18,11,-1,-1,-1
421,33,576,114,17,12,-1,-1,-1
421,35,510,134,19,13,-1,-1,-1
421,38,157,232,109,82,-1,-1,-1
422,32,475,104,18,11,-1,-1,-1
422,33,578,113,17,11,-1,-1,-1
422,35,514,132,19,13,-1,-1,-1
422,38,153,231,110,82,-1,-1,-1
423,32,472,104,18,11,-1,-1,-1
423,33,579,113,17,11,-1,-1,-1
423,35,518,131,19,13,-1,-1,-1
423,38,150,231,110,82,-1,-1,-1
424,32,469,104,18,11,-1,-1,-1
424,33,581,112,17,11,-1,-1,-1
424,35,519,130,19,13,-1,-1,-1
424,38,147,231,110,81,-1,-1,-1
425,32,466,104,18,12,-1,-1,-1
425,33,583,112,16,11,-1,-1,-1
425,35,520,130,19,13,-1,-1,-1
425,38,145,231,109,80,-1,-1,-1
426,32,463,104,18,12,-1,-1,-1
426,33,584,111,16,11,-1,-1,-1
426,38,143,232,107,78,-1,-1,-1
427,32,462,104,18,12,-1,-1,-1
427,33,586,111,16,11,-1,-1,-1
427,36,534,126,18,12,-1,-1,-1
427,38,139,230,105,78,-1,-1,-1
428,32,461,104,18,12,-1,-1,-1
428,33,587,110,16,11,-1,-1,-1
428,36,535,125,18,12,-1,-1,-1
428,38,135,227,102,78,-1,-1,-1
429,33,588,110,16,11,-1,-1,-1
429,36,536,125,18,12,-1,-1,-1
429,38,129,222,100,79,-1,-1,-1
430,36,537,125,19,12,-1,-1,-1
430,38,126,220,99,80,-1,-1,-1
431,36,538,124,19,12,-1,-1,-1
431,38,123,219,98,80,-1,-1,-1
431,40,444,107,22,13,-1,-1,-1
432,38,119,218,99,81,-1,-1,-1
432,40,441,107,22,13,-1,-1,-1
433,38,116,218,99,81,-1,-1,-1
433,40,439,108,22,13,-1,-1,-1
434,38,112,217,98,81,-1,-1,-1
434,40,436,108,21,13,-1,-1,-1
435,38,108,216,97,81,-1,-1,-1
435,40,433,109,21,13,-1,-1,-1
436,38,103,215,95,80,-1,-1,-1
436,40,429,109,22,13,-1,-1,-1
437,37,272,303,91,43,-1,-1,-1
437,38,99,214,94,80,-1,-1,-1
437,40,425,110,22,13,-1,-1,-1
438,37,268,303,91,42,-1,-1,-1
438,38,95,214,94,80,-1,-1,-1
438,40,420,110,23,13,-1,-1,-1
439,37,265,302,91,42,-1,-1,-1
439,38,93,214,94,79,-1,-1,-1
439,40,415,111,23,13,-1,-1,-1
440,37,260,301,92,42,-1,-1,-1
440,38,91,214,95,78,-1,-1,-1
440,39,564,116,16,13,-1,-1,-1
440,40,410,111,24,13,-1,-1,-1
441,37,255,298,92,42,-1,-1,-1
441,38,90,215,96,77,-1,-1,-1
441,39,565,116,16,12,-1,-1,-1
441,40,405,112,24,13,-1,-1,-1
442,37,249,297,91,42,-1,-1,-1
442,38,87,215,98,76,-1,-1,-1
442,39,566,115,16,12,-1,-1,-1
442,40,399,112,25,14,-1,-1,-1
443,37,243,295,91,42,-1,-1,-1
443,38,85,215,99,75,-1,-1,-1
443,39,567,115,16,12,-1,-1,-1
443,40,394,112,26,14,-1,-1,-1
444,37,238,293,89,43,-1,-1,-1
444,38,81,214,92,70,-1,-1,-1
444,39,569,114,16,12,-1,-1,-1
444,40,388,113,27,14,-1,-1,-1
445,37,233,292,88,43,-1,-1,-1
445,38,77,214,84,65,-1,-1,-1
445,39,570,113,16,11,-1,-1,-1
445,40,383,113,28,14,-1,-1,-1
446,37,229,290,84,42,-1,-1,-1
446,38,72,214,74,60,-1,-1,-1
446,39,571,113,16,11,-1,-1,-1
446,40,377,114,29,15,-1,-1,-1
447,37,224,290,83,41,-1,-1,-1
447,38,69,214,71,58,-1,-1,-1
447,39,571,113,16,11,-1,-1,-1
447,40,372,115,29,15,-1,-1,-1
448,37,220,290,81,39,-1,-1,-1
448,38,66,215,69,57,-1,-1,-1
448,40,367,116,30,15,-1,-1,-1
449,37,216,289,82,39,-1,-1,-1
449,38,63,214,67,56,-1,-1,-1
449,40,361,117,30,15,-1,-1,-1
450,37,212,288,83,39,-1,-1,-1
450,38,60,214,67,55,-1,-1,-1
450,40,355,118,30,15,-1,-1,-1
451,37,208,286,84,40,-1,-1,-1
451,38,57,214,67,54,-1,-1,-1
451,40,348,119,30,15,-1,-1,-1
452,37,206,284,83,41,-1,-1,-1
452,38,55,214,67,53,-1,-1,-1
452,40,341,120,29,15,-1,-1,-1
453,37,203,282,82,41,-1,-1,-1
453,38,53,214,67,53,-1,-1,-1
453,40,333,121,30,15,-1,-1,-1
454,37,200,280,81,42,-1,-1,-1
454,38,51,215,68,52,-1,-1,-1
454,40,325,122,32,15,-1,-1,-1
455,37,198,278,80,42,-1,-1,-1
455,38,50,216,69,52,-1,-1,-1
455,40,316,123,34,16,-1,-1,-1
456,37,195,277,79,43,-1,-1,-1
456,38,49,218,70,51,-1,-1,-1
456,40,308,124,35,17,-1,-1,-1
457,37,191,276,78,42,-1,-1,-1
457,38,45,218,70,51,-1,-1,-1
457,40,299,124,37,18,-1,-1,-1
457,41,487,100,25,14,-1,-1,-1
458,37,188,276,78,40,-1,-1,-1
458,38,44,218,71,51,-1,-1,-1
458,40,291,125,38,18,-1,-1,-1
458,41,485,99,26,14,-1,-1,-1
459,37,185,276,79,39,-1,-1,-1
459,38,41,217,71,51,-1,-1,-1
459,40,282,126,38,19,-1,-1,-1
459,41,484,99,26,15,-1,-1,-1
459,43,64,230,60,48,-1,-1,-1
460,37,181,275,82,39,-1,-1,-1
460,40,273,127,37,19,-1,-1,-1
460,41,483,99,27,15,-1,-1,-1
460,43,63,230,59,46,-1,-1,-1
461,37,178,275,83,38,-1,-1,-1
461,40,262,128,36,19,-1,-1,-1
461,43,61,231,58,45,-1,-1,-1
462,37,174,274,83,38,-1,-1,-1
462,40,252,130,35,20,-1,-1,-1
462,43,59,231,57,43,-1,-1,-1
463,37,170,273,83,38,-1,-1,-1
463,40,241,131,33,21,-1,-1,-1
463,43,57,232,56,42,-1,-1,-1
464,37,166,272,84,39,-1,-1,-1
464,40,230,132,32,21,-1,-1,-1
464,43,54,233,55,41,-1,-1,-1
465,37,163,271,83,38,-1,-1,-1
465,40,218,133,33,22,-1,-1,-1
465,42,510,103,15,10,-1,-1,-1
465,43,51,232,54,41,-1,-1,-1
466,37,161,269,81,37,-1,-1,-1
466,40,213,134,33,22,-1,-1,-1
466,42,508,103,15,10,-1,-1,-1
466,43,47,230,55,42,-1,-1,-1
467,37,158,268,79,37,-1,-1,-1
467,40,208,135,34,22,-1,-1,-1
467,42,506,103,15,10,-1,-1,-1
467,43,44,228,55,43,-1,-1,-1
468,37,156,266,79,38,-1,-1,-1
468,42,505,103,15,10,-1,-1,-1
468,43,42,227,55,45,-1,-1,-1
469,37,154,265,77,38,-1,-1,-1
469,42,504,103,15,10,-1,-1,-1
469,43,40,226,54,45,-1,-1,-1
470,37,151,265,76,38,-1,-1,-1
470,43,39,225,53,45,-1,-1,-1
471,37,149,265,74,38,-1,-1,-1
471,43,36,225,52,45,-1,-1,-1
472,37,146,264,74,38,-1,-1,-1
472,43,33,225,53,44,-1,-1,-1
473,37,142,264,75,39,-1,-1,-1
473,43,28,225,54,44,-1,-1,-1
474,37,138,262,78,40,-1,-1,-1
474,43,24,225,54,44,-1,-1,-1
475,37,134,262,79,39,-1,-1,-1
475,43,21,225,54,44,-1,-1,-1
475,44,407,113,23,14,-1,-1,-1
476,37,130,262,80,38,-1,-1,-1
476,43,17,225,54,43,-1,-1,-1
476,44,402,113,25,15,-1,-1,-1
477,37,126,262,80,37,-1,-1,-1
477,43,16,225,54,43,-1,-1,-1
477,44,402,113,25,14,-1,-1,-1
478,37,122,261,82,38,-1,-1,-1
478,43,14,224,53,43,-1,-1,-1
478,44,400,113,27,15,-1,-1,-1
479,37,119,260,84,38,-1,-1,-1
479,43,13,224,52,42,-1,-1,-1
480,37,116,259,85,39,-1,-1,-1
480,43,12,225,51,42,-1,-1,-1
481,37,113,259,86,39,-1,-1,-1
481,43,11,227,49,40,-1,-1,-1
481,47,462,108,16,11,-1,-1,-1
482,37,110,259,87,39,-1,-1,-1
482,43,10,227,48,40,-1,-1,-1
482,47,459,108,17,11,-1,-1,-1
483,37,105,259,88,38,-1,-1,-1
483,43,10,228,48,39,-1,-1,-1
483,45,430,109,17,12,-1,-1,-1
483,46,352,110,57,27,-1,-1,-1
483,47,456,109,17,11,-1,-1,-1
484,37,102,258,90,39,-1,-1,-1
484,45,429,110,17,12,-1,-1,-1
484,46,346,111,58,27,-1,-1,-1
484,47,453,110,17,11,-1,-1,-1
485,37,98,258,89,38,-1,-1,-1
485,45,429,110,17,12,-1,-1,-1
485,46,340,110,59,29,-1,-1,-1
485,47,449,110,17,12,-1,-1,-1
486,37,96,258,87,37,-1,-1,-1
486,46,333,111,60,29,-1,-1,-1
486,47,445,111,17,12,-1,-1,-1
487,37,94,258,84,35,-1,-1,-1
487,46,325,112,62,30,-1,-1,-1
487,47,441,112,17,12,-1,-1,-1
488,37,92,257,83,34,-1,-1,-1
488,46,317,113,62,29,-1,-1,-1
488,47,436,112,17,12,-1,-1,-1
489,37,90,257,82,34,-1,-1,-1
489,46,310,114,64,30,-1,-1,-1
489,47,432,113,17,12,-1,-1,-1
490,37,88,256,82,35,-1,-1,-1
490,46,305,114,64,30,-1,-1,-1
490,47,427,114,17,12,-1,-1,-1
491,37,85,255,81,34,-1,-1,-1
491,46,303,114,65,31,-1,-1,-1
491,47,422,114,18,12,-1,-1,-1
492,37,82,255,80,34,-1,-1,-1
492,47,417,115,18,12,-1,-1,-1
493,37,80,255,80,33,-1,-1,-1
493,47,411,116,18,12,-1,-1,-1
494,37,76,255,81,33,-1,-1,-1
494,47,405,117,18,12,-1,-1,-1
495,37,73,255,81,33,-1,-1,-1
495,47,402,118,18,12,-1,-1,-1
495,48,366,116,21,14,-1,-1,-1
496,37,71,254,80,33,-1,-1,-1
496,47,401,118,18,12,-1,-1,-1
496,48,362,117,21,14,-1,-1,-1
497,37,69,254,78,33,-1,-1,-1
497,48,360,117,21,14,-1,-1,-1
498,37,66,254,77,32,-1,-1,-1
498,48,358,118,20,14,-1,-1,-1
499,37,63,253,77,33,-1,-1,-1
500,37,60,252,76,33,-1,-1,-1
501,37,58,251,76,34,-1,-1,-1
502,37,56,251,75,34,-1,-1,-1
503,37,53,250,76,34,-1,-1,-1
504,37,49,249,78,34,-1,-1,-1
505,37,45,249,79,35,-1,-1,-1
506,37,42,247,81,36,-1,-1,-1
506,49,12,158,52,40,-1,-1,-1
507,37,40,246,81,37,-1,-1,-1
507,49,10,157,53,41,-1,-1,-1
508,37,38,246,80,38,-1,-1,-1
508,49,10,157,53,41,-1,-1,-1
509,37,35,246,80,37,-1,-1,-1
510,37,32,246,80,37,-1,-1,-1
511,37,29,245,80,38,-1,-1,-1
512,37,25,244,81,39,-1,-1,-1
513,37,21,243,82,39,-1,-1,-1
514,37,16,243,83,39,-1,-1,-1
515,37,14,243,82,38,-1,-1,-1
516,37,12,242,81,39,-1,-1,-1
517,37,11,241,79,40,-1,-1,-1
518,37,11,241,77,40,-1,-1,-1
519,37,11,242,74,39,-1,-1,-1
520,37,11,243,71,38,-1,-1,-1
521,37,10,244,68,38,-1,-1,-1
522,37,9,244,65,37,-1,-1,-1
523,37,8,244,62,37,-1,-1,-1
524,37,8,245,59,36,-1,-1,-1
525,37,8,244,55,35,-1,-1,-1
526,37,8,244,50,35,-1,-1,-1
527,37,8,244,45,33,-1,-1,-1
528,37,9,244,41,33,-1,-1,-1
529,37,9,244,39,33,-1,-1,-1
530,37,9,243,38,33,-1,-1,-1
561,51,478,146,20,16,-1,-1,-1
562,51,482,145,20,16,-1,-1,-1
563,51,486,143,20,16,-1,-1,-1
564,51,491,142,20,16,-1,-1,-1
565,51,496,140,19,16,-1,-1,-1
566,51,501,138,19,15,-1,-1,-1
567,51,507,137,18,15,-1,-1,-1
568,51,511,135,18,15,-1,-1,-1
569,50,433,151,24,17,-1,-1,-1
569,51,516,134,18,14,-1,-1,-1
570,50,438,150,23,17,-1,-1,-1
570,51,520,132,19,14,-1,-1,-1
571,50,442,148,23,16,-1,-1,-1
571,51,524,131,19,14,-1,-1,-1
572,50,448,147,22,16,-1,-1,-1
572,51,528,129,19,14,-1,-1,-1
573,50,451,146,22,15,-1,-1,-1
573,51,531,128,19,13,-1,-1,-1
574,50,453,146,21,15,-1,-1,-1
574,51,534,127,19,13,-1,-1,-1
575,51,537,126,19,13,-1,-1,-1
576,51,540,125,19,13,-1,-1,-1
577,51,543,125,19,13,-1,-1,-1
578,51,546,124,19,13,-1,-1,-1
579,51,548,123,19,13,-1,-1,-1
580,51,551,122,19,13,-1,-1,-1
581,51,554,122,19,13,-1,-1,-1
582,51,556,121,19,13,-1,-1,-1
583,51,559,120,19,13,-1,-1,-1
583,52,442,108,18,12,-1,-1,-1
584,51,562,119,19,13,-1,-1,-1
584,52,439,109,18,11,-1,-1,-1
585,51,565,119,18,12,-1,-1,-1
585,52,437,109,18,11,-1,-1,-1
585,53,521,127,17,13,-1,-1,-1
586,51,567,118,18,12,-1,-1,-1
586,52,434,110,18,11,-1,-1,-1
586,53,522,127,17,12,-1,-1,-1
587,51,568,118,17,12,-1,-1,-1
587,52,432,110,18,12,-1,-1,-1
587,53,523,127,17,12,-1,-1,-1
588,51,569,118,17,12,-1,-1,-1
588,52,431,111,19,12,-1,-1,-1
591,54,407,114,18,12,-1,-1,-1
592,54,403,115,18,12,-1,-1,-1
593,54,400,115,18,12,-1,-1,-1
594,54,396,116,18,12,-1,-1,-1
595,54,390,116,19,12,-1,-1,-1
596,54,384,116,19,13,-1,-1,-1
597,54,378,117,20,13,-1,-1,-1
598,54,375,117,20,13,-1,-1,-1
599,54,374,118,20,13,-1,-1,-1
613,55,234,139,28,16,-1,-1,-1
614,55,225,140,28,17,-1,-1,-1
615,55,222,141,28,17,-1,-1,-1
616,55,218,141,28,17,-1,-1,-1
711,56,368,186,31,24,-1,-1,-1
711,57,414,152,30,21,-1,-1,-1
712,56,377,182,30,23,-1,-1,-1
712,57,421,150,29,20,-1,-1,-1
713,56,385,180,29,22,-1,-1,-1
713,57,427,149,28,20,-1,-1,-1
714,56,394,176,28,22,-1,-1,-1
714,57,435,147,28,19,-1,-1,-1
715,56,404,173,27,21,-1,-1,-1
715,57,442,144,27,19,-1,-1,-1
716,56,409,171,27,21,-1,-1,-1
716,57,449,141,26,19,-1,-1,-1
717,56,413,170,26,21,-1,-1,-1
717,57,456,139,25,20,-1,-1,-1
718,57,463,137,24,19,-1,-1,-1
719,57,470,136,23,19,-1,-1,-1
720,57,477,134,22,18,-1,-1,-1
721,57,484,133,22,17,-1,-1,-1
722,57,490,132,21,17,-1,-1,-1
723,57,495,130,21,17,-1,-1,-1
724,57,501,129,21,16,-1,-1,-1
725,57,505,128,21,15,-1,-1,-1
725,58,490,145,19,15,-1,-1,-1
726,57,510,127,20,15,-1,-1,-1
726,58,494,143,19,15,-1,-1,-1
727,57,515,126,20,15,-1,-1,-1
727,58,497,142,19,15,-1,-1,-1
728,57,517,126,19,14,-1,-1,-1
728,58,502,140,18,15,-1,-1,-1
729,57,518,126,19,14,-1,-1,-1
729,58,504,139,18,15,-1,-1,-1
730,58,506,138,18,15,-1,-1,-1
744,59,460,141,23,17,-1,-1,-1
745,59,465,139,22,17,-1,-1,-1
746,59,469,138,22,17,-1,-1,-1
747,59,475,137,21,16,-1,-1,-1
748,59,480,135,21,16,-1,-1,-1
749,59,486,134,20,16,-1,-1,-1
750,59,491,133,20,15,-1,-1,-1
751,59,497,132,20,15,-1,-1,-1
752,59,502,130,19,15,-1,-1,-1
753,59,508,129,19,14,-1,-1,-1
754,59,513,128,19,14,-1,-1,-1
755,59,517,127,18,14,-1,-1,-1
756,59,522,126,18,14,-1,-1,-1
757,59,526,125,18,14,-1,-1,-1
758,59,530,124,19,14,-1,-1,-1
759,59,534,123,18,14,-1,-1,-1
760,59,537,122,18,14,-1,-1,-1
761,59,541,122,18,14,-1,-1,-1
762,59,545,121,17,14,-1,-1,-1
763,59,548,120,17,14,-1,-1,-1
764,59,552,120,17,14,-1,-1,-1
765,59,555,119,17,14,-1,-1,-1
766,59,559,118,17,13,-1,-1,-1
767,59,562,117,17,13,-1,-1,-1
768,59,564,116,17,13,-1,-1,-1
768,60,417,143,69,46,-1,-1,-1
769,59,566,116,17,13,-1,-1,-1
769,60,423,140,67,47,-1,-1,-1
770,59,567,115,17,13,-1,-1,-1
770,60,427,139,66,46,-1,-1,-1
771,60,434,137,63,45,-1,-1,-1
772,60,442,136,61,43,-1,-1,-1
773,60,449,136,59,41,-1,-1,-1
774,60,455,135,56,38,-1,-1,-1
774,61,581,109,17,15,-1,-1,-1
775,60,461,135,54,35,-1,-1,-1
775,61,582,108,17,14,-1,-1,-1
776,60,467,135,53,34,-1,-1,-1
776,61,582,108,17,14,-1,-1,-1
776,62,548,97,17,12,-1,-1,-1
777,60,473,133,52,33,-1,-1,-1
777,61,582,108,18,14,-1,-1,-1
777,62,548,96,17,12,-1,-1,-1
778,60,479,132,48,33,-1,-1,-1
778,62,548,96,17,12,-1,-1,-1
779,60,485,131,46,32,-1,-1,-1
780,60,488,130,44,31,-1,-1,-1
780,63,478,104,19,12,-1,-1,-1
781,60,489,130,45,30,-1,-1,-1
781,63,476,104,19,12,-1,-1,-1
782,63,475,104,19,11,-1,-1,-1
783,63,473,104,19,11,-1,-1,-1
783,64,440,148,26,17,-1,-1,-1
784,63,470,105,19,11,-1,-1,-1
784,64,445,147,25,17,-1,-1,-1
785,63,468,106,18,11,-1,-1,-1
785,64,449,146,25,16,-1,-1,-1
786,63,465,106,18,11,-1,-1,-1
786,64,456,144,24,16,-1,-1,-1
787,63,462,107,17,11,-1,-1,-1
787,64,462,142,23,16,-1,-1,-1
788,63,459,108,17,11,-1,-1,-1
788,64,468,141,22,16,-1,-1,-1
789,63,456,108,16,12,-1,-1,-1
789,64,475,139,21,15,-1,-1,-1
790,63,453,108,17,12,-1,-1,-1
790,64,481,137,20,15,-1,-1,-1
791,63,450,108,17,12,-1,-1,-1
791,64,487,136,20,14,-1,-1,-1
792,63,446,108,17,12,-1,-1,-1
792,64,492,134,20,14,-1,-1,-1
793,63,442,109,18,13,-1,-1,-1
793,64,497,133,20,14,-1,-1,-1
794,63,438,109,18,12,-1,-1,-1
794,64,502,132,19,14,-1,-1,-1
795,63,435,110,19,13,-1,-1,-1
795,64,506,131,19,14,-1,-1,-1
796,63,431,110,19,13,-1,-1,-1
796,64,510,130,19,14,-1,-1,-1
797,63,426,111,19,13,-1,-1,-1
797,64,514,129,19,14,-1,-1,-1
798,63,422,112,19,13,-1,-1,-1
798,64,518,128,19,14,-1,-1,-1
799,63,417,112,19,13,-1,-1,-1
799,64,520,127,19,14,-1,-1,-1
800,63,413,113,19,13,-1,-1,-1
800,64,521,127,19,14,-1,-1,-1
801,63,408,114,19,13,-1,-1,-1
802,63,404,114,19,13,-1,-1,-1
803,63,399,115,19,13,-1,-1,-1
804,63,394,116,20,13,-1,-1,-1
805,63,388,116,20,13,-1,-1,-1
806,63,382,117,21,13,-1,-1,-1
806,66,489,104,16,11,-1,-1,-1
807,63,376,117,21,14,-1,-1,-1
807,66,487,104,16,11,-1,-1,-1
808,63,373,117,21,14,-1,-1,-1
808,66,486,105,16,11,-1,-1,-1
809,63,371,118,22,14,-1,-1,-1
809,66,483,105,16,11,-1,-1,-1
810,66,481,106,16,11,-1,-1,-1
811,66,478,107,17,11,-1,-1,-1
812,66,474,107,17,11,-1,-1,-1
813,65,332,125,21,13,-1,-1,-1
813,66,471,107,17,12,-1,-1,-1
814,65,326,126,21,14,-1,-1,-1
814,66,468,108,18,12,-1,-1,-1
815,65,320,127,21,14,-1,-1,-1
815,66,464,108,18,12,-1,-1,-1
816,65,313,127,22,14,-1,-1,-1
816,66,461,109,18,12,-1,-1,-1
817,65,305,128,23,15,-1,-1,-1
817,66,458,109,18,12,-1,-1,-1
818,65,301,129,23,15,-1,-1,-1
818,66,454,110,18,12,-1,-1,-1
819,65,298,129,24,15,-1,-1,-1
819,66,450,110,19,13,-1,-1,-1
820,66,446,111,20,13,-1,-1,-1
821,66,442,111,20,13,-1,-1,-1
822,66,438,111,20,14,-1,-1,-1
823,66,434,112,20,14,-1,-1,-1
824,66,430,113,20,14,-1,-1,-1
825,66,424,113,20,14,-1,-1,-1
826,66,419,114,20,14,-1,-1,-1
827,66,413,115,21,14,-1,-1,-1
828,66,407,116,22,14,-1,-1,-1
829,66,402,117,22,14,-1,-1,-1
830,66,396,117,22,14,-1,-1,-1
831,66,390,118,22,14,-1,-1,-1
832,66,387,118,22,14,-1,-1,-1
833,66,385,118,22,14,-1,-1,-1
835,67,357,123,25,16,-1,-1,-1
836,67,355,123,24,16,-1,-1,-1
837,67,353,123,24,16,-1,-1,-1
859,68,496,143,19,14,-1,-1,-1
860,68,500,141,19,14,-1,-1,-1
861,68,502,141,19,14,-1,-1,-1
862,68,503,141,19,14,-1,-1,-1
896,69,444,109,19,13,-1,-1,-1
897,69,441,109,19,13,-1,-1,-1
898,69,439,109,19,14,-1,-1,-1
899,69,436,110,19,14,-1,-1,-1
900,69,432,110,19,14,-1,-1,-1
901,69,428,110,20,14,-1,-1,-1
902,69,422,111,20,15,-1,-1,-1
903,69,417,112,20,14,-1,-1,-1
904,69,412,112,20,14,-1,-1,-1
905,69,407,113,20,14,-1,-1,-1
906,69,402,114,20,14,-1,-1,-1
907,69,397,114,21,14,-1,-1,-1
908,69,391,115,21,14,-1,-1,-1
909,69,385,116,21,14,-1,-1,-1
910,69,380,117,22,14,-1,-1,-1
911,69,373,118,22,14,-1,-1,-1
912,69,367,119,22,14,-1,-1,-1
913,69,359,120,23,15,-1,-1,-1
914,69,352,121,24,15,-1,-1,-1
915,69,345,122,25,15,-1,-1,-1
916,69,337,123,25,15,-1,-1,-1
917,69,329,124,25,15,-1,-1,-1
918,69,321,126,25,16,-1,-1,-1
919,69,317,126,25,16,-1,-1,-1
920,69,314,127,25,16,-1,-1,-1
1021,70,523,100,14,11,-1,-1,-1
1021,71,542,97,14,10,-1,-1,-1
1022,70,521,100,14,11,-1,-1,-1
1022,71,541,98,14,10,-1,-1,-1
1023,70,521,100,14,11,-1,-1,-1
1023,71,541,98,14,10,-1,-1,-1
1024,70,520,100,14,11,-1,-1,-1
1024,71,541,98,14,10,-1,-1,-1
1029,72,505,102,16,12,-1,-1,-1
1030,72,504,102,16,12,-1,-1,-1
1031,72,502,101,16,12,-1,-1,-1
1032,72,501,101,16,12,-1,-1,-1
1033,72,499,101,16,12,-1,-1,-1
1034,72,497,102,16,12,-1,-1,-1
1035,72,494,103,16,12,-1,-1,-1
1036,72,491,103,16,12,-1,-1,-1
1037,72,488,103,16,13,-1,-1,-1
1038,72,485,103,16,13,-1,-1,-1
1039,72,482,104,16,13,-1,-1,-1
1040,72,480,104,16,13,-1,-1,-1
1041,72,478,104,16,13,-1,-1,-1
1042,72,477,104,16,13,-1,-1,-1
1045,74,460,108,17,13,-1,-1,-1
1046,74,458,108,17,13,-1,-1,-1
1047,74,455,108,17,13,-1,-1,-1
1048,73,494,101,16,10,-1,-1,-1
1048,74,452,109,18,13,-1,-1,-1
1049,73,492,102,16,10,-1,-1,-1
1049,74,449,110,18,13,-1,-1,-1
1050,73,490,102,16,10,-1,-1,-1
1050,74,445,110,18,13,-1,-1,-1
1051,73,488,102,16,10,-1,-1,-1
1051,74,441,111,18,14,-1,-1,-1
1052,73,486,103,16,10,-1,-1,-1
1052,74,437,111,19,14,-1,-1,-1
1053,73,484,103,16,10,-1,-1,-1
1053,74,432,112,19,14,-1,-1,-1
1054,73,481,103,16,10,-1,-1,-1
1054,74,427,112,19,14,-1,-1,-1
1055,73,478,104,16,10,-1,-1,-1
1055,74,423,113,20,15,-1,-1,-1
1056,73,475,104,16,10,-1,-1,-1
1056,74,417,113,20,14,-1,-1,-1
1057,73,472,104,16,11,-1,-1,-1
1057,74,412,114,20,14,-1,-1,-1
1058,73,469,104,16,11,-1,-1,-1
1058,74,407,115,21,14,-1,-1,-1
1059,73,466,104,16,11,-1,-1,-1
1059,74,402,115,21,14,-1,-1,-1
1060,73,463,105,16,12,-1,-1,-1
1060,74,397,116,21,15,-1,-1,-1
1061,73,460,106,16,12,-1,-1,-1
1061,74,391,116,21,15,-1,-1,-1
1062,73,457,106,16,12,-1,-1,-1
1062,74,384,117,22,15,-1,-1,-1
1063,73,454,107,16,12,-1,-1,-1
1063,74,378,117,22,16,-1,-1,-1
1064,73,450,107,17,12,-1,-1,-1
1064,74,371,118,23,16,-1,-1,-1
1065,73,447,107,17,12,-1,-1,-1
1065,74,365,119,24,16,-1,-1,-1
1066,73,443,108,17,12,-1,-1,-1
1066,74,358,121,24,16,-1,-1,-1
1067,73,439,108,17,12,-1,-1,-1
1067,74,350,122,24,16,-1,-1,-1
1068,73,436,109,18,12,-1,-1,-1
1068,74,343,123,25,16,-1,-1,-1
1069,73,432,109,19,12,-1,-1,-1
1069,74,335,125,25,16,-1,-1,-1
1070,73,428,110,19,13,-1,-1,-1
1070,74,327,126,25,16,-1,-1,-1
1071,73,425,110,19,13,-1,-1,-1
1071,74,319,127,26,17,-1,-1,-1
1072,73,420,111,19,13,-1,-1,-1
1072,74,310,128,27,17,-1,-1,-1
1073,73,416,111,20,13,-1,-1,-1
1073,74,300,129,27,17,-1,-1,-1
1074,73,411,112,20,13,-1,-1,-1
1074,74,290,130,27,18,-1,-1,-1
1075,73,406,113,20,13,-1,-1,-1
1075,74,280,131,28,18,-1,-1,-1
1076,73,401,113,20,13,-1,-1,-1
1076,74,274,132,29,18,-1,-1,-1
1077,73,396,114,21,14,-1,-1,-1
1077,74,270,133,29,19,-1,-1,-1
1078,73,391,115,21,14,-1,-1,-1
1079,73,385,115,22,14,-1,-1,-1
1080,73,380,116,23,15,-1,-1,-1
1081,73,375,116,22,15,-1,-1,-1
1082,73,372,116,22,15,-1,-1,-1
1083,73,371,117,22,15,-1,-1,-1
1089,75,314,126,24,16,-1,-1,-1
1090,75,311,126,25,16,-1,-1,-1
1091,75,310,127,25,16,-1,-1,-1
1106,76,522,132,19,14,-1,-1,-1
1107,76,523,132,19,14,-1,-1,-1
1108,76,524,132,19,14,-1,-1,-1
1110,77,536,127,18,13,-1,-1,-1
1111,77,537,126,18,13,-1,-1,-1
1112,77,538,126,18,13,-1,-1,-1
1128,78,581,113,15,11,-1,-1,-1
1129,78,582,113,15,11,-1,-1,-1
1129,79,451,108,17,12,-1,-1,-1
1130,78,583,112,15,11,-1,-1,-1
1130,79,448,108,18,12,-1,-1,-1
1131,78,584,112,15,11,-1,-1,-1
1131,79,445,109,18,12,-1,-1,-1
1132,78,585,112,15,11,-1,-1,-1
1132,79,442,109,18,12,-1,-1,-1
1133,79,438,110,19,13,-1,-1,-1
1134,79,434,110,19,13,-1,-1,-1
1135,79,431,110,19,13,-1,-1,-1
1136,79,427,111,19,13,-1,-1,-1
1137,79,422,112,18,13,-1,-1,-1
1138,79,417,112,18,13,-1,-1,-1
1139,79,412,113,18,13,-1,-1,-1
1140,79,407,114,18,13,-1,-1,-1
1141,79,402,114,18,13,-1,-1,-1
1142,79,396,115,18,13,-1,-1,-1
1143,79,391,116,18,13,-1,-1,-1
1144,79,388,116,18,13,-1,-1,-1
1145,79,387,117,18,13,-1,-1,-1
1147,81,360,119,21,14,-1,-1,-1
1148,80,388,177,33,24,-1,-1,-1
1148,81,355,120,21,14,-1,-1,-1
1149,80,396,174,32,23,-1,-1,-1
1149,81,351,121,21,14,-1,-1,-1
1150,80,403,171,31,23,-1,-1,-1
1150,81,344,122,21,14,-1,-1,-1
1151,80,407,170,31,23,-1,-1,-1
1151,81,337,124,22,14,-1,-1,-1
1152,80,410,168,31,23,-1,-1,-1
1152,81,329,126,22,14,-1,-1,-1
1153,81,321,127,22,14,-1,-1,-1
1154,81,312,129,23,14,-1,-1,-1
1155,81,304,130,24,14,-1,-1,-1
1156,81,294,131,25,14,-1,-1,-1
1157,81,284,131,25,15,-1,-1,-1
1158,81,275,133,25,15,-1,-1,-1
1158,82,472,147,24,17,-1,-1,-1
1159,81,265,134,25,15,-1,-1,-1
1159,82,476,146,23,17,-1,-1,-1
1160,81,260,135,25,15,-1,-1,-1
1160,82,480,145,23,16,-1,-1,-1
1161,81,256,136,25,15,-1,-1,-1
1161,82,486,143,22,16,-1,-1,-1
1162,82,491,142,22,16,-1,-1,-1
1163,82,496,140,21,16,-1,-1,-1
1164,82,498,139,21,16,-1,-1,-1
1165,82,500,139,21,16,-1,-1,-1
1178,83,483,105,16,11,-1,-1,-1
1179,83,481,105,16,11,-1,-1,-1
1180,83,481,105,16,11,-1,-1,-1
1181,83,480,105,16,11,-1,-1,-1
1185,84,460,109,15,11,-1,-1,-1
1186,84,458,109,15,11,-1,-1,-1
1187,84,455,110,16,11,-1,-1,-1
1187,85,491,102,16,10,-1,-1,-1
1188,84,452,111,16,12,-1,-1,-1
1188,85,489,102,16,10,-1,-1,-1
1189,84,449,111,16,12,-1,-1,-1
1189,85,488,102,16,10,-1,-1,-1
1190,84,445,112,17,12,-1,-1,-1
1190,85,486,103,16,10,-1,-1,-1
1191,84,441,113,17,12,-1,-1,-1
1191,85,484,103,16,10,-1,-1,-1
1192,84,437,113,17,13,-1,-1,-1
1192,85,482,103,16,10,-1,-1,-1
1193,84,432,113,18,13,-1,-1,-1
1193,85,480,104,17,10,-1,-1,-1
1194,84,428,114,17,13,-1,-1,-1
1194,85,477,104,17,10,-1,-1,-1
1195,84,423,114,17,13,-1,-1,-1
1195,85,475,104,17,10,-1,-1,-1
1196,84,418,115,18,13,-1,-1,-1
1196,85,471,104,17,10,-1,-1,-1
1197,84,413,116,18,13,-1,-1,-1
1197,85,468,104,17,11,-1,-1,-1
1198,84,408,116,18,13,-1,-1,-1
1198,85,465,104,17,11,-1,-1,-1
1199,84,403,117,18,14,-1,-1,-1
1199,85,462,105,16,11,-1,-1,-1
1200,84,397,117,18,14,-1,-1,-1
1200,85,459,106,16,11,-1,-1,-1
1201,84,392,118,18,14,-1,-1,-1
1201,85,456,107,16,11,-1,-1,-1
1201,86,230,205,110,64,-1,-1,-1
1202,84,389,118,18,13,-1,-1,-1
1202,85,454,107,16,11,-1,-1,-1
1202,86,245,200,105,65,-1,-1,-1
1203,84,387,119,18,13,-1,-1,-1
1203,85,451,107,17,11,-1,-1,-1
1203,86,260,197,97,62,-1,-1,-1
1204,85,447,108,17,11,-1,-1,-1
1204,86,279,194,88,57,-1,-1,-1
1205,85,443,108,17,12,-1,-1,-1
1205,86,298,191,78,50,-1,-1,-1
1205,87,359,123,22,14,-1,-1,-1
1206,85,439,109,18,12,-1,-1,-1
1206,86,314,187,71,46,-1,-1,-1
1206,87,354,124,22,14,-1,-1,-1
1207,85,435,109,18,12,-1,-1,-1
1207,86,331,182,65,43,-1,-1,-1
1207,87,349,125,22,14,-1,-1,-1
1208,85,432,110,19,12,-1,-1,-1
1208,86,348,177,61,40,-1,-1,-1
1208,87,346,126,22,14,-1,-1,-1
1209,85,428,110,19,12,-1,-1,-1
1209,86,361,173,58,38,-1,-1,-1
1209,87,344,126,22,14,-1,-1,-1
1210,85,423,110,21,13,-1,-1,-1
1210,86,373,169,55,36,-1,-1,-1
1211,85,418,111,21,13,-1,-1,-1
1211,86,384,165,54,36,-1,-1,-1
1212,85,413,111,22,13,-1,-1,-1
1212,86,395,162,53,35,-1,-1,-1
1213,85,409,112,22,13,-1,-1,-1
1213,86,405,159,52,33,-1,-1,-1
1214,85,405,113,21,13,-1,-1,-1
1214,86,415,157,49,30,-1,-1,-1
1215,85,400,114,21,13,-1,-1,-1
1215,86,424,155,45,28,-1,-1,-1
1216,85,395,114,21,13,-1,-1,-1
1216,86,433,154,42,26,-1,-1,-1
1217,85,390,115,20,13,-1,-1,-1
1217,86,442,152,39,25,-1,-1,-1
1218,85,387,115,21,13,-1,-1,-1
1218,86,450,149,36,24,-1,-1,-1
1219,85,386,116,20,13,-1,-1,-1
1219,86,458,147,35,23,-1,-1,-1
1220,86,464,145,34,23,-1,-1,-1
1221,86,471,144,33,23,-1,-1,-1
1222,86,474,143,33,23,-1,-1,-1
1223,86,476,142,32,23,-1,-1,-1
1224,88,345,123,21,12,-1,-1,-1
1225,88,339,123,22,13,-1,-1,-1
1225,89,500,134,27,21,-1,-1,-1
1226,88,335,124,22,13,-1,-1,-1
1226,89,502,133,27,20,-1,-1,-1
1227,88,327,125,23,13,-1,-1,-1
1227,89,505,132,27,20,-1,-1,-1
1228,88,320,126,23,14,-1,-1,-1
1228,89,507,131,27,19,-1,-1,-1
1229,88,312,127,23,14,-1,-1,-1
1229,89,511,131,26,18,-1,-1,-1
1230,88,304,128,24,14,-1,-1,-1
1230,89,514,131,26,18,-1,-1,-1
1231,88,297,129,24,15,-1,-1,-1
1231,89,515,130,26,17,-1,-1,-1
1232,88,288,129,24,15,-1,-1,-1
1232,89,516,130,26,17,-1,-1,-1
1233,88,280,131,24,15,-1,-1,-1
1234,88,271,131,23,15,-1,-1,-1
1235,88,261,133,24,15,-1,-1,-1
1236,88,251,135,25,16,-1,-1,-1
1237,88,240,137,25,16,-1,-1,-1
1238,88,229,139,26,17,-1,-1,-1
1239,88,224,139,27,17,-1,-1,-1
1240,88,220,140,27,17,-1,-1,-1
1247,90,489,100,16,13,-1,-1,-1
1248,90,487,100,16,13,-1,-1,-1
1249,90,485,101,16,13,-1,-1,-1
1250,90,482,101,16,13,-1,-1,-1
1251,90,480,102,17,13,-1,-1,-1
1252,90,477,102,18,13,-1,-1,-1
1253,90,474,102,18,13,-1,-1,-1
1254,90,471,103,18,13,-1,-1,-1
1255,90,467,103,18,13,-1,-1,-1
1256,90,464,103,18,13,-1,-1,-1
1257,90,461,103,18,13,-1,-1,-1
1258,90,457,103,18,14,-1,-1,-1
1259,90,453,103,18,14,-1,-1,-1
1260,90,450,103,19,15,-1,-1,-1
1261,90,446,104,19,15,-1,-1,-1
1262,90,442,105,19,15,-1,-1,-1
1263,90,438,106,19,15,-1,-1,-1
1264,90,434,106,19,15,-1,-1,-1
1265,90,429,107,19,15,-1,-1,-1
1266,90,425,108,20,15,-1,-1,-1
1267,90,420,108,20,15,-1,-1,-1
1268,90,415,109,21,16,-1,-1,-1
1269,90,409,109,22,16,-1,-1,-1
1270,90,403,110,22,16,-1,-1,-1
1271,90,396,111,23,17,-1,-1,-1
1272,90,389,112,24,17,-1,-1,-1
1273,90,382,112,24,17,-1,-1,-1
1274,90,375,113,24,18,-1,-1,-1
1275,90,369,114,25,17,-1,-1,-1
1276,90,361,114,25,18,-1,-1,-1
1277,90,354,115,25,17,-1,-1,-1
1278,90,347,116,25,18,-1,-1,-1
1279,90,340,117,25,18,-1,-1,-1
1280,90,332,118,26,19,-1,-1,-1
1281,90,323,119,27,20,-1,-1,-1
1282,90,314,120,28,20,-1,-1,-1
1283,90,305,121,28,21,-1,-1,-1
1284,90,297,122,29,21,-1,-1,-1
1285,90,287,123,30,22,-1,-1,-1
1286,90,277,124,30,22,-1,-1,-1
1287,90,267,125,30,23,-1,-1,-1
1288,90,256,126,31,24,-1,-1,-1
1289,90,245,126,32,25,-1,-1,-1
1290,90,232,127,34,27,-1,-1,-1
1291,90,219,128,35,29,-1,-1,-1
1292,90,205,129,36,31,-1,-1,-1
1293,90,190,131,38,31,-1,-1,-1
1294,90,174,133,41,32,-1,-1,-1
1295,90,156,136,44,31,-1,-1,-1
1296,90,140,138,46,31,-1,-1,-1
1297,90,121,141,47,31,-1,-1,-1
1298,90,112,142,48,31,-1,-1,-1
1299,90,104,143,48,31,-1,-1,-1
1307,91,23,240,137,107,-1,-1,-1
1308,91,25,236,144,109,-1,-1,-1
1309,91,24,236,145,109,-1,-1,-1
1314,150,145,187,176,88,-1,-1,-1
1315,150,169,180,169,87,-1,-1,-1
1316,150,189,176,162,87,-1,-1,-1
1317,150,214,170,153,86,-1,-1,-1
1318,150,236,165,146,84,-1,-1,-1
1319,150,258,160,137,78,-1,-1,-1
1320,150,280,157,127,73,-1,-1,-1
1321,150,300,154,117,69,-1,-1,-1
1322,150,319,150,110,67,-1,-1,-1
1323,150,336,147,102,63,-1,-1,-1
1324,150,353,145,95,59,-1,-1,-1
1325,150,367,142,89,56,-1,-1,-1
1326,150,380,139,85,55,-1,-1,-1
1327,150,391,137,81,54,-1,-1,-1
1328,150,402,134,76,53,-1,-1,-1
1329,150,413,132,73,52,-1,-1,-1
1330,150,422,131,69,50,-1,-1,-1
1331,150,432,129,65,49,-1,-1,-1
1332,150,441,128,62,48,-1,-1,-1
1333,150,448,127,60,47,-1,-1,-1
1334,150,455,126,58,45,-1,-1,-1
1335,150,462,124,56,44,-1,-1,-1
1336,150,469,123,54,42,-1,-1,-1
1337,150,476,122,52,40,-1,-1,-1
1338,150,482,121,51,39,-1,-1,-1
1339,150,488,120,49,38,-1,-1,-1
1340,150,493,118,46,37,-1,-1,-1
1341,150,499,117,43,37,-1,-1,-1
1342,150,506,116,40,37,-1,-1,-1
1343,150,511,114,38,36,-1,-1,-1
1344,150,515,114,37,35,-1,-1,-1
1345,150,519,114,36,32,-1,-1,-1
1346,150,523,114,35,30,-1,-1,-1
1347,150,527,114,33,27,-1,-1,-1
1348,150,528,114,32,26,-1,-1,-1
1349,150,529,114,32,25,-1,-1,-1
1351,93,545,112,32,25,-1,-1,-1
1352,93,547,111,31,24,-1,-1,-1
1353,93,549,111,31,24,-1,-1,-1
1354,93,551,110,31,24,-1,-1,-1
1355,93,553,110,30,23,-1,-1,-1
1356,93,555,109,30,23,-1,-1,-1
1357,93,557,108,30,23,-1,-1,-1
1358,93,559,108,30,23,-1,-1,-1
1359,92,565,107,27,21,-1,-1,-1
1359,93,561,107,30,23,-1,-1,-1
1360,92,565,107,27,21,-1,-1,-1
1360,93,563,106,29,22,-1,-1,-1
1361,92,566,106,26,21,-1,-1,-1
1361,93,565,106,29,22,-1,-1,-1
1362,93,567,105,29,22,-1,-1,-1
1363,93,570,104,28,22,-1,-1,-1
1364,93,572,104,27,21,-1,-1,-1
1365,93,575,104,26,21,-1,-1,-1
1366,93,577,103,25,20,-1,-1,-1
1367,93,579,103,24,20,-1,-1,-1
1368,93,581,103,23,20,-1,-1,-1
1369,93,583,103,22,19,-1,-1,-1
1370,93,585,103,21,18,-1,-1,-1
1371,93,587,102,21,17,-1,-1,-1
1372,93,589,102,22,17,-1,-1,-1
1373,93,590,102,22,17,-1,-1,-1
1374,93,591,101,22,17,-1,-1,-1
1375,93,593,101,22,17,-1,-1,-1
1376,93,594,101,22,17,-1,-1,-1
1377,93,595,101,22,17,-1,-1,-1
1378,93,596,101,22,17,-1,-1,-1
1379,93,597,101,22,17,-1,-1,-1
1380,93,598,101,21,16,-1,-1,-1
1381,93,599,100,21,16,-1,-1,-1
1381,94,439,148,23,17,-1,-1,-1
1382,93,600,100,21,16,-1,-1,-1
1382,94,444,146,23,17,-1,-1,-1
1383,93,602,100,20,16,-1,-1,-1
1383,94,449,145,22,16,-1,-1,-1
1384,93,603,100,20,16,-1,-1,-1
1384,94,455,144,21,16,-1,-1,-1
1385,93,604,100,20,16,-1,-1,-1
1385,94,461,142,20,16,-1,-1,-1
1386,93,605,100,20,16,-1,-1,-1
1386,94,467,140,20,16,-1,-1,-1
1387,93,606,100,20,16,-1,-1,-1
1387,94,473,139,19,16,-1,-1,-1
1388,93,607,99,20,16,-1,-1,-1
1388,94,479,137,19,15,-1,-1,-1
1389,93,608,99,20,16,-1,-1,-1
1389,94,485,135,19,15,-1,-1,-1
1390,93,610,99,20,16,-1,-1,-1
1390,94,490,133,19,15,-1,-1,-1
1391,93,611,99,20,15,-1,-1,-1
1391,94,495,131,19,15,-1,-1,-1
1392,93,612,99,20,15,-1,-1,-1
1392,94,500,130,19,15,-1,-1,-1
1393,93,612,98,20,15,-1,-1,-1
1393,94,502,129,19,15,-1,-1,-1
1394,93,613,98,20,15,-1,-1,-1
1394,94,504,129,19,15,-1,-1,-1
1395,93,613,98,20,15,-1,-1,-1
1396,93,613,98,20,15,-1,-1,-1
1396,95,520,125,18,13,-1,-1,-1
1397,95,523,124,18,13,-1,-1,-1
1398,95,525,124,18,13,-1,-1,-1
1399,95,526,124,18,12,-1,-1,-1
1400,95,527,123,18,12,-1,-1,-1
1405,96,508,130,18,14,-1,-1,-1
1406,96,511,129,17,14,-1,-1,-1
1406,97,550,117,16,11,-1,-1,-1
1407,96,512,129,17,14,-1,-1,-1
1407,97,552,117,16,11,-1,-1,-1
1408,96,513,129,16,14,-1,-1,-1
1408,97,553,116,16,11,-1,-1,-1
1409,97,555,115,16,12,-1,-1,-1
1410,97,558,115,16,11,-1,-1,-1
1411,97,560,114,16,11,-1,-1,-1
1412,97,563,114,15,11,-1,-1,-1
1413,97,565,114,15,11,-1,-1,-1
1414,97,567,113,15,10,-1,-1,-1
1415,97,569,113,15,10,-1,-1,-1
1416,97,570,113,15,10,-1,-1,-1
1417,97,571,113,15,10,-1,-1,-1
1422,98,583,109,14,11,-1,-1,-1
1423,98,583,109,14,11,-1,-1,-1
1424,98,584,109,14,11,-1,-1,-1
1428,99,457,108,17,12,-1,-1,-1
1429,99,454,108,17,12,-1,-1,-1
1430,99,452,108,17,12,-1,-1,-1
1431,99,448,108,18,12,-1,-1,-1
1432,99,445,108,18,12,-1,-1,-1
1433,99,442,109,18,13,-1,-1,-1
1434,99,437,109,19,13,-1,-1,-1
1435,99,433,110,18,13,-1,-1,-1
1436,99,429,111,18,13,-1,-1,-1
1437,99,424,111,18,13,-1,-1,-1
1438,99,419,112,18,13,-1,-1,-1
1439,99,414,113,18,13,-1,-1,-1
1440,99,408,113,18,13,-1,-1,-1
1441,99,403,114,18,13,-1,-1,-1
1442,99,398,115,19,13,-1,-1,-1
1443,99,392,116,19,13,-1,-1,-1
1444,99,388,116,19,13,-1,-1,-1
1445,99,387,116,19,13,-1,-1,-1
1455,100,498,96,26,17,-1,-1,-1
1456,100,496,96,26,17,-1,-1,-1
1456,101,537,97,16,10,-1,-1,-1
1457,100,494,96,25,16,-1,-1,-1
1457,101,536,97,16,10,-1,-1,-1
1458,100,490,97,25,16,-1,-1,-1
1458,101,535,97,16,10,-1,-1,-1
1459,100,488,97,26,16,-1,-1,-1
1459,101,534,97,16,10,-1,-1,-1
1460,100,485,97,27,17,-1,-1,-1
1460,101,533,97,16,10,-1,-1,-1
1461,100,482,98,27,17,-1,-1,-1
1461,101,531,97,16,10,-1,-1,-1
1462,100,479,98,27,17,-1,-1,-1
1462,101,530,97,16,10,-1,-1,-1
1463,100,475,99,27,17,-1,-1,-1
1463,101,528,97,16,10,-1,-1,-1
1464,100,473,99,28,17,-1,-1,-1
1464,101,527,97,16,10,-1,-1,-1
1464,104,499,100,17,13,-1,-1,-1
1465,100,471,99,27,17,-1,-1,-1
1465,101,524,97,16,11,-1,-1,-1
1465,104,497,100,17,13,-1,-1,-1
1466,101,523,97,17,11,-1,-1,-1
1466,104,496,101,17,13,-1,-1,-1
1467,101,521,98,17,11,-1,-1,-1
1467,104,493,101,17,12,-1,-1,-1
1468,101,520,98,17,11,-1,-1,-1
1468,104,491,102,16,12,-1,-1,-1
1469,101,519,98,17,11,-1,-1,-1
1469,104,488,102,16,12,-1,-1,-1
1470,104,485,103,16,12,-1,-1,-1
1471,104,482,103,16,13,-1,-1,-1
1472,104,479,103,17,13,-1,-1,-1
1473,104,477,103,17,14,-1,-1,-1
1474,103,499,140,19,14,-1,-1,-1
1474,104,474,103,17,13,-1,-1,-1
1475,103,503,139,18,14,-1,-1,-1
1475,104,471,103,18,14,-1,-1,-1
1476,103,506,138,18,13,-1,-1,-1
1476,104,468,103,17,13,-1,-1,-1
1477,102,498,100,17,12,-1,-1,-1
1477,103,511,137,18,13,-1,-1,-1
1477,104,465,103,18,13,-1,-1,-1
1477,105,407,109,32,18,-1,-1,-1
1478,102,496,100,17,12,-1,-1,-1
1478,103,515,136,18,13,-1,-1,-1
1478,104,461,103,18,13,-1,-1,-1
1478,105,403,108,35,20,-1,-1,-1
1479,102,495,100,17,12,-1,-1,-1
1479,103,519,134,18,13,-1,-1,-1
1479,104,457,104,19,13,-1,-1,-1
1479,105,400,107,38,22,-1,-1,-1
1480,102,492,100,18,12,-1,-1,-1
1480,103,523,133,18,13,-1,-1,-1
1480,104,453,104,20,13,-1,-1,-1
1480,105,396,106,41,23,-1,-1,-1
1481,102,490,100,18,12,-1,-1,-1
1481,103,527,131,18,13,-1,-1,-1
1481,104,450,104,20,13,-1,-1,-1
1481,105,390,106,44,24,-1,-1,-1
1482,102,488,100,18,12,-1,-1,-1
1482,103,531,130,18,12,-1,-1,-1
1482,104,446,105,20,13,-1,-1,-1
1482,105,384,107,47,24,-1,-1,-1
1483,102,486,100,18,12,-1,-1,-1
1483,103,533,129,18,12,-1,-1,-1
1483,104,443,106,20,13,-1,-1,-1
1483,105,377,107,49,25,-1,-1,-1
1484,102,483,101,18,13,-1,-1,-1
1484,103,534,129,18,12,-1,-1,-1
1484,104,440,106,20,13,-1,-1,-1
1484,105,371,107,51,26,-1,-1,-1
1485,102,480,101,18,13,-1,-1,-1
1485,104,436,107,21,13,-1,-1,-1
1485,105,364,107,53,27,-1,-1,-1
1486,102,477,101,18,13,-1,-1,-1
1486,104,432,107,21,14,-1,-1,-1
1486,105,357,107,56,28,-1,-1,-1
1487,102,474,101,18,14,-1,-1,-1
1487,104,427,108,21,14,-1,-1,-1
1487,105,349,108,58,29,-1,-1,-1
1488,102,471,101,18,13,-1,-1,-1
1488,104,423,109,22,14,-1,-1,-1
1488,105,342,108,59,30,-1,-1,-1
1489,102,468,101,19,13,-1,-1,-1
1489,104,418,109,23,14,-1,-1,-1
1489,105,333,108,61,32,-1,-1,-1
1490,102,465,102,19,14,-1,-1,-1
1490,104,413,109,24,15,-1,-1,-1
1490,105,325,108,62,34,-1,-1,-1
1491,102,461,102,19,15,-1,-1,-1
1491,104,408,109,25,16,-1,-1,-1
1491,105,315,109,65,35,-1,-1,-1
1492,102,458,102,20,15,-1,-1,-1
1492,104,403,109,25,16,-1,-1,-1
1492,105,307,110,67,37,-1,-1,-1
1493,102,455,102,20,15,-1,-1,-1
1493,104,398,110,26,17,-1,-1,-1
1493,105,297,110,69,38,-1,-1,-1
1494,102,451,102,21,15,-1,-1,-1
1494,104,393,111,26,17,-1,-1,-1
1494,105,288,111,69,39,-1,-1,-1
1495,102,448,102,21,16,-1,-1,-1
1495,104,387,112,26,17,-1,-1,-1
1495,105,279,112,70,40,-1,-1,-1
1496,102,444,102,22,16,-1,-1,-1
1496,104,381,112,27,17,-1,-1,-1
1496,105,269,113,71,40,-1,-1,-1
1497,102,441,103,21,16,-1,-1,-1
1497,104,375,113,28,17,-1,-1,-1
1497,105,258,114,72,41,-1,-1,-1
1498,102,436,104,21,16,-1,-1,-1
1498,104,368,113,29,17,-1,-1,-1
1498,105,246,116,72,41,-1,-1,-1
1499,102,432,105,22,16,-1,-1,-1
1499,104,362,114,30,17,-1,-1,-1
1499,105,232,118,71,41,-1,-1,-1
1500,102,427,105,22,16,-1,-1,-1
1500,104,356,114,31,18,-1,-1,-1
1500,105,217,121,71,41,-1,-1,-1
1501,102,423,106,23,16,-1,-1,-1
1501,104,349,115,32,18,-1,-1,-1
1501,105,201,123,72,41,-1,-1,-1
1502,102,417,106,24,17,-1,-1,-1
1502,104,341,116,33,18,-1,-1,-1
1502,105,184,126,74,42,-1,-1,-1
1503,102,413,106,25,18,-1,-1,-1
1503,104,334,117,35,19,-1,-1,-1
1503,105,175,127,75,42,-1,-1,-1
1504,102,408,106,25,18,-1,-1,-1
1504,104,326,118,37,20,-1,-1,-1
1504,105,169,128,76,42,-1,-1,-1
1505,102,404,107,25,19,-1,-1,-1
1505,104,317,119,39,20,-1,-1,-1
1506,102,399,108,26,18,-1,-1,-1
1506,104,308,120,41,21,-1,-1,-1
1507,102,393,108,27,18,-1,-1,-1
1507,104,300,121,41,22,-1,-1,-1
1508,102,387,109,28,18,-1,-1,-1
1508,104,291,121,41,22,-1,-1,-1
1509,102,381,110,28,18,-1,-1,-1
1509,104,282,122,42,22,-1,-1,-1
1510,102,375,110,29,19,-1,-1,-1
1510,104,272,123,43,23,-1,-1,-1
1511,102,369,111,30,19,-1,-1,-1
1511,104,261,124,46,24,-1,-1,-1
1512,102,362,112,31,20,-1,-1,-1
1512,104,250,124,48,26,-1,-1,-1
1513,102,355,113,32,20,-1,-1,-1
1513,104,238,125,50,27,-1,-1,-1
1514,102,348,114,32,20,-1,-1,-1
1514,104,225,126,53,28,-1,-1,-1
1515,102,341,114,33,21,-1,-1,-1
1515,104,212,127,56,29,-1,-1,-1
1516,102,333,115,34,21,-1,-1,-1
1516,104,199,129,58,30,-1,-1,-1
1517,102,325,116,36,22,-1,-1,-1
1517,104,187,131,58,31,-1,-1,-1
1518,102,316,117,38,22,-1,-1,-1
1518,104,172,133,59,32,-1,-1,-1
1519,102,308,117,38,24,-1,-1,-1
1519,104,156,135,61,32,-1,-1,-1
1520,102,300,116,40,27,-1,-1,-1
1520,104,138,137,65,33,-1,-1,-1
1521,102,293,115,40,30,-1,-1,-1
1521,104,121,140,66,33,-1,-1,-1
1522,102,284,115,41,30,-1,-1,-1
1522,104,103,142,67,35,-1,-1,-1
1523,102,275,116,42,30,-1,-1,-1
1523,104,84,144,68,36,-1,-1,-1
1524,102,264,118,44,30,-1,-1,-1
1524,104,74,145,70,37,-1,-1,-1
1525,102,253,119,46,31,-1,-1,-1
1525,104,68,145,71,37,-1,-1,-1
1526,102,240,120,48,32,-1,-1,-1
1527,102,227,121,50,33,-1,-1,-1
1528,102,215,122,52,34,-1,-1,-1
1529,102,202,124,53,35,-1,-1,-1
1530,102,190,125,55,36,-1,-1,-1
1531,102,175,126,56,38,-1,-1,-1
1532,102,159,127,58,39,-1,-1,-1
1533,102,140,129,63,40,-1,-1,-1
1534,102,121,130,66,41,-1,-1,-1
1535,102,101,133,69,42,-1,-1,-1
1536,102,84,134,69,43,-1,-1,-1
1537,102,68,136,66,44,-1,-1,-1
1538,102,50,137,65,45,-1,-1,-1
1539,102,34,139,63,47,-1,-1,-1
1540,102,24,140,63,48,-1,-1,-1
1541,102,21,140,61,48,-1,-1,-1
1552,106,524,99,16,10,-1,-1,-1
1553,106,524,99,16,10,-1,-1,-1
1554,106,524,99,16,10,-1,-1,-1
1555,106,524,99,16,10,-1,-1,-1
1556,106,524,99,16,10,-1,-1,-1
1564,107,495,102,16,11,-1,-1,-1
1565,107,493,102,16,10,-1,-1,-1
1566,107,491,103,16,10,-1,-1,-1
1567,107,488,103,16,10,-1,-1,-1
1568,107,486,103,16,10,-1,-1,-1
1569,107,484,103,16,11,-1,-1,-1
1570,107,481,104,15,11,-1,-1,-1
1571,107,478,104,16,11,-1,-1,-1
1572,107,475,104,16,11,-1,-1,-1
1573,107,471,104,16,11,-1,-1,-1
1574,107,468,104,16,12,-1,-1,-1
1575,107,465,105,16,12,-1,-1,-1
1576,107,461,105,17,12,-1,-1,-1
1577,107,457,106,17,12,-1,-1,-1
1578,107,454,107,18,12,-1,-1,-1
1579,107,450,107,18,13,-1,-1,-1
1580,107,446,108,19,13,-1,-1,-1
1581,107,442,108,19,13,-1,-1,-1
1582,107,438,109,19,14,-1,-1,-1
1583,107,434,109,19,14,-1,-1,-1
1584,107,430,110,19,14,-1,-1,-1
1585,107,426,111,19,13,-1,-1,-1
1586,107,421,111,19,13,-1,-1,-1
1587,107,418,111,19,13,-1,-1,-1
1588,107,417,111,19,13,-1,-1,-1
1593,108,376,117,22,14,-1,-1,-1
1594,108,371,117,22,14,-1,-1,-1
1595,108,367,118,22,14,-1,-1,-1
1596,108,360,119,23,14,-1,-1,-1
1597,108,353,121,23,14,-1,-1,-1
1598,108,345,121,24,15,-1,-1,-1
1599,108,337,122,25,15,-1,-1,-1
1600,108,329,123,26,16,-1,-1,-1
1601,108,320,124,27,16,-1,-1,-1
1602,108,311,125,27,16,-1,-1,-1
1603,108,301,127,27,16,-1,-1,-1
1604,108,292,128,27,16,-1,-1,-1
1605,108,287,128,27,16,-1,-1,-1
1606,108,284,129,27,16,-1,-1,-1
1612,109,479,145,21,16,-1,-1,-1
1612,111,552,93,19,13,-1,-1,-1
1613,109,483,143,20,16,-1,-1,-1
1613,111,551,93,19,13,-1,-1,-1
1614,109,487,142,20,16,-1,-1,-1
1614,111,550,93,19,13,-1,-1,-1
1615,109,493,141,19,16,-1,-1,-1
1615,111,550,93,19,13,-1,-1,-1
1616,109,498,139,19,15,-1,-1,-1
1616,111,549,92,19,13,-1,-1,-1
1617,109,503,138,19,15,-1,-1,-1
1617,111,548,92,19,13,-1,-1,-1
1618,109,508,136,18,15,-1,-1,-1
1618,111,547,92,19,13,-1,-1,-1
1619,109,513,135,18,15,-1,-1,-1
1619,111,546,92,18,13,-1,-1,-1
1620,109,517,134,18,15,-1,-1,-1
1620,111,545,92,18,13,-1,-1,-1
1621,109,521,132,19,15,-1,-1,-1
1621,111,544,92,18,13,-1,-1,-1
1622,109,524,131,19,14,-1,-1,-1
1622,111,543,92,18,13,-1,-1,-1
1623,109,527,130,20,14,-1,-1,-1
1623,111,542,92,17,13,-1,-1,-1
1624,109,530,128,20,14,-1,-1,-1
1624,111,541,92,17,13,-1,-1,-1
1625,109,532,128,19,14,-1,-1,-1
1625,111,540,92,17,13,-1,-1,-1
1626,109,534,128,19,14,-1,-1,-1
1626,110,489,97,19,15,-1,-1,-1
1626,111,539,92,16,13,-1,-1,-1
1627,110,487,97,20,15,-1,-1,-1
1627,111,538,92,16,13,-1,-1,-1
1628,110,485,98,21,15,-1,-1,-1
1628,111,538,93,16,13,-1,-1,-1
1628,112,549,124,18,13,-1,-1,-1
1629,110,483,98,21,14,-1,-1,-1
1629,111,536,93,16,13,-1,-1,-1
1629,112,551,123,17,13,-1,-1,-1
1630,110,480,99,21,14,-1,-1,-1
1630,111,536,93,16,13,-1,-1,-1
1630,112,552,123,17,12,-1,-1,-1
1631,110,477,99,21,14,-1,-1,-1
1631,111,534,93,16,13,-1,-1,-1
1631,112,552,123,17,12,-1,-1,-1
1632,110,475,99,22,14,-1,-1,-1
1632,111,532,94,16,13,-1,-1,-1
1633,110,474,99,22,14,-1,-1,-1
1633,111,530,94,17,13,-1,-1,-1
1634,111,529,94,17,13,-1,-1,-1
1634,113,565,119,17,12,-1,-1,-1
1635,111,527,94,17,13,-1,-1,-1
1635,113,566,118,17,12,-1,-1,-1
1636,111,526,94,17,13,-1,-1,-1
1636,113,568,118,16,11,-1,-1,-1
1637,111,524,94,17,13,-1,-1,-1
1637,113,570,117,16,11,-1,-1,-1
1637,114,455,100,28,16,-1,-1,-1
1637,120,502,102,14,10,-1,-1,-1
1638,111,523,94,18,13,-1,-1,-1
1638,113,573,116,15,11,-1,-1,-1
1638,114,453,100,28,16,-1,-1,-1
1638,120,500,102,14,10,-1,-1,-1
1639,111,521,94,18,13,-1,-1,-1
1639,113,575,115,14,11,-1,-1,-1
1639,114,451,100,27,16,-1,-1,-1
1639,120,498,102,14,11,-1,-1,-1
1640,111,519,94,18,13,-1,-1,-1
1640,113,578,114,14,11,-1,-1,-1
1640,114,448,101,27,16,-1,-1,-1
1640,120,495,103,15,11,-1,-1,-1
1641,111,517,94,19,13,-1,-1,-1
1641,113,579,113,14,11,-1,-1,-1
1641,114,445,101,28,16,-1,-1,-1
1641,120,493,103,15,11,-1,-1,-1
1642,111,515,94,19,14,-1,-1,-1
1642,113,581,113,14,11,-1,-1,-1
1642,114,443,101,28,16,-1,-1,-1
1642,115,365,168,33,24,-1,-1,-1
1642,120,491,103,15,12,-1,-1,-1
1643,111,513,95,19,14,-1,-1,-1
1643,113,583,112,14,11,-1,-1,-1
1643,114,442,101,29,16,-1,-1,-1
1643,115,371,166,33,24,-1,-1,-1
1643,120,488,104,16,12,-1,-1,-1
1644,111,511,95,19,14,-1,-1,-1
1644,113,585,111,13,11,-1,-1,-1
1644,115,373,166,33,23,-1,-1,-1
1644,120,485,104,16,12,-1,-1,-1
1645,111,509,95,19,14,-1,-1,-1
1645,113,587,111,14,11,-1,-1,-1
1645,115,374,166,33,23,-1,-1,-1
1645,120,482,104,17,12,-1,-1,-1
1646,111,507,95,19,14,-1,-1,-1
1646,113,588,111,14,11,-1,-1,-1
1646,120,479,105,17,11,-1,-1,-1
1647,111,505,95,20,14,-1,-1,-1
1647,113,588,110,14,11,-1,-1,-1
1647,116,382,156,54,27,-1,-1,-1
1647,120,476,106,17,11,-1,-1,-1
1648,111,503,95,21,14,-1,-1,-1
1648,116,381,155,58,28,-1,-1,-1
1648,120,472,107,18,11,-1,-1,-1
1649,111,500,95,22,15,-1,-1,-1
1649,116,381,154,58,29,-1,-1,-1
1649,120,469,107,18,11,-1,-1,-1
1650,111,498,95,22,15,-1,-1,-1
1650,117,403,104,39,22,-1,-1,-1
1650,120,465,107,18,11,-1,-1,-1
1651,111,496,95,22,16,-1,-1,-1
1651,117,399,105,39,22,-1,-1,-1
1651,120,462,108,18,11,-1,-1,-1
1652,111,494,95,22,16,-1,-1,-1
1652,117,396,105,40,22,-1,-1,-1
1652,118,460,143,24,16,-1,-1,-1
1652,120,459,108,18,11,-1,-1,-1
1653,111,493,95,22,16,-1,-1,-1
1653,117,392,105,41,22,-1,-1,-1
1653,118,465,142,23,16,-1,-1,-1
1653,120,455,108,18,12,-1,-1,-1
1654,111,491,95,22,16,-1,-1,-1
1654,117,386,106,42,21,-1,-1,-1
1654,118,466,142,22,15,-1,-1,-1
1654,120,451,109,19,12,-1,-1,-1
1655,111,489,95,22,16,-1,-1,-1
1655,117,380,106,43,22,-1,-1,-1
1655,118,468,141,22,15,-1,-1,-1
1655,120,447,110,19,12,-1,-1,-1
1656,111,487,95,22,16,-1,-1,-1
1656,117,373,106,46,22,-1,-1,-1
1656,120,443,110,19,12,-1,-1,-1
1657,111,484,96,22,16,-1,-1,-1
1657,117,367,106,49,23,-1,-1,-1
1657,120,439,111,20,12,-1,-1,-1
1658,111,481,96,22,16,-1,-1,-1
1658,117,361,107,50,24,-1,-1,-1
1658,120,436,112,20,13,-1,-1,-1
1659,111,478,97,22,16,-1,-1,-1
1659,117,354,108,48,23,-1,-1,-1
1659,119,503,130,19,14,-1,-1,-1
1659,120,431,112,20,13,-1,-1,-1
1660,111,476,97,23,17,-1,-1,-1
1660,117,348,110,48,23,-1,-1,-1
1660,119,505,129,19,14,-1,-1,-1
1660,120,427,113,21,14,-1,-1,-1
1661,111,473,97,24,17,-1,-1,-1
1661,117,341,110,49,23,-1,-1,-1
1661,119,508,129,19,14,-1,-1,-1
1661,120,422,113,21,14,-1,-1,-1
1662,111,470,97,25,18,-1,-1,-1
1662,117,334,111,53,25,-1,-1,-1
1662,119,511,128,19,14,-1,-1,-1
1662,120,417,113,21,14,-1,-1,-1
1663,111,468,96,26,19,-1,-1,-1
1663,117,326,111,55,26,-1,-1,-1
1663,119,515,126,18,14,-1,-1,-1
1663,120,413,114,21,14,-1,-1,-1
1664,111,465,96,27,19,-1,-1,-1
1664,117,317,111,60,28,-1,-1,-1
1664,119,517,126,18,14,-1,-1,-1
1664,120,408,114,21,14,-1,-1,-1
1665,111,462,96,27,19,-1,-1,-1
1665,117,308,111,61,28,-1,-1,-1
1665,119,518,126,18,14,-1,-1,-1
1665,120,403,115,21,14,-1,-1,-1
1666,111,459,96,27,19,-1,-1,-1
1666,117,298,112,63,30,-1,-1,-1
1666,120,396,116,22,14,-1,-1,-1
1667,111,455,97,27,19,-1,-1,-1
1667,117,289,113,63,31,-1,-1,-1
1667,120,391,116,22,14,-1,-1,-1
1668,111,452,97,28,20,-1,-1,-1
1668,117,280,113,65,33,-1,-1,-1
1668,120,384,117,22,14,-1,-1,-1
1669,111,450,97,28,20,-1,-1,-1
1669,117,271,115,65,33,-1,-1,-1
1669,120,379,118,22,14,-1,-1,-1
1670,111,447,97,29,20,-1,-1,-1
1670,117,264,116,66,33,-1,-1,-1
1670,120,373,119,22,14,-1,-1,-1
1671,111,444,97,30,21,-1,-1,-1
1671,117,255,118,66,33,-1,-1,-1
1671,120,368,120,23,14,-1,-1,-1
1672,111,441,98,30,20,-1,-1,-1
1672,117,251,118,67,33,-1,-1,-1
1672,120,361,121,23,14,-1,-1,-1
1673,111,438,98,31,21,-1,-1,-1
1673,117,247,119,67,33,-1,-1,-1
1673,120,355,122,24,14,-1,-1,-1
1674,111,434,98,32,21,-1,-1,-1
1674,120,348,123,24,14,-1,-1,-1
1675,111,430,98,34,22,-1,-1,-1
1675,120,341,124,25,15,-1,-1,-1
1676,111,425,98,35,22,-1,-1,-1
1676,120,333,125,25,15,-1,-1,-1
1677,111,421,98,36,23,-1,-1,-1
1677,120,324,127,26,16,-1,-1,-1
1677,121,163,131,56,34,-1,-1,-1
1678,111,417,99,37,24,-1,-1,-1
1678,120,315,128,26,16,-1,-1,-1
1678,121,150,132,59,35,-1,-1,-1
1679,111,412,99,38,24,-1,-1,-1
1679,120,306,129,26,16,-1,-1,-1
1679,121,140,133,63,36,-1,-1,-1
1680,111,407,101,39,24,-1,-1,-1
1680,120,298,130,26,16,-1,-1,-1
1680,121,132,134,67,37,-1,-1,-1
1681,111,402,101,40,24,-1,-1,-1
1681,120,288,131,27,17,-1,-1,-1
1681,121,127,134,71,38,-1,-1,-1
1682,111,397,101,41,25,-1,-1,-1
1682,120,278,132,29,18,-1,-1,-1
1683,111,392,102,43,25,-1,-1,-1
1683,120,267,134,30,18,-1,-1,-1
1684,111,386,102,44,25,-1,-1,-1
1684,120,262,134,30,18,-1,-1,-1
1685,111,380,102,46,26,-1,-1,-1
1685,120,260,134,30,18,-1,-1,-1
1686,111,374,102,47,27,-1,-1,-1
1687,111,368,102,49,28,-1,-1,-1
1688,111,362,103,50,28,-1,-1,-1
1689,111,356,103,51,29,-1,-1,-1
1690,111,350,103,53,30,-1,-1,-1
1691,111,343,103,55,31,-1,-1,-1
1692,111,337,104,57,32,-1,-1,-1
1693,111,331,104,58,32,-1,-1,-1
1694,111,324,105,59,33,-1,-1,-1
1695,111,316,105,61,34,-1,-1,-1
1696,111,308,105,63,35,-1,-1,-1
1696,123,508,98,13,13,-1,-1,-1
1697,111,300,106,64,36,-1,-1,-1
1697,123,506,98,13,13,-1,-1,-1
1697,124,526,100,14,11,-1,-1,-1
1698,111,292,106,66,37,-1,-1,-1
1698,123,504,98,14,13,-1,-1,-1
1698,124,524,100,14,11,-1,-1,-1
1699,111,284,107,66,38,-1,-1,-1
1699,123,502,98,14,13,-1,-1,-1
1699,124,523,100,14,11,-1,-1,-1
1700,111,275,108,66,38,-1,-1,-1
1700,122,476,105,15,12,-1,-1,-1
1700,123,500,98,15,13,-1,-1,-1
1700,124,521,100,14,11,-1,-1,-1
1701,111,266,109,65,38,-1,-1,-1
1701,122,475,105,15,12,-1,-1,-1
1701,123,498,98,15,13,-1,-1,-1
1701,124,519,100,14,10,-1,-1,-1
1702,111,256,111,64,38,-1,-1,-1
1702,122,475,105,15,12,-1,-1,-1
1702,123,495,98,15,13,-1,-1,-1
1702,124,518,101,14,10,-1,-1,-1
1703,111,247,111,65,39,-1,-1,-1
1703,123,493,98,16,13,-1,-1,-1
1703,124,516,101,14,10,-1,-1,-1
1704,111,238,113,66,39,-1,-1,-1
1704,123,491,98,16,14,-1,-1,-1
1704,124,514,102,14,10,-1,-1,-1
1705,111,228,114,68,40,-1,-1,-1
1705,123,489,98,16,14,-1,-1,-1
1705,124,512,102,14,11,-1,-1,-1
1705,127,457,108,17,13,-1,-1,-1
1706,111,215,115,70,40,-1,-1,-1
1706,123,487,98,17,14,-1,-1,-1
1706,124,509,102,14,11,-1,-1,-1
1706,127,454,108,17,13,-1,-1,-1
1707,111,202,116,73,41,-1,-1,-1
1707,123,484,98,17,15,-1,-1,-1
1707,124,508,102,13,11,-1,-1,-1
1707,127,452,109,18,13,-1,-1,-1
1708,111,189,117,76,42,-1,-1,-1
1708,123,482,99,17,14,-1,-1,-1
1708,124,506,102,13,11,-1,-1,-1
1708,127,448,110,18,13,-1,-1,-1
1709,111,176,118,77,43,-1,-1,-1
1709,123,479,99,17,14,-1,-1,-1
1709,127,445,110,18,13,-1,-1,-1
1710,111,164,121,77,42,-1,-1,-1
1710,123,476,99,17,14,-1,-1,-1
1710,127,441,111,18,13,-1,-1,-1
1711,111,150,123,76,42,-1,-1,-1
1711,123,474,99,17,15,-1,-1,-1
1711,127,437,112,18,14,-1,-1,-1
1712,111,135,125,78,43,-1,-1,-1
1712,123,471,99,17,15,-1,-1,-1
1712,127,433,112,18,14,-1,-1,-1
1713,111,127,126,79,43,-1,-1,-1
1713,123,469,99,18,15,-1,-1,-1
1713,125,489,105,14,10,-1,-1,-1
1713,127,428,113,18,14,-1,-1,-1
1714,111,122,127,80,43,-1,-1,-1
1714,123,466,99,19,15,-1,-1,-1
1714,125,488,105,14,10,-1,-1,-1
1714,127,423,114,18,14,-1,-1,-1
1715,123,463,99,19,16,-1,-1,-1
1715,125,488,105,14,10,-1,-1,-1
1715,127,417,114,19,14,-1,-1,-1
1716,123,460,99,20,16,-1,-1,-1
1716,127,412,115,19,14,-1,-1,-1
1717,123,457,100,20,16,-1,-1,-1
1717,127,407,115,20,14,-1,-1,-1
1718,123,454,100,20,16,-1,-1,-1
1718,127,401,116,20,14,-1,-1,-1
1719,123,450,100,21,16,-1,-1,-1
1719,127,395,116,20,15,-1,-1,-1
1720,123,447,100,21,16,-1,-1,-1
1720,127,389,117,20,15,-1,-1,-1
1721,123,444,100,21,16,-1,-1,-1
1721,127,383,117,20,15,-1,-1,-1
1722,123,442,101,21,16,-1,-1,-1
1722,126,10,137,61,52,-1,-1,-1
1722,127,376,118,21,15,-1,-1,-1
1723,123,438,101,21,16,-1,-1,-1
1723,126,9,138,57,52,-1,-1,-1
1723,127,369,119,22,15,-1,-1,-1
1724,123,435,101,22,17,-1,-1,-1
1724,126,9,138,57,52,-1,-1,-1
1724,127,362,121,23,15,-1,-1,-1
1725,123,433,102,22,17,-1,-1,-1
1725,127,355,122,23,15,-1,-1,-1
1726,123,432,102,22,17,-1,-1,-1
1726,127,348,123,23,15,-1,-1,-1
1727,127,340,124,24,16,-1,-1,-1
1728,127,332,125,24,16,-1,-1,-1
1728,129,412,104,25,18,-1,-1,-1
1729,127,322,127,24,16,-1,-1,-1
1729,129,409,104,26,18,-1,-1,-1
1730,127,312,128,25,17,-1,-1,-1
1730,129,406,104,26,19,-1,-1,-1
1731,127,302,129,25,17,-1,-1,-1
1731,129,402,105,27,19,-1,-1,-1
1732,127,292,130,26,18,-1,-1,-1
1732,129,398,105,27,19,-1,-1,-1
1733,127,282,131,27,18,-1,-1,-1
1733,128,451,155,23,17,-1,-1,-1
1733,129,393,106,29,20,-1,-1,-1
1734,127,278,132,27,19,-1,-1,-1
1734,128,456,153,22,17,-1,-1,-1
1734,129,388,107,30,20,-1,-1,-1
1735,127,274,133,27,19,-1,-1,-1
1735,128,460,152,22,17,-1,-1,-1
1735,129,383,108,30,20,-1,-1,-1
1736,128,465,150,21,16,-1,-1,-1
1736,129,377,108,31,21,-1,-1,-1
1737,128,470,149,21,16,-1,-1,-1
1737,129,371,109,32,21,-1,-1,-1
1738,128,476,147,20,16,-1,-1,-1
1738,129,365,109,33,22,-1,-1,-1
1739,128,481,145,20,16,-1,-1,-1
1739,129,359,110,33,23,-1,-1,-1
1740,128,487,143,20,16,-1,-1,-1
1740,129,353,110,34,24,-1,-1,-1
1741,128,493,141,19,15,-1,-1,-1
1741,129,347,110,34,25,-1,-1,-1
1742,128,498,139,19,15,-1,-1,-1
1742,129,341,110,35,27,-1,-1,-1
1743,128,504,137,18,15,-1,-1,-1
1743,129,334,109,36,29,-1,-1,-1
1744,128,509,136,18,15,-1,-1,-1
1744,129,326,109,38,31,-1,-1,-1
1745,128,514,134,18,14,-1,-1,-1
1745,129,319,109,39,32,-1,-1,-1
1746,128,517,133,18,14,-1,-1,-1
1746,129,311,110,41,33,-1,-1,-1
1747,128,518,133,18,14,-1,-1,-1
1747,129,303,111,41,33,-1,-1,-1
1748,129,294,113,43,33,-1,-1,-1
1749,129,286,114,44,34,-1,-1,-1
1750,129,276,115,46,34,-1,-1,-1
1751,129,267,116,48,35,-1,-1,-1
1752,129,257,116,50,36,-1,-1,-1
1752,131,206,191,138,81,-1,-1,-1
1753,129,246,117,51,37,-1,-1,-1
1753,131,226,185,129,80,-1,-1,-1
1754,129,237,117,51,38,-1,-1,-1
1754,131,241,183,122,78,-1,-1,-1
1755,129,227,118,51,39,-1,-1,-1
1755,131,261,177,116,75,-1,-1,-1
1756,129,217,118,52,40,-1,-1,-1
1756,131,280,172,109,74,-1,-1,-1
1757,129,204,119,53,40,-1,-1,-1
1757,131,300,165,104,72,-1,-1,-1
1758,129,193,120,55,41,-1,-1,-1
1758,131,318,162,97,66,-1,-1,-1
1759,129,182,121,56,41,-1,-1,-1
1759,131,334,160,92,61,-1,-1,-1
1760,129,169,122,57,42,-1,-1,-1
1760,131,351,158,87,55,-1,-1,-1
1761,129,153,123,59,43,-1,-1,-1
1761,131,365,154,84,53,-1,-1,-1
1762,129,137,125,62,44,-1,-1,-1
1762,131,379,151,80,52,-1,-1,-1
1763,129,121,126,64,45,-1,-1,-1
1763,131,390,147,78,52,-1,-1,-1
1764,129,105,127,66,46,-1,-1,-1
1764,131,400,144,75,51,-1,-1,-1
1765,129,86,129,68,47,-1,-1,-1
1765,131,410,142,73,51,-1,-1,-1
1765,133,491,95,22,16,-1,-1,-1
1766,129,67,131,69,48,-1,-1,-1
1766,131,420,140,69,49,-1,-1,-1
1766,133,489,95,21,16,-1,-1,-1
1767,129,50,133,70,49,-1,-1,-1
1767,131,430,138,65,46,-1,-1,-1
1767,133,488,95,22,16,-1,-1,-1
1768,129,35,134,68,51,-1,-1,-1
1768,131,439,137,61,44,-1,-1,-1
1768,133,486,95,23,16,-1,-1,-1
1769,129,22,137,63,49,-1,-1,-1
1769,131,447,135,58,42,-1,-1,-1
1769,133,483,95,24,16,-1,-1,-1
1770,129,17,138,59,49,-1,-1,-1
1770,131,454,134,56,40,-1,-1,-1
1770,133,481,95,25,17,-1,-1,-1
1771,129,14,139,56,48,-1,-1,-1
1771,131,461,132,54,38,-1,-1,-1
1771,133,478,95,26,17,-1,-1,-1
1772,131,469,130,51,37,-1,-1,-1
1772,133,476,95,27,17,-1,-1,-1
1773,131,475,129,49,36,-1,-1,-1
1773,133,474,95,27,18,-1,-1,-1
1774,130,365,185,37,26,-1,-1,-1
1774,131,482,128,46,35,-1,-1,-1
1774,133,471,95,28,18,-1,-1,-1
1775,130,375,181,35,25,-1,-1,-1
1775,131,488,128,42,32,-1,-1,-1
1775,133,468,96,27,18,-1,-1,-1
1776,130,383,178,35,24,-1,-1,-1
1776,131,494,128,38,29,-1,-1,-1
1776,133,466,96,27,18,-1,-1,-1
1777,130,394,173,33,24,-1,-1,-1
1777,131,499,127,36,27,-1,-1,-1
1777,133,463,97,26,18,-1,-1,-1
1778,130,405,170,32,24,-1,-1,-1
1778,131,504,127,35,26,-1,-1,-1
1778,133,460,97,28,19,-1,-1,-1
1779,130,415,166,31,23,-1,-1,-1
1779,131,509,126,35,25,-1,-1,-1
1779,133,456,97,29,19,-1,-1,-1
1780,130,425,164,30,22,-1,-1,-1
1780,131,514,125,34,24,-1,-1,-1
1780,133,453,96,31,19,-1,-1,-1
1781,130,434,161,28,21,-1,-1,-1
1781,131,518,124,34,23,-1,-1,-1
1781,133,450,96,31,20,-1,-1,-1
1782,130,442,159,27,20,-1,-1,-1
1782,131,522,122,34,23,-1,-1,-1
1782,133,448,96,31,20,-1,-1,-1
1783,130,451,156,26,19,-1,-1,-1
1783,131,525,121,33,23,-1,-1,-1
1783,133,445,97,31,20,-1,-1,-1
1784,130,458,154,25,18,-1,-1,-1
1784,131,529,120,32,23,-1,-1,-1
1784,133,441,98,32,20,-1,-1,-1
1785,130,465,152,24,17,-1,-1,-1
1785,131,533,120,31,23,-1,-1,-1
1785,133,438,98,32,20,-1,-1,-1
1786,130,472,149,22,17,-1,-1,-1
1786,131,536,119,30,23,-1,-1,-1
1786,133,436,98,32,20,-1,-1,-1
1787,130,479,147,21,16,-1,-1,-1
1787,131,539,119,29,22,-1,-1,-1
1787,133,432,99,33,20,-1,-1,-1
1788,130,486,145,20,16,-1,-1,-1
1788,131,543,118,28,21,-1,-1,-1
1788,133,428,99,34,21,-1,-1,-1
1789,130,492,143,20,16,-1,-1,-1
1789,131,546,117,27,20,-1,-1,-1
1789,133,423,99,35,22,-1,-1,-1
1790,130,498,142,20,16,-1,-1,-1
1790,131,550,116,27,20,-1,-1,-1
1790,133,420,99,36,23,-1,-1,-1
1791,130,503,140,20,16,-1,-1,-1
1791,131,553,115,27,19,-1,-1,-1
1791,133,415,99,37,23,-1,-1,-1
1792,130,507,139,20,15,-1,-1,-1
1792,131,555,114,27,19,-1,-1,-1
1792,133,411,100,38,23,-1,-1,-1
1793,130,512,137,20,15,-1,-1,-1
1793,131,557,113,28,19,-1,-1,-1
1793,133,406,101,39,23,-1,-1,-1
1794,130,516,136,20,15,-1,-1,-1
1794,131,559,113,27,18,-1,-1,-1
1794,133,401,101,40,24,-1,-1,-1
1795,130,519,134,20,14,-1,-1,-1
1795,131,561,112,27,18,-1,-1,-1
1795,133,396,101,42,25,-1,-1,-1
1796,130,523,133,21,14,-1,-1,-1
1796,131,562,112,27,18,-1,-1,-1
1796,133,391,101,44,26,-1,-1,-1
1797,130,526,132,21,14,-1,-1,-1
1797,131,562,112,27,18,-1,-1,-1
1797,133,385,101,45,27,-1,-1,-1
1798,130,530,131,21,13,-1,-1,-1
1798,133,380,101,46,27,-1,-1,-1
1799,130,534,130,20,13,-1,-1,-1
1799,133,375,102,47,27,-1,-1,-1
1800,130,537,128,20,13,-1,-1,-1
1800,133,369,102,48,28,-1,-1,-1
1801,130,541,127,19,13,-1,-1,-1
1801,133,364,103,49,28,-1,-1,-1
1802,130,542,126,20,13,-1,-1,-1
1802,133,357,103,51,28,-1,-1,-1
1803,130,543,126,20,13,-1,-1,-1
1803,133,351,104,52,28,-1,-1,-1
1804,133,345,105,54,29,-1,-1,-1
1805,133,339,105,55,30,-1,-1,-1
1806,133,333,105,56,30,-1,-1,-1
1807,133,326,105,58,31,-1,-1,-1
1808,133,319,106,61,32,-1,-1,-1
1809,133,310,106,64,33,-1,-1,-1
1809,134,487,102,15,11,-1,-1,-1
1810,133,302,107,66,34,-1,-1,-1
1810,134,485,102,15,11,-1,-1,-1
1811,133,294,107,68,35,-1,-1,-1
1811,134,484,103,15,11,-1,-1,-1
1812,133,286,107,70,37,-1,-1,-1
1812,134,482,103,15,11,-1,-1,-1
1813,133,277,107,72,39,-1,-1,-1
1813,134,479,104,15,11,-1,-1,-1
1814,133,270,108,73,39,-1,-1,-1
1814,134,476,104,15,11,-1,-1,-1
1815,132,495,102,15,10,-1,-1,-1
1815,133,262,109,74,40,-1,-1,-1
1815,134,473,105,15,11,-1,-1,-1
1816,132,493,102,15,10,-1,-1,-1
1816,133,253,111,75,39,-1,-1,-1
1816,134,469,105,15,11,-1,-1,-1
1817,132,491,102,15,11,-1,-1,-1
1817,133,243,112,76,40,-1,-1,-1
1817,134,466,106,15,11,-1,-1,-1
1818,132,488,102,15,11,-1,-1,-1
1818,133,235,113,76,39,-1,-1,-1
1818,134,463,107,15,11,-1,-1,-1
1819,132,486,103,15,11,-1,-1,-1
1819,133,225,115,75,40,-1,-1,-1
1819,134,459,107,15,11,-1,-1,-1
1820,132,483,103,15,11,-1,-1,-1
1820,133,213,116,74,42,-1,-1,-1
1820,134,456,108,15,11,-1,-1,-1
1821,132,481,104,16,11,-1,-1,-1
1821,133,200,117,74,43,-1,-1,-1
1821,134,453,109,16,11,-1,-1,-1
1822,132,478,104,16,11,-1,-1,-1
1822,133,187,118,75,44,-1,-1,-1
1822,134,449,109,16,11,-1,-1,-1
1823,132,475,104,16,11,-1,-1,-1
1823,133,173,120,74,44,-1,-1,-1
1823,134,445,110,16,11,-1,-1,-1
1824,132,472,105,15,11,-1,-1,-1
1824,133,159,123,73,43,-1,-1,-1
1824,134,442,110,15,11,-1,-1,-1
1825,132,469,105,15,11,-1,-1,-1
1825,133,144,125,72,43,-1,-1,-1
1825,134,438,110,15,11,-1,-1,-1
1826,132,466,105,15,11,-1,-1,-1
1826,133,129,127,76,43,-1,-1,-1
1826,134,434,111,15,12,-1,-1,-1
1827,132,463,105,16,11,-1,-1,-1
1827,133,122,127,78,44,-1,-1,-1
1827,134,430,111,15,12,-1,-1,-1
1828,132,459,106,16,11,-1,-1,-1
1828,133,117,128,80,44,-1,-1,-1
1828,134,425,111,15,12,-1,-1,-1
1829,132,455,107,16,11,-1,-1,-1
1829,134,420,112,16,12,-1,-1,-1
1830,132,452,107,17,12,-1,-1,-1
1830,134,415,113,16,12,-1,-1,-1
1831,132,448,107,17,12,-1,-1,-1
1831,134,410,114,16,12,-1,-1,-1
1832,132,444,108,17,12,-1,-1,-1
1832,134,405,114,16,12,-1,-1,-1
1833,132,440,108,17,12,-1,-1,-1
1833,134,399,115,17,12,-1,-1,-1
1834,132,437,109,17,12,-1,-1,-1
1834,134,393,116,17,12,-1,-1,-1
1835,132,433,110,17,12,-1,-1,-1
1835,134,387,117,18,12,-1,-1,-1
1836,132,428,110,18,12,-1,-1,-1
1836,134,381,117,19,13,-1,-1,-1
1837,132,423,111,18,12,-1,-1,-1
1837,134,376,118,19,13,-1,-1,-1
1838,132,418,112,18,12,-1,-1,-1
1838,134,369,119,19,13,-1,-1,-1
1839,132,413,113,18,12,-1,-1,-1
1839,134,363,120,19,13,-1,-1,-1
1840,132,408,114,18,12,-1,-1,-1
1840,134,357,121,19,13,-1,-1,-1
1841,132,405,114,18,12,-1,-1,-1
1841,134,354,122,19,12,-1,-1,-1
1842,132,403,114,19,13,-1,-1,-1
1842,134,352,122,19,12,-1,-1,-1
1845,135,372,118,21,13,-1,-1,-1
1846,135,367,118,21,13,-1,-1,-1
1847,135,363,119,21,13,-1,-1,-1
1848,135,356,120,22,13,-1,-1,-1
1849,135,349,121,22,13,-1,-1,-1
1850,135,342,122,23,14,-1,-1,-1
1851,135,334,123,23,14,-1,-1,-1
1852,135,325,125,24,14,-1,-1,-1
1853,135,316,126,24,15,-1,-1,-1
1854,135,307,127,24,15,-1,-1,-1
1855,135,303,128,24,15,-1,-1,-1
1856,135,299,128,24,15,-1,-1,-1
1865,136,459,109,17,12,-1,-1,-1
1866,136,456,109,17,12,-1,-1,-1
1867,136,454,110,17,12,-1,-1,-1
1868,136,450,110,17,12,-1,-1,-1
1868,137,506,101,16,10,-1,-1,-1
1869,136,447,111,18,12,-1,-1,-1
1869,137,504,101,16,10,-1,-1,-1
1870,136,443,111,18,12,-1,-1,-1
1870,137,503,101,16,10,-1,-1,-1
1871,136,441,112,18,12,-1,-1,-1
1871,137,502,101,16,10,-1,-1,-1
1872,136,437,112,18,12,-1,-1,-1
1872,137,500,101,16,10,-1,-1,-1
1873,136,433,113,17,12,-1,-1,-1
1873,137,499,101,16,10,-1,-1,-1
1874,136,428,114,17,12,-1,-1,-1
1874,137,496,101,16,10,-1,-1,-1
1875,136,423,115,17,12,-1,-1,-1
1875,137,494,102,16,10,-1,-1,-1
1876,136,418,115,17,12,-1,-1,-1
1876,137,492,102,16,10,-1,-1,-1
1877,136,412,116,17,12,-1,-1,-1
1877,137,489,103,16,10,-1,-1,-1
1878,136,407,117,17,12,-1,-1,-1
1878,137,487,103,16,10,-1,-1,-1
1879,136,401,117,17,12,-1,-1,-1
1879,137,485,103,16,11,-1,-1,-1
1880,136,395,118,17,12,-1,-1,-1
1880,137,482,104,16,11,-1,-1,-1
1881,136,392,118,17,12,-1,-1,-1
1881,137,480,104,16,11,-1,-1,-1
1882,136,390,119,17,12,-1,-1,-1
1882,137,477,104,16,11,-1,-1,-1
1883,137,474,104,16,11,-1,-1,-1
1884,137,471,104,16,11,-1,-1,-1
1885,137,468,104,16,11,-1,-1,-1
1886,137,465,104,16,12,-1,-1,-1
1887,137,462,105,17,12,-1,-1,-1
1888,137,458,106,17,12,-1,-1,-1
1889,137,455,106,18,12,-1,-1,-1
1890,137,451,107,18,12,-1,-1,-1
1890,147,705,375,80,29,-1,-1,-1
1891,137,448,107,19,13,-1,-1,-1
1891,147,692,373,86,29,-1,-1,-1
1892,137,444,108,19,13,-1,-1,-1
1892,138,553,93,17,13,-1,-1,-1
1892,147,682,370,87,30,-1,-1,-1
1893,137,440,108,19,13,-1,-1,-1
1893,138,552,93,17,13,-1,-1,-1
1893,147,668,367,88,32,-1,-1,-1
1894,137,437,109,19,14,-1,-1,-1
1894,138,551,93,17,13,-1,-1,-1
1894,147,652,364,91,34,-1,-1,-1
1895,137,433,109,19,14,-1,-1,-1
1895,138,550,93,17,13,-1,-1,-1
1895,147,636,360,93,36,-1,-1,-1
1896,137,429,110,19,14,-1,-1,-1
1896,138,549,93,17,12,-1,-1,-1
1896,147,618,356,99,41,-1,-1,-1
1897,137,425,110,19,14,-1,-1,-1
1897,138,548,93,17,13,-1,-1,-1
1897,147,601,352,104,46,-1,-1,-1
1898,137,420,111,19,13,-1,-1,-1
1898,138,547,93,17,12,-1,-1,-1
1898,147,584,348,108,51,-1,-1,-1
1899,137,416,112,18,13,-1,-1,-1
1899,138,545,93,18,13,-1,-1,-1
1899,147,571,346,109,54,-1,-1,-1
1900,137,411,112,19,13,-1,-1,-1
1900,138,544,93,18,12,-1,-1,-1
1900,147,558,345,107,53,-1,-1,-1
1901,137,407,113,19,13,-1,-1,-1
1901,138,543,93,18,12,-1,-1,-1
1901,147,548,343,105,52,-1,-1,-1
1902,137,401,114,20,13,-1,-1,-1
1902,138,542,93,18,13,-1,-1,-1
1902,139,499,103,16,12,-1,-1,-1
1902,147,536,342,105,52,-1,-1,-1
1903,137,396,115,20,13,-1,-1,-1
1903,138,541,93,18,13,-1,-1,-1
1903,139,498,103,16,12,-1,-1,-1
1903,147,525,340,107,53,-1,-1,-1
1904,137,390,115,20,13,-1,-1,-1
1904,138,540,93,18,13,-1,-1,-1
1904,139,496,103,16,12,-1,-1,-1
1904,147,515,339,105,53,-1,-1,-1
1905,137,384,116,20,13,-1,-1,-1
1905,138,539,93,18,13,-1,-1,-1
1905,139,494,103,16,12,-1,-1,-1
1905,147,506,337,104,53,-1,-1,-1
1906,137,379,117,20,13,-1,-1,-1
1906,138,538,93,17,13,-1,-1,-1
1906,139,491,104,16,12,-1,-1,-1
1906,147,498,336,100,52,-1,-1,-1
1907,137,373,117,20,14,-1,-1,-1
1907,138,537,93,17,13,-1,-1,-1
1907,139,489,104,16,12,-1,-1,-1
1907,147,491,334,100,51,-1,-1,-1
1908,137,367,118,20,14,-1,-1,-1
1908,138,536,93,17,13,-1,-1,-1
1908,139,486,104,16,12,-1,-1,-1
1908,147,485,334,97,48,-1,-1,-1
1909,137,361,119,20,14,-1,-1,-1
1909,138,534,93,17,13,-1,-1,-1
1909,139,483,104,16,12,-1,-1,-1
1909,147,477,333,97,48,-1,-1,-1
1910,137,354,120,21,14,-1,-1,-1
1910,138,533,93,17,13,-1,-1,-1
1910,139,481,104,16,12,-1,-1,-1
1910,147,471,332,96,48,-1,-1,-1
1911,137,346,122,22,14,-1,-1,-1
1911,138,531,94,17,13,-1,-1,-1
1911,139,478,105,16,12,-1,-1,-1
1911,147,465,332,95,47,-1,-1,-1
1912,137,339,123,22,14,-1,-1,-1
1912,138,530,95,17,13,-1,-1,-1
1912,139,474,105,16,13,-1,-1,-1
1912,147,459,331,96,47,-1,-1,-1
1913,137,330,124,23,15,-1,-1,-1
1913,138,528,95,17,13,-1,-1,-1
1913,139,470,106,16,13,-1,-1,-1
1913,147,452,330,95,46,-1,-1,-1
1914,137,321,125,24,15,-1,-1,-1
1914,138,527,95,17,14,-1,-1,-1
1914,139,466,106,17,13,-1,-1,-1
1914,147,447,329,94,46,-1,-1,-1
1915,137,313,126,25,15,-1,-1,-1
1915,138,525,95,17,14,-1,-1,-1
1915,139,463,107,17,13,-1,-1,-1
1915,147,442,329,91,46,-1,-1,-1
1916,137,304,127,26,16,-1,-1,-1
1916,138,523,94,18,14,-1,-1,-1
1916,139,460,107,17,13,-1,-1,-1
1916,147,438,327,90,46,-1,-1,-1
1917,137,299,128,27,16,-1,-1,-1
1917,138,522,94,18,14,-1,-1,-1
1917,139,456,108,18,13,-1,-1,-1
1917,147,434,327,90,46,-1,-1,-1
1918,137,296,128,27,16,-1,-1,-1
1918,138,520,94,18,14,-1,-1,-1
1918,139,452,109,18,13,-1,-1,-1
1918,147,430,325,89,47,-1,-1,-1
1919,138,519,94,18,15,-1,-1,-1
1919,139,448,109,19,14,-1,-1,-1
1919,147,427,325,90,47,-1,-1,-1
1920,138,518,95,17,15,-1,-1,-1
1920,139,443,110,19,14,-1,-1,-1
1920,147,424,324,90,47,-1,-1,-1
1921,138,516,95,17,15,-1,-1,-1
1921,139,439,110,19,14,-1,-1,-1
1921,147,423,323,91,47,-1,-1,-1
1922,138,514,95,17,15,-1,-1,-1
1922,139,435,111,19,14,-1,-1,-1
1922,147,420,322,90,47,-1,-1,-1
1923,138,512,95,17,15,-1,-1,-1
1923,139,431,111,19,14,-1,-1,-1
1923,147,418,322,88,47,-1,-1,-1
1924,138,510,95,18,15,-1,-1,-1
1924,139,427,111,20,15,-1,-1,-1
1924,147,417,321,85,47,-1,-1,-1
1925,138,508,95,19,15,-1,-1,-1
1925,139,422,112,20,15,-1,-1,-1
1925,147,416,319,83,48,-1,-1,-1
1926,138,505,95,19,15,-1,-1,-1
1926,139,417,113,20,15,-1,-1,-1
1926,147,415,318,83,48,-1,-1,-1
1927,138,503,95,20,15,-1,-1,-1
1927,139,411,113,21,15,-1,-1,-1
1927,147,414,317,85,49,-1,-1,-1
1928,138,501,95,21,16,-1,-1,-1
1928,139,405,114,21,15,-1,-1,-1
1928,147,412,317,87,49,-1,-1,-1
1929,138,499,95,21,16,-1,-1,-1
1929,139,399,115,21,15,-1,-1,-1
1929,147,411,316,88,49,-1,-1,-1
1930,138,497,95,21,16,-1,-1,-1
1930,139,393,116,22,15,-1,-1,-1
1930,147,410,316,89,49,-1,-1,-1
1931,138,495,95,21,17,-1,-1,-1
1931,139,387,116,22,15,-1,-1,-1
1931,147,410,316,90,50,-1,-1,-1
1932,138,493,95,21,17,-1,-1,-1
1932,139,381,117,22,15,-1,-1,-1
1932,147,409,316,90,50,-1,-1,-1
1933,138,491,95,21,17,-1,-1,-1
1933,139,375,118,22,16,-1,-1,-1
1933,147,409,316,90,50,-1,-1,-1
1934,138,489,95,22,17,-1,-1,-1
1934,139,369,119,22,16,-1,-1,-1
1934,147,409,316,90,50,-1,-1,-1
1935,138,487,95,22,17,-1,-1,-1
1935,139,361,120,23,16,-1,-1,-1
1935,147,409,316,90,50,-1,-1,-1
1936,138,484,96,22,17,-1,-1,-1
1936,139,358,121,23,16,-1,-1,-1
1936,147,409,316,90,50,-1,-1,-1
1937,138,481,96,23,18,-1,-1,-1
1937,139,356,121,23,16,-1,-1,-1
1937,147,409,316,90,50,-1,-1,-1
1938,138,479,96,23,18,-1,-1,-1
1938,147,409,316,91,50,-1,-1,-1
1939,138,476,96,23,18,-1,-1,-1
1939,147,409,316,91,50,-1,-1,-1
1940,138,473,96,24,18,-1,-1,-1
1940,147,409,316,91,50,-1,-1,-1
1941,138,471,96,24,18,-1,-1,-1
1941,147,409,316,92,50,-1,-1,-1
1942,138,467,97,25,18,-1,-1,-1
1942,147,409,316,92,50,-1,-1,-1
1943,138,464,97,26,18,-1,-1,-1
1943,140,283,131,27,18,-1,-1,-1
1943,147,409,316,92,50,-1,-1,-1
1944,138,461,97,26,19,-1,-1,-1
1944,140,280,131,27,18,-1,-1,-1
1944,147,409,316,92,50,-1,-1,-1
1945,138,458,97,27,19,-1,-1,-1
1945,140,279,131,26,18,-1,-1,-1
1945,141,502,100,16,11,-1,-1,-1
1945,147,409,316,92,50,-1,-1,-1
1946,138,455,97,27,19,-1,-1,-1
1946,141,501,100,16,11,-1,-1,-1
1946,147,409,316,92,50,-1,-1,-1
1947,138,451,97,28,20,-1,-1,-1
1947,141,499,100,17,11,-1,-1,-1
1947,147,409,316,92,50,-1,-1,-1
1948,138,448,97,29,20,-1,-1,-1
1948,141,498,100,17,11,-1,-1,-1
1948,147,409,316,92,50,-1,-1,-1
1949,138,445,97,29,20,-1,-1,-1
1949,141,496,101,18,11,-1,-1,-1
1949,147,409,316,92,50,-1,-1,-1
1950,138,442,98,30,20,-1,-1,-1
1950,141,494,101,18,11,-1,-1,-1
1950,147,409,316,92,50,-1,-1,-1
1951,138,439,98,30,21,-1,-1,-1
1951,141,492,102,18,11,-1,-1,-1
1951,147,409,316,92,50,-1,-1,-1
1952,138,436,98,31,21,-1,-1,-1
1952,141,489,102,17,11,-1,-1,-1
1952,147,409,316,91,50,-1,-1,-1
1953,138,432,98,32,22,-1,-1,-1
1953,141,487,103,17,10,-1,-1,-1
1953,147,409,316,91,50,-1,-1,-1
1954,138,429,98,32,22,-1,-1,-1
1954,141,485,103,17,10,-1,-1,-1
1954,147,409,316,91,50,-1,-1,-1
1955,138,424,99,33,22,-1,-1,-1
1955,141,483,103,17,11,-1,-1,-1
1955,147,409,316,90,50,-1,-1,-1
1956,138,420,99,34,22,-1,-1,-1
1956,141,481,103,17,11,-1,-1,-1
1956,147,409,316,90,50,-1,-1,-1
1957,138,416,100,35,22,-1,-1,-1
1957,141,478,104,17,11,-1,-1,-1
1957,147,409,316,90,50,-1,-1,-1
1958,138,411,100,36,22,-1,-1,-1
1958,141,476,104,17,11,-1,-1,-1
1958,147,409,316,90,50,-1,-1,-1
1959,138,406,101,37,23,-1,-1,-1
1959,141,473,104,17,11,-1,-1,-1
1959,142,409,158,31,19,-1,-1,-1
1959,147,409,316,91,50,-1,-1,-1
1960,138,400,101,39,24,-1,-1,-1
1960,141,469,105,17,11,-1,-1,-1
1960,142,417,155,30,19,-1,-1,-1
1960,147,409,316,91,50,-1,-1,-1
1961,138,395,101,40,25,-1,-1,-1
1961,141,466,105,17,11,-1,-1,-1
1961,142,424,153,28,18,-1,-1,-1
1961,147,409,316,91,50,-1,-1,-1
1962,138,390,102,42,25,-1,-1,-1
1962,141,463,106,17,11,-1,-1,-1
1962,142,432,151,27,18,-1,-1,-1
1962,147,409,316,91,50,-1,-1,-1
1963,138,384,102,43,26,-1,-1,-1
1963,141,461,106,17,11,-1,-1,-1
1963,142,438,148,25,18,-1,-1,-1
1963,147,409,316,91,50,-1,-1,-1
1964,138,378,102,45,27,-1,-1,-1
1964,141,457,106,18,11,-1,-1,-1
1964,142,445,146,25,17,-1,-1,-1
1964,147,409,316,91,50,-1,-1,-1
1965,138,372,102,46,27,-1,-1,-1
1965,141,454,107,18,11,-1,-1,-1
1965,142,452,144,24,17,-1,-1,-1
1965,147,409,316,91,50,-1,-1,-1
1966,138,366,103,47,27,-1,-1,-1
1966,141,451,107,18,11,-1,-1,-1
1966,142,460,142,23,16,-1,-1,-1
1966,147,409,316,91,50,-1,-1,-1
1967,138,360,103,48,28,-1,-1,-1
1967,141,448,108,18,11,-1,-1,-1
1967,142,466,140,22,16,-1,-1,-1
1967,147,409,316,91,50,-1,-1,-1
1968,138,355,104,49,29,-1,-1,-1
1968,141,445,108,18,12,-1,-1,-1
1968,142,472,139,22,16,-1,-1,-1
1968,147,409,316,91,50,-1,-1,-1
1969,138,348,104,50,29,-1,-1,-1
1969,141,442,108,18,12,-1,-1,-1
1969,142,478,137,21,16,-1,-1,-1
1969,147,409,316,91,50,-1,-1,-1
1970,138,342,104,51,30,-1,-1,-1
1970,141,439,109,18,13,-1,-1,-1
1970,142,484,135,21,16,-1,-1,-1
1970,147,409,316,91,50,-1,-1,-1
1971,138,334,105,53,31,-1,-1,-1
1971,141,435,109,18,13,-1,-1,-1
1971,142,490,134,21,16,-1,-1,-1
1971,147,409,316,91,50,-1,-1,-1
1972,138,326,105,56,32,-1,-1,-1
1972,141,431,109,18,13,-1,-1,-1
1972,142,495,132,20,15,-1,-1,-1
1972,143,553,93,19,13,-1,-1,-1
1972,147,409,316,91,50,-1,-1,-1
1973,138,318,105,58,33,-1,-1,-1
1973,141,427,110,19,13,-1,-1,-1
1973,142,500,131,20,15,-1,-1,-1
1973,143,552,92,19,13,-1,-1,-1
1973,147,409,316,91,50,-1,-1,-1
1974,138,310,105,61,35,-1,-1,-1
1974,141,423,110,19,13,-1,-1,-1
1974,142,505,130,20,15,-1,-1,-1
1974,143,551,92,19,13,-1,-1,-1
1974,147,409,316,91,50,-1,-1,-1
1975,138,301,106,62,36,-1,-1,-1
1975,141,418,110,20,14,-1,-1,-1
1975,142,509,128,20,15,-1,-1,-1
1975,143,550,92,19,13,-1,-1,-1
1975,147,409,316,91,50,-1,-1,-1
1976,138,293,105,64,37,-1,-1,-1
1976,141,414,111,20,14,-1,-1,-1
1976,142,513,127,20,15,-1,-1,-1
1976,143,549,92,19,13,-1,-1,-1
1976,147,409,316,91,50,-1,-1,-1
1977,138,285,105,65,38,-1,-1,-1
1977,141,409,111,20,14,-1,-1,-1
1977,142,517,126,20,14,-1,-1,-1
1977,143,548,92,19,13,-1,-1,-1
1977,147,408,316,90,50,-1,-1,-1
1978,138,277,105,66,39,-1,-1,-1
1978,141,405,112,21,15,-1,-1,-1
1978,142,518,125,20,14,-1,-1,-1
1978,143,547,92,19,14,-1,-1,-1
1978,147,408,316,90,50,-1,-1,-1
1979,138,267,107,66,39,-1,-1,-1
1979,141,400,113,21,14,-1,-1,-1
1979,142,520,125,20,14,-1,-1,-1
1979,143,546,92,19,14,-1,-1,-1
1979,147,408,316,89,50,-1,-1,-1
1980,138,258,108,66,39,-1,-1,-1
1980,141,395,114,21,14,-1,-1,-1
1980,143,545,92,19,14,-1,-1,-1
1980,147,408,316,89,50,-1,-1,-1
1981,138,249,111,66,39,-1,-1,-1
1981,141,390,115,21,14,-1,-1,-1
1981,143,544,92,19,14,-1,-1,-1
1981,147,408,315,88,50,-1,-1,-1
1982,138,239,112,68,39,-1,-1,-1
1982,141,385,115,22,15,-1,-1,-1
1982,143,543,92,19,14,-1,-1,-1
1982,147,407,315,88,50,-1,-1,-1
1983,138,228,113,69,39,-1,-1,-1
1983,141,379,116,22,15,-1,-1,-1
1983,143,541,92,19,14,-1,-1,-1
1983,147,406,315,88,51,-1,-1,-1
1984,138,216,115,70,40,-1,-1,-1
1984,141,374,117,22,15,-1,-1,-1
1984,143,540,92,19,14,-1,-1,-1
1984,147,405,315,88,50,-1,-1,-1
1985,138,202,116,72,41,-1,-1,-1
1985,141,369,117,23,15,-1,-1,-1
1985,143,539,92,18,14,-1,-1,-1
1985,147,405,315,88,50,-1,-1,-1
1986,138,189,118,75,43,-1,-1,-1
1986,141,363,118,23,15,-1,-1,-1
1986,143,538,92,18,14,-1,-1,-1
1986,147,404,315,88,50,-1,-1,-1
1987,138,176,119,76,43,-1,-1,-1
1987,141,357,120,23,14,-1,-1,-1
1987,143,536,92,18,14,-1,-1,-1
1987,147,404,315,87,50,-1,-1,-1
1988,138,164,120,76,44,-1,-1,-1
1988,141,351,121,23,14,-1,-1,-1
1988,143,535,92,18,14,-1,-1,-1
1988,147,402,315,87,49,-1,-1,-1
1989,138,150,122,76,44,-1,-1,-1
1989,141,344,122,24,14,-1,-1,-1
1989,143,534,92,18,14,-1,-1,-1
1989,147,400,315,88,49,-1,-1,-1
1990,138,134,124,81,44,-1,-1,-1
1990,141,336,123,24,15,-1,-1,-1
1990,143,532,93,17,14,-1,-1,-1
1990,147,396,314,88,49,-1,-1,-1
1991,138,117,124,89,46,-1,-1,-1
1991,141,330,124,25,15,-1,-1,-1
1991,143,531,93,17,14,-1,-1,-1
1991,147,392,313,88,49,-1,-1,-1
1992,138,108,124,95,47,-1,-1,-1
1992,141,322,125,25,16,-1,-1,-1
1992,143,530,93,17,14,-1,-1,-1
1992,147,389,313,86,49,-1,-1,-1
1993,138,102,123,99,49,-1,-1,-1
1993,141,314,126,24,16,-1,-1,-1
1993,143,528,93,17,15,-1,-1,-1
1993,147,385,312,85,49,-1,-1,-1
1994,141,306,127,25,16,-1,-1,-1
1994,143,526,93,18,15,-1,-1,-1
1994,147,381,310,83,50,-1,-1,-1
1995,141,298,128,25,16,-1,-1,-1
1995,143,524,93,18,15,-1,-1,-1
1995,147,377,308,80,50,-1,-1,-1
1996,141,289,129,26,16,-1,-1,-1
1996,143,523,93,19,15,-1,-1,-1
1996,147,372,307,77,50,-1,-1,-1
1997,141,285,130,26,16,-1,-1,-1
1997,143,521,93,19,15,-1,-1,-1
1997,147,367,305,76,50,-1,-1,-1
1998,141,282,130,26,17,-1,-1,-1
1998,143,519,93,20,15,-1,-1,-1
1998,147,362,303,75,49,-1,-1,-1
1999,143,516,93,20,15,-1,-1,-1
1999,147,356,301,74,49,-1,-1,-1
2000,143,513,93,21,15,-1,-1,-1
2000,147,352,299,72,48,-1,-1,-1
2001,143,511,94,22,15,-1,-1,-1
2001,144,461,153,26,18,-1,-1,-1
2001,147,347,297,71,47,-1,-1,-1
2002,143,509,93,23,16,-1,-1,-1
2002,144,466,152,25,18,-1,-1,-1
2002,147,342,295,69,47,-1,-1,-1
2003,143,507,93,23,16,-1,-1,-1
2003,144,470,151,24,17,-1,-1,-1
2003,147,336,292,68,46,-1,-1,-1
2004,143,506,93,23,16,-1,-1,-1
2004,144,476,149,22,17,-1,-1,-1
2004,147,330,289,66,46,-1,-1,-1
2005,143,504,93,24,17,-1,-1,-1
2005,144,482,147,21,17,-1,-1,-1
2005,147,325,286,64,44,-1,-1,-1
2006,143,502,93,24,17,-1,-1,-1
2006,144,487,144,21,17,-1,-1,-1
2006,147,321,283,60,44,-1,-1,-1
2007,143,500,93,24,17,-1,-1,-1
2007,144,493,142,20,16,-1,-1,-1
2007,147,316,281,57,42,-1,-1,-1
2008,143,498,93,24,17,-1,-1,-1
2008,144,498,140,20,16,-1,-1,-1
2008,147,312,278,54,40,-1,-1,-1
2009,143,496,93,23,17,-1,-1,-1
2009,144,500,139,20,16,-1,-1,-1
2009,145,479,137,20,17,-1,-1,-1
2009,147,309,275,52,38,-1,-1,-1
2010,143,494,93,23,17,-1,-1,-1
2010,144,502,139,20,16,-1,-1,-1
2010,145,483,135,19,16,-1,-1,-1
2010,147,307,272,48,38,-1,-1,-1
2011,143,492,93,22,17,-1,-1,-1
2011,145,487,134,18,16,-1,-1,-1
2011,147,305,269,44,37,-1,-1,-1
2012,143,490,94,22,17,-1,-1,-1
2012,145,492,133,18,15,-1,-1,-1
2012,147,303,265,40,36,-1,-1,-1
2013,143,488,94,23,17,-1,-1,-1
2013,145,496,132,18,15,-1,-1,-1
2013,147,302,262,38,35,-1,-1,-1
2014,143,484,95,23,18,-1,-1,-1
2014,145,501,130,17,15,-1,-1,-1
2014,147,301,259,36,35,-1,-1,-1
2015,143,481,95,23,18,-1,-1,-1
2015,145,505,129,17,15,-1,-1,-1
2015,147,301,254,35,35,-1,-1,-1
2016,143,478,95,23,18,-1,-1,-1
2016,145,508,128,17,15,-1,-1,-1
2016,147,301,250,34,35,-1,-1,-1
2017,143,476,95,25,19,-1,-1,-1
2017,145,509,128,17,15,-1,-1,-1
2017,147,302,246,33,35,-1,-1,-1
2018,143,473,95,26,19,-1,-1,-1
2018,147,302,242,33,35,-1,-1,-1
2019,143,470,95,27,19,-1,-1,-1
2019,147,302,239,32,35,-1,-1,-1
2020,143,467,95,27,19,-1,-1,-1
2020,147,304,235,33,35,-1,-1,-1
2021,143,464,95,28,20,-1,-1,-1
2021,147,305,232,33,34,-1,-1,-1
2022,143,461,96,28,19,-1,-1,-1
2022,147,307,229,33,34,-1,-1,-1
2023,143,457,96,30,20,-1,-1,-1
2023,146,488,144,22,17,-1,-1,-1
2023,147,310,225,32,34,-1,-1,-1
2024,143,453,96,31,20,-1,-1,-1
2024,146,492,142,21,17,-1,-1,-1
2024,147,313,223,32,33,-1,-1,-1
2025,143,449,95,32,21,-1,-1,-1
2025,146,495,141,21,17,-1,-1,-1
2025,147,315,220,32,32,-1,-1,-1
2026,143,446,95,32,21,-1,-1,-1
2026,146,500,139,20,17,-1,-1,-1
2026,147,319,217,31,30,-1,-1,-1
2027,143,442,96,33,22,-1,-1,-1
2027,146,505,138,20,17,-1,-1,-1
2027,147,322,215,31,29,-1,-1,-1
2028,143,438,96,34,22,-1,-1,-1
2028,146,509,137,20,17,-1,-1,-1
2028,147,327,212,30,28,-1,-1,-1
2029,143,434,96,34,23,-1,-1,-1
2029,146,514,135,21,16,-1,-1,-1
2029,147,331,209,31,28,-1,-1,-1
2030,143,430,96,35,24,-1,-1,-1
2030,146,518,134,21,16,-1,-1,-1
2030,147,335,207,31,28,-1,-1,-1
2031,143,426,97,36,24,-1,-1,-1
2031,146,521,133,21,15,-1,-1,-1
2031,147,339,204,30,27,-1,-1,-1
2032,143,421,97,38,25,-1,-1,-1
2032,146,525,132,22,15,-1,-1,-1
2032,147,343,202,30,26,-1,-1,-1
2033,143,417,97,38,25,-1,-1,-1
2033,146,529,131,22,15,-1,-1,-1
2033,147,347,199,30,25,-1,-1,-1
2034,143,412,98,39,25,-1,-1,-1
2034,146,533,130,21,15,-1,-1,-1
2034,147,352,196,30,25,-1,-1,-1
2035,143,408,99,39,25,-1,-1,-1
2035,146,537,129,21,15,-1,-1,-1
2035,147,357,194,29,25,-1,-1,-1
2036,143,403,100,39,25,-1,-1,-1
2036,146,540,128,20,15,-1,-1,-1
2036,147,361,191,30,25,-1,-1,-1
2037,143,398,100,41,26,-1,-1,-1
2037,146,544,127,20,15,-1,-1,-1
2037,147,366,188,31,25,-1,-1,-1
2038,143,391,101,44,28,-1,-1,-1
2038,146,546,126,19,15,-1,-1,-1
2038,147,370,186,31,25,-1,-1,-1
2039,143,384,101,46,28,-1,-1,-1
2039,146,549,125,20,14,-1,-1,-1
2039,147,375,185,31,24,-1,-1,-1
2040,143,378,101,47,29,-1,-1,-1
2040,146,551,124,20,14,-1,-1,-1
2040,147,380,183,31,23,-1,-1,-1
2041,143,372,102,49,29,-1,-1,-1
2041,146,552,124,20,13,-1,-1,-1
2041,147,385,181,30,22,-1,-1,-1
2042,143,366,102,50,30,-1,-1,-1
2042,146,553,124,20,13,-1,-1,-1
2042,147,391,179,30,22,-1,-1,-1
2043,143,360,102,52,30,-1,-1,-1
2043,147,396,177,29,22,-1,-1,-1
2044,143,354,103,53,31,-1,-1,-1
2044,147,401,175,27,21,-1,-1,-1
2045,143,347,103,55,32,-1,-1,-1
2045,147,406,174,27,21,-1,-1,-1
2046,143,340,103,57,34,-1,-1,-1
2046,147,411,172,25,20,-1,-1,-1
2047,143,332,103,59,35,-1,-1,-1
2047,147,417,170,24,20,-1,-1,-1
2048,143,325,103,60,36,-1,-1,-1
2048,147,422,169,24,19,-1,-1,-1
2049,143,316,104,62,37,-1,-1,-1
2049,147,427,166,24,18,-1,-1,-1
2050,143,308,104,65,38,-1,-1,-1
2050,147,432,164,24,18,-1,-1,-1
2051,143,299,105,66,38,-1,-1,-1
2051,147,436,162,24,18,-1,-1,-1
2052,143,290,106,68,38,-1,-1,-1
2052,147,441,160,23,17,-1,-1,-1
2053,143,281,107,68,39,-1,-1,-1
2053,147,445,159,23,17,-1,-1,-1
2054,143,272,108,69,39,-1,-1,-1
2054,147,450,157,23,17,-1,-1,-1
2055,143,262,109,70,40,-1,-1,-1
2055,147,454,155,22,17,-1,-1,-1
2056,143,252,110,71,40,-1,-1,-1
2056,147,458,154,22,17,-1,-1,-1
2057,143,241,111,72,41,-1,-1,-1
2057,147,462,153,22,17,-1,-1,-1
2058,143,229,113,72,41,-1,-1,-1
2058,147,465,151,22,17,-1,-1,-1
2059,143,217,114,74,42,-1,-1,-1
2059,147,469,150,22,16,-1,-1,-1
2060,143,205,116,77,43,-1,-1,-1
2060,147,473,148,21,16,-1,-1,-1
2061,143,192,116,79,44,-1,-1,-1
2061,147,477,147,21,16,-1,-1,-1
2062,143,178,118,79,43,-1,-1,-1
2062,147,481,146,20,16,-1,-1,-1
2063,143,165,120,78,43,-1,-1,-1
2063,147,485,145,20,16,-1,-1,-1
2064,143,150,123,77,43,-1,-1,-1
2064,147,489,144,19,16,-1,-1,-1
2065,143,134,124,81,45,-1,-1,-1
2065,147,492,143,20,16,-1,-1,-1
2066,143,115,124,91,47,-1,-1,-1
2066,147,496,142,19,16,-1,-1,-1
2067,143,96,123,101,50,-1,-1,-1
2067,147,499,141,19,16,-1,-1,-1
2068,143,85,123,107,52,-1,-1,-1
2068,147,502,140,18,15,-1,-1,-1
2069,143,78,123,110,53,-1,-1,-1
2069,147,504,139,18,15,-1,-1,-1
2070,147,505,139,18,15,-1,-1,-1
2074,148,9,138,59,49,-1,-1,-1
2075,148,8,139,54,49,-1,-1,-1
2076,148,7,139,51,49,-1,-1,-1
2090,149,27,234,134,103,-1,-1,-1
2091,149,45,223,136,105,-1,-1,-1
2092,149,70,216,133,102,-1,-1,-1
2093,149,101,206,126,100,-1,-1,-1
2094,149,136,198,118,94,-1,-1,-1
2095,149,152,194,115,91,-1,-1,-1
2096,149,163,192,112,90,-1,-1,-1
