1,1,544,126,19,14,-1,-1,-1
1,3,358,103,51,28,-1,-1,-1
2,1,545,125,20,14,-1,-1,-1
2,3,353,104,52,28,-1,-1,-1
3,1,545,125,20,14,-1,-1,-1
3,3,349,104,53,28,-1,-1,-1
4,3,344,105,54,29,-1,-1,-1
5,3,338,105,55,30,-1,-1,-1
6,3,333,105,57,30,-1,-1,-1
7,3,326,105,58,31,-1,-1,-1
8,3,318,106,61,32,-1,-1,-1
9,2,487,102,15,11,-1,-1,-1
9,3,310,106,64,33,-1,-1,-1
10,2,486,102,15,11,-1,-1,-1
10,3,302,107,66,34,-1,-1,-1
11,2,486,102,15,11,-1,-1,-1
11,3,294,107,68,35,-1,-1,-1
12,3,286,107,70,37,-1,-1,-1
13,3,277,107,72,39,-1,-1,-1
13,4,477,105,15,11,-1,-1,-1
14,3,270,108,73,39,-1,-1,-1
14,4,474,105,15,11,-1,-1,-1
15,3,262,109,74,40,-1,-1,-1
15,4,472,105,15,11,-1,-1,-1
15,5,495,102,15,10,-1,-1,-1
16,3,253,111,75,39,-1,-1,-1
16,4,469,105,15,11,-1,-1,-1
16,5,493,102,15,10,-1,-1,-1
17,3,243,112,76,40,-1,-1,-1
17,4,466,106,15,11,-1,-1,-1
17,5,491,102,15,11,-1,-1,-1
18,3,235,113,76,39,-1,-1,-1
18,4,462,107,15,11,-1,-1,-1
18,5,488,102,15,11,-1,-1,-1
19,3,225,115,75,40,-1,-1,-1
19,4,459,107,15,11,-1,-1,-1
19,5,486,103,15,11,-1,-1,-1
20,3,213,116,74,42,-1,-1,-1
20,4,456,108,15,11,-1,-1,-1
20,5,483,103,15,11,-1,-1,-1
21,3,200,117,74,43,-1,-1,-1
21,4,453,109,16,11,-1,-1,-1
21,5,481,104,16,11,-1,-1,-1
22,3,187,118,75,44,-1,-1,-1
22,4,449,109,16,11,-1,-1,-1
22,5,478,104,16,11,-1,-1,-1
23,3,173,120,74,44,-1,-1,-1
23,4,445,110,16,11,-1,-1,-1
23,5,475,104,16,11,-1,-1,-1
24,3,159,123,73,43,-1,-1,-1
24,4,442,110,15,11,-1,-1,-1
24,5,472,105,15,11,-1,-1,-1
25,3,144,125,72,43,-1,-1,-1
25,4,438,110,15,11,-1,-1,-1
25,5,469,105,15,11,-1,-1,-1
26,3,129,127,76,43,-1,-1,-1
26,4,434,111,15,12,-1,-1,-1
26,5,466,105,15,11,-1,-1,-1
27,3,122,127,78,44,-1,-1,-1
27,4,430,111,15,12,-1,-1,-1
27,5,463,105,16,11,-1,-1,-1
28,3,117,128,80,44,-1,-1,-1
28,4,425,111,15,12,-1,-1,-1
28,5,459,106,16,11,-1,-1,-1
29,4,420,112,16,12,-1,-1,-1
29,5,455,107,16,11,-1,-1,-1
30,4,415,113,16,12,-1,-1,-1
30,5,452,107,17,12,-1,-1,-1
31,4,410,114,16,12,-1,-1,-1
31,5,448,107,17,12,-1,-1,-1
32,4,405,114,16,12,-1,-1,-1
32,5,444,108,17,12,-1,-1,-1
33,4,399,115,17,12,-1,-1,-1
33,5,440,108,17,12,-1,-1,-1
34,4,393,116,17,12,-1,-1,-1
34,5,437,109,17,12,-1,-1,-1
35,4,387,117,18,12,-1,-1,-1
35,5,433,110,17,12,-1,-1,-1
36,4,381,117,19,13,-1,-1,-1
36,5,428,110,18,12,-1,-1,-1
37,4,376,118,19,13,-1,-1,-1
37,5,423,111,18,12,-1,-1,-1
38,4,369,119,19,13,-1,-1,-1
38,5,418,112,18,12,-1,-1,-1
39,4,363,120,19,13,-1,-1,-1
39,5,413,113,18,12,-1,-1,-1
40,4,357,121,19,13,-1,-1,-1
40,5,408,114,18,12,-1,-1,-1
41,4,354,122,19,12,-1,-1,-1
41,5,405,114,18,12,-1,-1,-1
42,4,352,122,19,12,-1,-1,-1
42,5,403,114,19,13,-1,-1,-1
45,6,372,118,21,13,-1,-1,-1
46,6,367,118,21,13,-1,-1,-1
47,6,363,119,21,13,-1,-1,-1
48,6,356,120,22,13,-1,-1,-1
49,6,349,121,22,13,-1,-1,-1
50,6,342,122,23,14,-1,-1,-1
51,6,334,123,23,14,-1,-1,-1
52,6,325,125,24,14,-1,-1,-1
53,6,316,126,24,15,-1,-1,-1
54,6,307,127,24,15,-1,-1,-1
55,6,303,128,24,15,-1,-1,-1
56,6,299,128,24,15,-1,-1,-1
65,7,459,109,17,12,-1,-1,-1
66,7,456,109,17,12,-1,-1,-1
67,7,454,110,17,12,-1,-1,-1
68,7,450,110,17,12,-1,-1,-1
68,9,506,101,16,10,-1,-1,-1
69,7,447,111,18,12,-1,-1,-1
69,9,504,101,16,10,-1,-1,-1
70,7,443,111,18,12,-1,-1,-1
70,9,503,101,16,10,-1,-1,-1
71,7,441,112,18,12,-1,-1,-1
71,9,502,101,16,10,-1,-1,-1
72,7,437,112,18,12,-1,-1,-1
72,9,500,101,16,10,-1,-1,-1
73,7,433,113,17,12,-1,-1,-1
73,9,499,101,16,10,-1,-1,-1
74,7,428,114,17,12,-1,-1,-1
74,9,496,101,16,10,-1,-1,-1
75,7,423,115,17,12,-1,-1,-1
75,9,494,102,16,10,-1,-1,-1
76,7,418,115,17,12,-1,-1,-1
76,9,492,102,16,10,-1,-1,-1
77,7,412,116,17,12,-1,-1,-1
77,9,489,103,16,10,-1,-1,-1
78,7,407,117,17,12,-1,-1,-1
78,9,487,103,16,10,-1,-1,-1
79,7,401,117,17,12,-1,-1,-1
79,9,485,103,16,11,-1,-1,-1
80,7,395,118,17,12,-1,-1,-1
80,9,482,104,16,11,-1,-1,-1
81,7,392,118,17,12,-1,-1,-1
81,9,480,104,16,11,-1,-1,-1
82,7,390,119,17,12,-1,-1,-1
82,9,477,104,16,11,-1,-1,-1
83,9,474,104,16,11,-1,-1,-1
84,9,471,104,16,11,-1,-1,-1
85,9,468,104,16,11,-1,-1,-1
86,9,465,104,16,12,-1,-1,-1
87,9,462,105,17,12,-1,-1,-1
88,9,458,106,17,12,-1,-1,-1
89,9,455,106,18,12,-1,-1,-1
90,9,451,107,18,12,-1,-1,-1
90,20,705,375,80,29,-1,-1,-1
91,9,448,107,19,13,-1,-1,-1
91,20,692,373,86,29,-1,-1,-1
92,8,553,93,17,13,-1,-1,-1
92,9,444,108,19,13,-1,-1,-1
92,20,682,370,87,30,-1,-1,-1
93,8,552,93,17,13,-1,-1,-1
93,9,440,108,19,13,-1,-1,-1
93,20,668,367,88,32,-1,-1,-1
94,8,552,93,17,13,-1,-1,-1
94,9,437,109,19,14,-1,-1,-1
94,20,652,364,91,34,-1,-1,-1
95,8,551,93,17,13,-1,-1,-1
95,9,433,109,19,14,-1,-1,-1
95,20,636,360,93,36,-1,-1,-1
96,9,429,110,19,14,-1,-1,-1
96,20,618,356,99,41,-1,-1,-1
97,9,425,110,19,14,-1,-1,-1
97,20,601,352,104,46,-1,-1,-1
98,9,420,111,19,13,-1,-1,-1
98,20,584,348,108,51,-1,-1,-1
99,9,416,112,18,13,-1,-1,-1
99,20,571,346,109,54,-1,-1,-1
100,9,411,112,19,13,-1,-1,-1
100,20,558,345,107,53,-1,-1,-1
101,9,407,113,19,13,-1,-1,-1
101,20,548,343,105,52,-1,-1,-1
102,9,401,114,20,13,-1,-1,-1
102,10,541,93,18,13,-1,-1,-1
102,11,499,103,16,12,-1,-1,-1
102,20,536,342,105,52,-1,-1,-1
103,9,396,115,20,13,-1,-1,-1
103,10,540,93,18,13,-1,-1,-1
103,11,498,103,16,12,-1,-1,-1
103,20,525,340,107,53,-1,-1,-1
104,9,390,115,20,13,-1,-1,-1
104,10,540,93,18,13,-1,-1,-1
104,11,496,103,16,12,-1,-1,-1
104,20,515,339,105,53,-1,-1,-1
105,9,384,116,20,13,-1,-1,-1
105,10,539,93,18,13,-1,-1,-1
105,11,494,103,16,12,-1,-1,-1
105,20,506,337,104,53,-1,-1,-1
106,9,379,117,20,13,-1,-1,-1
106,10,538,93,17,13,-1,-1,-1
106,11,491,104,16,12,-1,-1,-1
106,20,498,336,100,52,-1,-1,-1
107,9,373,117,20,14,-1,-1,-1
107,10,537,93,17,13,-1,-1,-1
107,11,489,104,16,12,-1,-1,-1
107,20,491,334,100,51,-1,-1,-1
108,9,367,118,20,14,-1,-1,-1
108,10,536,93,17,13,-1,-1,-1
108,11,486,104,16,12,-1,-1,-1
108,20,485,334,97,48,-1,-1,-1
109,9,361,119,20,14,-1,-1,-1
109,10,534,93,17,13,-1,-1,-1
109,11,483,104,16,12,-1,-1,-1
109,20,477,333,97,48,-1,-1,-1
110,9,354,120,21,14,-1,-1,-1
110,10,533,93,17,13,-1,-1,-1
110,11,481,104,16,12,-1,-1,-1
110,20,471,332,96,48,-1,-1,-1
111,9,346,122,22,14,-1,-1,-1
111,10,531,94,17,13,-1,-1,-1
111,11,478,105,16,12,-1,-1,-1
111,20,465,332,95,47,-1,-1,-1
112,9,339,123,22,14,-1,-1,-1
112,10,530,95,17,13,-1,-1,-1
112,11,474,105,16,13,-1,-1,-1
112,20,459,331,96,47,-1,-1,-1
113,9,330,124,23,15,-1,-1,-1
113,10,528,95,17,13,-1,-1,-1
113,11,470,106,16,13,-1,-1,-1
113,20,452,330,95,46,-1,-1,-1
114,9,321,125,24,15,-1,-1,-1
114,10,527,95,17,14,-1,-1,-1
114,11,466,106,17,13,-1,-1,-1
114,20,447,329,94,46,-1,-1,-1
115,9,313,126,25,15,-1,-1,-1
115,10,525,95,17,14,-1,-1,-1
115,11,463,107,17,13,-1,-1,-1
115,20,442,329,91,46,-1,-1,-1
116,9,304,127,26,16,-1,-1,-1
116,10,523,94,18,14,-1,-1,-1
116,11,460,107,17,13,-1,-1,-1
116,20,438,327,90,46,-1,-1,-1
117,9,299,128,27,16,-1,-1,-1
117,10,522,94,18,14,-1,-1,-1
117,11,456,108,18,13,-1,-1,-1
117,20,434,327,90,46,-1,-1,-1
118,9,296,128,27,16,-1,-1,-1
118,10,520,94,18,14,-1,-1,-1
118,11,452,109,18,13,-1,-1,-1
118,20,430,325,89,47,-1,-1,-1
119,10,519,94,18,15,-1,-1,-1
119,11,448,109,19,14,-1,-1,-1
119,20,427,325,90,47,-1,-1,-1
120,10,518,95,17,15,-1,-1,-1
120,11,443,110,19,14,-1,-1,-1
120,20,424,324,90,47,-1,-1,-1
121,10,516,95,17,15,-1,-1,-1
121,11,439,110,19,14,-1,-1,-1
121,20,423,323,91,47,-1,-1,-1
122,10,514,95,17,15,-1,-1,-1
122,11,435,111,19,14,-1,-1,-1
122,20,420,322,90,47,-1,-1,-1
123,10,512,95,17,15,-1,-1,-1
123,11,431,111,19,14,-1,-1,-1
123,20,418,322,88,47,-1,-1,-1
124,10,510,95,18,15,-1,-1,-1
124,11,427,111,20,15,-1,-1,-1
124,20,417,321,85,47,-1,-1,-1
125,10,508,95,19,15,-1,-1,-1
125,11,422,112,20,15,-1,-1,-1
125,20,416,319,83,48,-1,-1,-1
126,10,505,95,19,15,-1,-1,-1
126,11,417,113,20,15,-1,-1,-1
126,20,415,318,83,48,-1,-1,-1
127,10,503,95,20,15,-1,-1,-1
127,11,411,113,21,15,-1,-1,-1
127,20,414,317,85,49,-1,-1,-1
128,10,501,95,21,16,-1,-1,-1
128,11,405,114,21,15,-1,-1,-1
128,20,412,317,87,49,-1,-1,-1
129,10,499,95,21,16,-1,-1,-1
129,11,399,115,21,15,-1,-1,-1
129,20,411,316,88,49,-1,-1,-1
130,10,497,95,21,16,-1,-1,-1
130,11,393,116,22,15,-1,-1,-1
130,20,410,316,89,49,-1,-1,-1
131,10,495,95,21,17,-1,-1,-1
131,11,387,116,22,15,-1,-1,-1
131,20,410,316,90,50,-1,-1,-1
132,10,493,95,21,17,-1,-1,-1
132,11,381,117,22,15,-1,-1,-1
132,20,409,316,90,50,-1,-1,-1
133,10,491,95,21,17,-1,-1,-1
133,11,375,118,22,16,-1,-1,-1
133,20,409,316,90,50,-1,-1,-1
134,10,489,95,22,17,-1,-1,-1
134,11,369,119,22,16,-1,-1,-1
134,20,409,316,90,50,-1,-1,-1
135,10,487,95,22,17,-1,-1,-1
135,11,361,120,23,16,-1,-1,-1
135,20,409,316,90,50,-1,-1,-1
136,10,484,96,22,17,-1,-1,-1
136,11,358,121,23,16,-1,-1,-1
136,20,409,316,90,50,-1,-1,-1
137,10,481,96,23,18,-1,-1,-1
137,11,356,121,23,16,-1,-1,-1
137,20,409,316,90,50,-1,-1,-1
138,10,479,96,23,18,-1,-1,-1
138,20,409,316,91,50,-1,-1,-1
139,10,476,96,23,18,-1,-1,-1
139,20,409,316,91,50,-1,-1,-1
140,10,473,96,24,18,-1,-1,-1
140,20,409,316,91,50,-1,-1,-1
141,10,471,96,24,18,-1,-1,-1
141,20,409,316,92,50,-1,-1,-1
142,10,467,97,25,18,-1,-1,-1
142,20,409,316,92,50,-1,-1,-1
143,10,464,97,26,18,-1,-1,-1
143,12,283,131,27,18,-1,-1,-1
143,20,409,316,92,50,-1,-1,-1
144,10,461,97,26,19,-1,-1,-1
144,12,280,131,27,18,-1,-1,-1
144,20,409,316,92,50,-1,-1,-1
145,10,458,97,27,19,-1,-1,-1
145,12,279,131,26,18,-1,-1,-1
145,13,502,100,16,11,-1,-1,-1
145,20,409,316,92,50,-1,-1,-1
146,10,455,97,27,19,-1,-1,-1
146,13,501,100,16,11,-1,-1,-1
146,20,409,316,92,50,-1,-1,-1
147,10,451,97,28,20,-1,-1,-1
147,13,499,100,17,11,-1,-1,-1
147,20,409,316,92,50,-1,-1,-1
148,10,448,97,29,20,-1,-1,-1
148,13,498,100,17,11,-1,-1,-1
148,20,409,316,92,50,-1,-1,-1
149,10,445,97,29,20,-1,-1,-1
149,13,496,101,18,11,-1,-1,-1
149,20,409,316,92,50,-1,-1,-1
150,10,442,98,30,20,-1,-1,-1
150,13,494,101,18,11,-1,-1,-1
150,20,409,316,92,50,-1,-1,-1
151,10,439,98,30,21,-1,-1,-1
151,13,492,102,18,11,-1,-1,-1
151,20,409,316,92,50,-1,-1,-1
152,10,436,98,31,21,-1,-1,-1
152,13,489,102,17,11,-1,-1,-1
152,20,409,316,91,50,-1,-1,-1
153,10,432,98,32,22,-1,-1,-1
153,13,487,103,17,10,-1,-1,-1
153,20,409,316,91,50,-1,-1,-1
154,10,429,98,32,22,-1,-1,-1
154,13,485,103,17,10,-1,-1,-1
154,20,409,316,91,50,-1,-1,-1
155,10,424,99,33,22,-1,-1,-1
155,13,483,103,17,11,-1,-1,-1
155,20,409,316,90,50,-1,-1,-1
156,10,420,99,34,22,-1,-1,-1
156,13,481,103,17,11,-1,-1,-1
156,20,409,316,90,50,-1,-1,-1
157,10,416,100,35,22,-1,-1,-1
157,13,478,104,17,11,-1,-1,-1
157,20,409,316,90,50,-1,-1,-1
158,10,411,100,36,22,-1,-1,-1
158,13,476,104,17,11,-1,-1,-1
158,20,409,316,90,50,-1,-1,-1
159,10,406,101,37,23,-1,-1,-1
159,13,473,104,17,11,-1,-1,-1
159,14,409,158,31,19,-1,-1,-1
159,20,409,316,91,50,-1,-1,-1
160,10,400,101,39,24,-1,-1,-1
160,13,469,105,17,11,-1,-1,-1
160,14,417,155,30,19,-1,-1,-1
160,20,409,316,91,50,-1,-1,-1
161,10,395,101,40,25,-1,-1,-1
161,13,466,105,17,11,-1,-1,-1
161,14,424,153,28,18,-1,-1,-1
161,20,409,316,91,50,-1,-1,-1
162,10,390,102,42,25,-1,-1,-1
162,13,463,106,17,11,-1,-1,-1
162,14,432,151,27,18,-1,-1,-1
162,20,409,316,91,50,-1,-1,-1
163,10,384,102,43,26,-1,-1,-1
163,13,461,106,17,11,-1,-1,-1
163,14,438,148,25,18,-1,-1,-1
163,20,409,316,91,50,-1,-1,-1
164,10,378,102,45,27,-1,-1,-1
164,13,457,106,18,11,-1,-1,-1
164,14,445,146,25,17,-1,-1,-1
164,20,409,316,91,50,-1,-1,-1
165,10,372,102,46,27,-1,-1,-1
165,13,454,107,18,11,-1,-1,-1
165,14,452,144,24,17,-1,-1,-1
165,20,409,316,91,50,-1,-1,-1
166,10,366,103,47,27,-1,-1,-1
166,13,451,107,18,11,-1,-1,-1
166,14,460,142,23,16,-1,-1,-1
166,20,409,316,91,50,-1,-1,-1
167,10,360,103,48,28,-1,-1,-1
167,13,448,108,18,11,-1,-1,-1
167,14,466,140,22,16,-1,-1,-1
167,20,409,316,91,50,-1,-1,-1
168,10,355,104,49,29,-1,-1,-1
168,13,445,108,18,12,-1,-1,-1
168,14,472,139,22,16,-1,-1,-1
168,20,409,316,91,50,-1,-1,-1
169,10,348,104,50,29,-1,-1,-1
169,13,442,108,18,12,-1,-1,-1
169,14,478,137,21,16,-1,-1,-1
169,20,409,316,91,50,-1,-1,-1
170,10,342,104,51,30,-1,-1,-1
170,13,439,109,18,13,-1,-1,-1
170,14,484,135,21,16,-1,-1,-1
170,20,409,316,91,50,-1,-1,-1
171,10,334,105,53,31,-1,-1,-1
171,13,435,109,18,13,-1,-1,-1
171,14,490,134,21,16,-1,-1,-1
171,20,409,316,91,50,-1,-1,-1
172,10,326,105,56,32,-1,-1,-1
172,13,431,109,18,13,-1,-1,-1
172,14,495,132,20,15,-1,-1,-1
172,15,553,93,19,13,-1,-1,-1
172,20,409,316,91,50,-1,-1,-1
173,10,318,105,58,33,-1,-1,-1
173,13,427,110,19,13,-1,-1,-1
173,14,500,131,20,15,-1,-1,-1
173,15,552,92,19,13,-1,-1,-1
173,20,409,316,91,50,-1,-1,-1
174,10,310,105,61,35,-1,-1,-1
174,13,423,110,19,13,-1,-1,-1
174,14,505,130,20,15,-1,-1,-1
174,15,551,92,19,13,-1,-1,-1
174,20,409,316,91,50,-1,-1,-1
175,10,301,106,62,36,-1,-1,-1
175,13,418,110,20,14,-1,-1,-1
175,14,509,128,20,15,-1,-1,-1
175,15,551,92,19,13,-1,-1,-1
175,20,409,316,91,50,-1,-1,-1
176,10,293,105,64,37,-1,-1,-1
176,13,414,111,20,14,-1,-1,-1
176,14,513,127,20,15,-1,-1,-1
176,15,550,92,19,13,-1,-1,-1
176,20,409,316,91,50,-1,-1,-1
177,10,285,105,65,38,-1,-1,-1
177,13,409,111,20,14,-1,-1,-1
177,14,517,126,20,14,-1,-1,-1
177,20,408,316,90,50,-1,-1,-1
178,10,277,105,66,39,-1,-1,-1
178,13,405,112,21,15,-1,-1,-1
178,14,518,125,20,14,-1,-1,-1
178,16,546,92,19,14,-1,-1,-1
178,20,408,316,90,50,-1,-1,-1
179,10,267,107,66,39,-1,-1,-1
179,13,400,113,21,14,-1,-1,-1
179,14,520,125,20,14,-1,-1,-1
179,16,545,92,19,14,-1,-1,-1
179,20,408,316,89,50,-1,-1,-1
180,10,258,108,66,39,-1,-1,-1
180,13,395,114,21,14,-1,-1,-1
180,16,545,92,19,14,-1,-1,-1
180,20,408,316,89,50,-1,-1,-1
181,10,249,111,66,39,-1,-1,-1
181,13,390,115,21,14,-1,-1,-1
181,16,544,92,19,14,-1,-1,-1
181,20,408,315,88,50,-1,-1,-1
182,10,239,112,68,39,-1,-1,-1
182,13,385,115,22,15,-1,-1,-1
182,16,543,92,19,14,-1,-1,-1
182,20,407,315,88,50,-1,-1,-1
183,10,228,113,69,39,-1,-1,-1
183,13,379,116,22,15,-1,-1,-1
183,16,541,92,19,14,-1,-1,-1
183,20,406,315,88,51,-1,-1,-1
184,10,216,115,70,40,-1,-1,-1
184,13,374,117,22,15,-1,-1,-1
184,16,540,92,19,14,-1,-1,-1
184,20,405,315,88,50,-1,-1,-1
185,10,202,116,72,41,-1,-1,-1
185,13,369,117,23,15,-1,-1,-1
185,16,539,92,18,14,-1,-1,-1
185,20,405,315,88,50,-1,-1,-1
186,10,189,118,75,43,-1,-1,-1
186,13,363,118,23,15,-1,-1,-1
186,16,538,92,18,14,-1,-1,-1
186,20,404,315,88,50,-1,-1,-1
187,10,176,119,76,43,-1,-1,-1
187,13,357,120,23,14,-1,-1,-1
187,16,536,92,18,14,-1,-1,-1
187,20,404,315,87,50,-1,-1,-1
188,10,164,120,76,44,-1,-1,-1
188,13,351,121,23,14,-1,-1,-1
188,16,535,92,18,14,-1,-1,-1
188,20,402,315,87,49,-1,-1,-1
189,10,150,122,76,44,-1,-1,-1
189,13,344,122,24,14,-1,-1,-1
189,16,534,92,18,14,-1,-1,-1
189,20,400,315,88,49,-1,-1,-1
190,10,134,124,81,44,-1,-1,-1
190,13,336,123,24,15,-1,-1,-1
190,16,532,93,17,14,-1,-1,-1
190,20,396,314,88,49,-1,-1,-1
191,10,117,124,89,46,-1,-1,-1
191,13,330,124,25,15,-1,-1,-1
191,16,531,93,17,14,-1,-1,-1
191,20,392,313,88,49,-1,-1,-1
192,10,108,124,95,47,-1,-1,-1
192,13,322,125,25,16,-1,-1,-1
192,16,530,93,17,14,-1,-1,-1
192,20,389,313,86,49,-1,-1,-1
193,10,102,123,99,49,-1,-1,-1
193,13,314,126,24,16,-1,-1,-1
193,16,528,93,17,15,-1,-1,-1
193,20,385,312,85,49,-1,-1,-1
194,13,306,127,25,16,-1,-1,-1
194,16,526,93,18,15,-1,-1,-1
194,20,381,310,83,50,-1,-1,-1
195,13,298,128,25,16,-1,-1,-1
195,16,524,93,18,15,-1,-1,-1
195,20,377,308,80,50,-1,-1,-1
196,13,289,129,26,16,-1,-1,-1
196,16,523,93,19,15,-1,-1,-1
196,20,372,307,77,50,-1,-1,-1
197,13,285,130,26,16,-1,-1,-1
197,16,521,93,19,15,-1,-1,-1
197,20,367,305,76,50,-1,-1,-1
198,13,282,130,26,17,-1,-1,-1
198,16,519,93,20,15,-1,-1,-1
198,20,362,303,75,49,-1,-1,-1
199,16,516,93,20,15,-1,-1,-1
199,20,356,301,74,49,-1,-1,-1
200,16,513,93,21,15,-1,-1,-1
200,20,352,299,72,48,-1,-1,-1
201,16,511,94,22,15,-1,-1,-1
201,17,461,153,26,18,-1,-1,-1
201,20,347,297,71,47,-1,-1,-1
202,16,509,93,23,16,-1,-1,-1
202,17,466,152,25,18,-1,-1,-1
202,20,342,295,69,47,-1,-1,-1
203,16,507,93,23,16,-1,-1,-1
203,17,470,151,24,17,-1,-1,-1
203,20,336,292,68,46,-1,-1,-1
204,16,506,93,23,16,-1,-1,-1
204,17,476,149,22,17,-1,-1,-1
204,20,330,289,66,46,-1,-1,-1
205,16,504,93,24,17,-1,-1,-1
205,17,482,147,21,17,-1,-1,-1
205,20,325,286,64,44,-1,-1,-1
206,16,502,93,24,17,-1,-1,-1
206,17,487,144,21,17,-1,-1,-1
206,20,321,283,60,44,-1,-1,-1
207,16,500,93,24,17,-1,-1,-1
207,17,493,142,20,16,-1,-1,-1
207,20,316,281,57,42,-1,-1,-1
208,16,498,93,24,17,-1,-1,-1
208,17,498,140,20,16,-1,-1,-1
208,20,312,278,54,40,-1,-1,-1
209,16,496,93,23,17,-1,-1,-1
209,17,500,139,20,16,-1,-1,-1
209,18,479,137,20,17,-1,-1,-1
209,20,309,275,52,38,-1,-1,-1
210,16,494,93,23,17,-1,-1,-1
210,17,502,139,20,16,-1,-1,-1
210,18,483,135,19,16,-1,-1,-1
210,20,307,272,48,38,-1,-1,-1
211,16,492,93,22,17,-1,-1,-1
211,18,487,134,18,16,-1,-1,-1
211,20,305,269,44,37,-1,-1,-1
212,16,490,94,22,17,-1,-1,-1
212,18,492,133,18,15,-1,-1,-1
212,20,303,265,40,36,-1,-1,-1
213,16,488,94,23,17,-1,-1,-1
213,18,496,132,18,15,-1,-1,-1
213,20,302,262,38,35,-1,-1,-1
214,16,484,95,23,18,-1,-1,-1
214,18,501,130,17,15,-1,-1,-1
214,20,301,259,36,35,-1,-1,-1
215,16,481,95,23,18,-1,-1,-1
215,18,505,129,17,15,-1,-1,-1
215,20,301,254,35,35,-1,-1,-1
216,16,478,95,23,18,-1,-1,-1
216,18,508,128,17,15,-1,-1,-1
216,20,301,250,34,35,-1,-1,-1
217,16,476,95,25,19,-1,-1,-1
217,18,509,128,17,15,-1,-1,-1
217,20,302,246,33,35,-1,-1,-1
218,16,473,95,26,19,-1,-1,-1
218,20,302,242,33,35,-1,-1,-1
219,16,470,95,27,19,-1,-1,-1
219,20,302,239,32,35,-1,-1,-1
220,16,467,95,27,19,-1,-1,-1
220,20,304,235,33,35,-1,-1,-1
221,16,464,95,28,20,-1,-1,-1
221,20,305,232,33,34,-1,-1,-1
222,16,461,96,28,19,-1,-1,-1
222,20,307,229,33,34,-1,-1,-1
223,16,457,96,30,20,-1,-1,-1
223,19,488,144,22,17,-1,-1,-1
223,20,310,225,32,34,-1,-1,-1
224,16,453,96,31,20,-1,-1,-1
224,19,492,142,21,17,-1,-1,-1
224,20,313,223,32,33,-1,-1,-1
225,16,449,95,32,21,-1,-1,-1
225,19,495,141,21,17,-1,-1,-1
225,20,315,220,32,32,-1,-1,-1
226,16,446,95,32,21,-1,-1,-1
226,19,500,139,20,17,-1,-1,-1
226,20,319,217,31,30,-1,-1,-1
227,16,442,96,33,22,-1,-1,-1
227,19,505,138,20,17,-1,-1,-1
227,20,322,215,31,29,-1,-1,-1
228,16,438,96,34,22,-1,-1,-1
228,19,509,137,20,17,-1,-1,-1
228,20,327,212,30,28,-1,-1,-1
229,16,434,96,34,23,-1,-1,-1
229,19,514,135,21,16,-1,-1,-1
229,20,331,209,31,28,-1,-1,-1
230,16,430,96,35,24,-1,-1,-1
230,19,518,134,21,16,-1,-1,-1
230,20,335,207,31,28,-1,-1,-1
231,16,426,97,36,24,-1,-1,-1
231,19,521,133,21,15,-1,-1,-1
231,20,339,204,30,27,-1,-1,-1
232,16,421,97,38,25,-1,-1,-1
232,19,525,132,22,15,-1,-1,-1
232,20,343,202,30,26,-1,-1,-1
233,16,417,97,38,25,-1,-1,-1
233,19,529,131,22,15,-1,-1,-1
233,20,347,199,30,25,-1,-1,-1
234,16,412,98,39,25,-1,-1,-1
234,19,533,130,21,15,-1,-1,-1
234,20,352,196,30,25,-1,-1,-1
235,16,408,99,39,25,-1,-1,-1
235,19,537,129,21,15,-1,-1,-1
235,20,357,194,29,25,-1,-1,-1
236,16,403,100,39,25,-1,-1,-1
236,19,540,128,20,15,-1,-1,-1
236,20,361,191,30,25,-1,-1,-1
237,16,398,100,41,26,-1,-1,-1
237,19,544,127,20,15,-1,-1,-1
237,20,366,188,31,25,-1,-1,-1
238,16,391,101,44,28,-1,-1,-1
238,19,546,126,19,15,-1,-1,-1
238,20,370,186,31,25,-1,-1,-1
239,16,384,101,46,28,-1,-1,-1
239,19,549,125,20,14,-1,-1,-1
239,20,375,185,31,24,-1,-1,-1
240,16,378,101,47,29,-1,-1,-1
240,19,551,124,20,14,-1,-1,-1
240,20,380,183,31,23,-1,-1,-1
241,16,372,102,49,29,-1,-1,-1
241,19,552,124,20,13,-1,-1,-1
241,20,385,181,30,22,-1,-1,-1
242,16,366,102,50,30,-1,-1,-1
242,19,553,124,20,13,-1,-1,-1
242,20,391,179,30,22,-1,-1,-1
243,16,360,102,52,30,-1,-1,-1
243,20,396,177,29,22,-1,-1,-1
244,16,354,103,53,31,-1,-1,-1
244,20,401,175,27,21,-1,-1,-1
245,16,347,103,55,32,-1,-1,-1
245,20,406,174,27,21,-1,-1,-1
246,16,340,103,57,34,-1,-1,-1
246,20,411,172,25,20,-1,-1,-1
247,16,332,103,59,35,-1,-1,-1
247,20,417,170,24,20,-1,-1,-1
248,16,325,103,60,36,-1,-1,-1
248,20,422,169,24,19,-1,-1,-1
249,16,316,104,62,37,-1,-1,-1
249,20,427,166,24,18,-1,-1,-1
250,16,308,104,65,38,-1,-1,-1
250,20,432,164,24,18,-1,-1,-1
251,16,299,105,66,38,-1,-1,-1
251,20,436,162,24,18,-1,-1,-1
252,16,290,106,68,38,-1,-1,-1
252,20,441,160,23,17,-1,-1,-1
253,16,281,107,68,39,-1,-1,-1
253,20,445,159,23,17,-1,-1,-1
254,16,272,108,69,39,-1,-1,-1
254,20,450,157,23,17,-1,-1,-1
255,16,262,109,70,40,-1,-1,-1
255,20,454,155,22,17,-1,-1,-1
256,16,252,110,71,40,-1,-1,-1
256,20,458,154,22,17,-1,-1,-1
257,16,241,111,72,41,-1,-1,-1
257,20,462,153,22,17,-1,-1,-1
258,16,229,113,72,41,-1,-1,-1
258,20,465,151,22,17,-1,-1,-1
259,16,217,114,74,42,-1,-1,-1
259,20,469,150,22,16,-1,-1,-1
260,16,205,116,77,43,-1,-1,-1
260,20,473,148,21,16,-1,-1,-1
261,16,192,116,79,44,-1,-1,-1
261,20,477,147,21,16,-1,-1,-1
262,16,178,118,79,43,-1,-1,-1
262,20,481,146,20,16,-1,-1,-1
263,16,165,120,78,43,-1,-1,-1
263,20,485,145,20,16,-1,-1,-1
264,16,150,123,77,43,-1,-1,-1
264,20,489,144,19,16,-1,-1,-1
265,16,134,124,81,45,-1,-1,-1
265,20,492,143,20,16,-1,-1,-1
266,16,115,124,91,47,-1,-1,-1
266,20,496,142,19,16,-1,-1,-1
267,16,96,123,101,50,-1,-1,-1
267,20,499,141,19,16,-1,-1,-1
268,16,85,123,107,52,-1,-1,-1
268,20,502,140,18,15,-1,-1,-1
269,16,78,123,110,53,-1,-1,-1
269,20,504,139,18,15,-1,-1,-1
270,20,505,139,18,15,-1,-1,-1
274,21,9,138,59,49,-1,-1,-1
275,21,8,139,54,49,-1,-1,-1
276,21,7,139,51,49,-1,-1,-1
290,22,27,234,134,103,-1,-1,-1
291,22,45,223,136,105,-1,-1,-1
292,22,70,216,133,102,-1,-1,-1
293,22,101,206,126,100,-1,-1,-1
294,22,136,198,118,94,-1,-1,-1
295,22,167,191,111,89,-1,-1,-1
296,22,197,185,105,85,-1,-1,-1
297,22,223,179,100,82,-1,-1,-1
298,22,246,174,94,77,-1,-1,-1
298,23,549,92,16,13,-1,-1,-1
299,22,269,170,88,72,-1,-1,-1
299,23,548,92,16,13,-1,-1,-1
299,24,488,96,24,15,-1,-1,-1
300,22,290,166,82,67,-1,-1,-1
300,23,547,92,16,13,-1,-1,-1
300,24,484,96,25,15,-1,-1,-1
301,22,311,161,76,63,-1,-1,-1
301,23,547,92,16,13,-1,-1,-1
301,24,482,96,26,16,-1,-1,-1
302,22,327,157,71,60,-1,-1,-1
302,24,480,96,26,16,-1,-1,-1
303,22,344,154,66,58,-1,-1,-1
303,24,478,97,26,17,-1,-1,-1
303,28,541,93,17,14,-1,-1,-1
304,22,358,150,63,55,-1,-1,-1
304,24,474,97,26,17,-1,-1,-1
304,28,540,92,17,14,-1,-1,-1
305,22,372,148,60,53,-1,-1,-1
305,24,470,98,27,17,-1,-1,-1
305,25,508,101,16,11,-1,-1,-1
305,28,539,92,17,14,-1,-1,-1
306,22,385,145,58,51,-1,-1,-1
306,24,467,98,28,17,-1,-1,-1
306,25,507,101,16,11,-1,-1,-1
306,28,539,92,18,14,-1,-1,-1
307,22,396,143,56,49,-1,-1,-1
307,24,465,98,29,17,-1,-1,-1
307,25,506,101,17,11,-1,-1,-1
307,28,538,92,18,14,-1,-1,-1
308,22,408,142,54,47,-1,-1,-1
308,24,462,98,31,18,-1,-1,-1
308,25,504,101,17,11,-1,-1,-1
308,28,536,92,18,14,-1,-1,-1
309,22,418,140,52,46,-1,-1,-1
309,24,458,99,32,18,-1,-1,-1
309,25,502,101,17,11,-1,-1,-1
309,28,535,92,18,14,-1,-1,-1
310,22,428,139,49,44,-1,-1,-1
310,24,453,99,34,18,-1,-1,-1
310,25,502,101,17,11,-1,-1,-1
310,28,534,92,18,14,-1,-1,-1
311,22,437,137,45,42,-1,-1,-1
311,24,449,99,34,18,-1,-1,-1
311,25,501,101,17,11,-1,-1,-1
311,28,532,92,19,14,-1,-1,-1
312,22,446,135,42,40,-1,-1,-1
312,24,445,99,36,18,-1,-1,-1
312,28,530,93,19,14,-1,-1,-1
313,22,454,133,40,39,-1,-1,-1
313,24,441,99,37,18,-1,-1,-1
313,28,529,93,19,14,-1,-1,-1
314,22,462,131,38,38,-1,-1,-1
314,24,437,100,37,19,-1,-1,-1
314,28,528,93,19,14,-1,-1,-1
315,22,469,130,37,36,-1,-1,-1
315,24,433,100,37,19,-1,-1,-1
315,28,527,93,19,14,-1,-1,-1
316,22,475,129,35,34,-1,-1,-1
316,24,429,101,37,19,-1,-1,-1
316,28,526,93,20,14,-1,-1,-1
317,22,482,128,34,32,-1,-1,-1
317,24,425,101,36,20,-1,-1,-1
317,28,524,93,20,14,-1,-1,-1
318,22,488,127,32,30,-1,-1,-1
318,24,421,102,36,20,-1,-1,-1
318,28,523,93,20,14,-1,-1,-1
319,22,494,125,31,29,-1,-1,-1
319,24,419,103,35,20,-1,-1,-1
319,26,478,104,17,11,-1,-1,-1
319,28,521,93,20,14,-1,-1,-1
320,22,500,124,30,29,-1,-1,-1
320,24,418,103,35,20,-1,-1,-1
320,26,476,104,17,11,-1,-1,-1
320,28,520,93,20,14,-1,-1,-1
321,22,504,123,28,28,-1,-1,-1
321,24,418,103,34,20,-1,-1,-1
321,26,474,104,17,11,-1,-1,-1
321,28,518,93,20,14,-1,-1,-1
322,22,509,122,28,28,-1,-1,-1
322,26,471,104,17,11,-1,-1,-1
322,27,399,104,39,24,-1,-1,-1
322,28,516,94,19,14,-1,-1,-1
323,22,513,121,27,27,-1,-1,-1
323,26,469,104,17,11,-1,-1,-1
323,27,395,104,39,24,-1,-1,-1
323,28,514,94,19,14,-1,-1,-1
324,22,518,120,26,26,-1,-1,-1
324,26,466,104,17,11,-1,-1,-1
324,27,391,104,41,25,-1,-1,-1
324,28,512,94,19,14,-1,-1,-1
325,22,522,119,26,25,-1,-1,-1
325,26,464,104,17,12,-1,-1,-1
325,27,384,104,44,25,-1,-1,-1
325,28,510,94,20,15,-1,-1,-1
326,22,526,118,25,24,-1,-1,-1
326,26,462,104,18,12,-1,-1,-1
326,27,376,104,47,26,-1,-1,-1
326,28,509,94,20,15,-1,-1,-1
327,22,530,117,24,22,-1,-1,-1
327,26,461,104,18,12,-1,-1,-1
327,27,369,105,50,27,-1,-1,-1
327,28,507,94,21,15,-1,-1,-1
328,22,534,116,23,21,-1,-1,-1
328,27,362,105,52,27,-1,-1,-1
328,28,505,94,21,16,-1,-1,-1
329,22,538,116,22,21,-1,-1,-1
329,27,354,105,54,28,-1,-1,-1
329,28,503,94,20,16,-1,-1,-1
329,29,447,107,19,13,-1,-1,-1
330,22,541,115,22,20,-1,-1,-1
330,27,345,105,57,29,-1,-1,-1
330,28,501,94,20,16,-1,-1,-1
330,29,445,107,19,12,-1,-1,-1
331,22,545,115,21,20,-1,-1,-1
331,27,337,105,59,31,-1,-1,-1
331,28,499,94,21,17,-1,-1,-1
331,29,443,107,20,12,-1,-1,-1
332,22,548,114,20,19,-1,-1,-1
332,27,329,105,61,33,-1,-1,-1
332,28,497,94,21,17,-1,-1,-1
332,29,442,107,20,12,-1,-1,-1
333,22,549,114,20,19,-1,-1,-1
333,27,322,105,62,35,-1,-1,-1
333,28,494,94,21,17,-1,-1,-1
333,29,441,108,20,12,-1,-1,-1
334,22,550,114,20,19,-1,-1,-1
334,27,314,106,63,36,-1,-1,-1
334,28,493,95,21,17,-1,-1,-1
335,27,305,106,64,36,-1,-1,-1
335,28,491,95,21,17,-1,-1,-1
335,30,429,110,20,13,-1,-1,-1
336,27,295,107,65,37,-1,-1,-1
336,28,488,95,21,17,-1,-1,-1
336,30,426,110,20,13,-1,-1,-1
337,27,286,108,66,37,-1,-1,-1
337,28,486,95,22,17,-1,-1,-1
337,30,424,111,20,13,-1,-1,-1
338,27,277,109,69,39,-1,-1,-1
338,28,484,95,24,18,-1,-1,-1
338,30,420,111,20,13,-1,-1,-1
339,27,267,111,70,39,-1,-1,-1
339,28,481,95,24,18,-1,-1,-1
339,30,417,111,20,13,-1,-1,-1
340,27,257,112,72,39,-1,-1,-1
340,28,479,95,25,19,-1,-1,-1
340,30,412,112,20,13,-1,-1,-1
341,27,247,115,73,38,-1,-1,-1
341,28,475,95,24,19,-1,-1,-1
341,30,408,113,20,13,-1,-1,-1
342,27,236,116,74,39,-1,-1,-1
342,28,472,95,26,20,-1,-1,-1
342,30,403,113,20,13,-1,-1,-1
343,27,232,116,74,39,-1,-1,-1
343,28,469,95,27,20,-1,-1,-1
343,30,399,114,21,13,-1,-1,-1
344,27,228,117,76,39,-1,-1,-1
344,28,467,95,28,21,-1,-1,-1
344,30,394,114,21,13,-1,-1,-1
345,28,464,95,29,20,-1,-1,-1
345,30,389,115,21,14,-1,-1,-1
346,28,462,95,29,20,-1,-1,-1
346,30,384,115,21,14,-1,-1,-1
347,28,459,96,28,20,-1,-1,-1
347,30,379,116,21,14,-1,-1,-1
347,31,581,105,20,17,-1,-1,-1
348,28,456,96,28,19,-1,-1,-1
348,30,375,117,21,14,-1,-1,-1
348,31,582,104,20,17,-1,-1,-1
349,28,452,97,29,19,-1,-1,-1
349,30,369,117,22,14,-1,-1,-1
349,31,583,103,20,17,-1,-1,-1
350,28,450,96,30,20,-1,-1,-1
350,30,365,118,22,13,-1,-1,-1
350,31,584,102,20,17,-1,-1,-1
351,28,447,96,31,20,-1,-1,-1
351,30,359,119,22,13,-1,-1,-1
351,31,585,102,20,17,-1,-1,-1
352,28,444,96,32,21,-1,-1,-1
352,30,356,120,22,13,-1,-1,-1
352,31,586,102,20,17,-1,-1,-1
353,28,440,96,32,21,-1,-1,-1
353,30,353,120,22,13,-1,-1,-1
353,31,586,102,20,17,-1,-1,-1
354,28,437,97,32,22,-1,-1,-1
355,28,433,97,34,22,-1,-1,-1
355,32,592,101,21,17,-1,-1,-1
356,28,429,97,35,23,-1,-1,-1
356,32,594,101,20,17,-1,-1,-1
357,28,425,98,35,23,-1,-1,-1
357,32,595,101,20,17,-1,-1,-1
358,28,422,98,35,23,-1,-1,-1
358,32,596,101,20,17,-1,-1,-1
358,33,302,128,25,16,-1,-1,-1
359,28,417,99,37,24,-1,-1,-1
359,32,597,101,20,17,-1,-1,-1
359,33,297,128,25,16,-1,-1,-1
360,28,413,100,38,24,-1,-1,-1
360,32,598,101,20,16,-1,-1,-1
360,33,292,129,25,16,-1,-1,-1
361,28,408,100,39,24,-1,-1,-1
361,32,599,101,20,16,-1,-1,-1
361,33,285,130,25,16,-1,-1,-1
362,28,404,100,38,25,-1,-1,-1
362,32,600,100,20,16,-1,-1,-1
362,33,278,130,26,16,-1,-1,-1
363,28,399,100,41,26,-1,-1,-1
363,32,601,100,19,16,-1,-1,-1
363,33,269,131,26,16,-1,-1,-1
364,28,395,100,42,27,-1,-1,-1
364,32,602,100,19,16,-1,-1,-1
364,33,264,132,26,16,-1,-1,-1
365,28,391,100,46,27,-1,-1,-1
365,32,603,100,18,16,-1,-1,-1
365,33,262,132,27,17,-1,-1,-1
366,28,387,100,48,27,-1,-1,-1
366,32,603,100,18,16,-1,-1,-1
367,28,383,100,51,28,-1,-1,-1
367,32,603,100,18,16,-1,-1,-1
368,28,378,100,56,28,-1,-1,-1
369,28,371,101,57,29,-1,-1,-1
370,28,363,101,58,29,-1,-1,-1
371,28,355,103,56,30,-1,-1,-1
372,28,348,104,56,29,-1,-1,-1
372,34,153,147,37,21,-1,-1,-1
373,28,342,104,57,30,-1,-1,-1
373,34,149,147,38,21,-1,-1,-1
374,28,334,104,59,31,-1,-1,-1
374,34,148,147,38,21,-1,-1,-1
375,28,326,104,61,32,-1,-1,-1
376,28,319,104,64,34,-1,-1,-1
377,28,311,105,66,35,-1,-1,-1
377,35,509,98,19,13,-1,-1,-1
378,28,303,105,67,36,-1,-1,-1
378,35,507,98,19,13,-1,-1,-1
379,28,296,105,68,36,-1,-1,-1
379,35,506,98,19,13,-1,-1,-1
380,28,288,105,69,38,-1,-1,-1
380,35,504,98,18,13,-1,-1,-1
381,28,280,106,70,39,-1,-1,-1
381,35,502,98,18,13,-1,-1,-1
382,28,271,107,70,40,-1,-1,-1
382,35,499,98,18,13,-1,-1,-1
382,36,222,180,138,83,-1,-1,-1
383,28,264,108,69,40,-1,-1,-1
383,35,497,98,19,13,-1,-1,-1
383,36,240,175,132,83,-1,-1,-1
384,28,254,110,69,40,-1,-1,-1
384,35,495,98,19,13,-1,-1,-1
384,36,255,172,125,80,-1,-1,-1
385,28,245,111,71,40,-1,-1,-1
385,35,493,98,18,14,-1,-1,-1
385,36,275,167,115,78,-1,-1,-1
386,28,235,113,74,40,-1,-1,-1
386,35,491,99,18,14,-1,-1,-1
386,36,296,162,106,74,-1,-1,-1
387,28,224,114,75,40,-1,-1,-1
387,35,488,99,19,14,-1,-1,-1
387,36,314,159,99,72,-1,-1,-1
388,28,211,115,75,41,-1,-1,-1
388,35,484,100,19,14,-1,-1,-1
388,36,331,157,92,67,-1,-1,-1
389,28,198,117,76,42,-1,-1,-1
389,35,481,100,20,14,-1,-1,-1
389,36,347,154,86,63,-1,-1,-1
390,28,186,118,77,43,-1,-1,-1
390,35,478,100,21,15,-1,-1,-1
390,36,363,152,81,59,-1,-1,-1
391,28,174,120,77,43,-1,-1,-1
391,35,475,101,21,15,-1,-1,-1
391,36,376,150,79,56,-1,-1,-1
392,28,163,122,76,43,-1,-1,-1
392,35,473,101,22,15,-1,-1,-1
392,36,388,147,76,54,-1,-1,-1
393,28,148,124,76,42,-1,-1,-1
393,35,470,101,22,14,-1,-1,-1
393,36,400,144,74,52,-1,-1,-1
394,28,134,126,79,42,-1,-1,-1
394,35,467,102,23,15,-1,-1,-1
394,36,409,142,71,51,-1,-1,-1
395,28,117,125,88,45,-1,-1,-1
395,35,463,102,23,15,-1,-1,-1
395,36,419,139,68,49,-1,-1,-1
396,28,102,124,96,48,-1,-1,-1
396,35,461,102,24,16,-1,-1,-1
396,36,428,137,64,47,-1,-1,-1
397,28,93,123,103,51,-1,-1,-1
397,35,457,102,24,16,-1,-1,-1
397,36,439,136,61,44,-1,-1,-1
398,28,89,122,105,52,-1,-1,-1
398,35,454,102,23,15,-1,-1,-1
398,36,449,134,57,42,-1,-1,-1
399,35,451,102,23,15,-1,-1,-1
399,36,458,133,54,40,-1,-1,-1
400,35,448,103,23,15,-1,-1,-1
400,36,468,131,49,39,-1,-1,-1
401,35,444,103,23,15,-1,-1,-1
401,36,476,129,45,38,-1,-1,-1
402,35,440,104,22,15,-1,-1,-1
402,36,483,128,43,36,-1,-1,-1
403,35,436,106,22,14,-1,-1,-1
403,36,489,127,42,34,-1,-1,-1
404,35,432,107,21,14,-1,-1,-1
404,36,494,126,41,33,-1,-1,-1
405,35,427,108,20,14,-1,-1,-1
405,36,500,125,39,31,-1,-1,-1
406,35,422,108,20,14,-1,-1,-1
406,36,505,125,37,29,-1,-1,-1
407,35,418,109,21,14,-1,-1,-1
407,36,511,125,35,27,-1,-1,-1
408,35,413,109,24,15,-1,-1,-1
408,36,516,124,34,25,-1,-1,-1
409,35,409,109,27,16,-1,-1,-1
409,36,519,123,34,24,-1,-1,-1
410,35,404,109,30,17,-1,-1,-1
410,36,523,122,33,23,-1,-1,-1
411,35,399,109,31,17,-1,-1,-1
411,36,524,122,33,23,-1,-1,-1
412,35,393,109,33,17,-1,-1,-1
412,36,525,122,32,22,-1,-1,-1
413,35,387,110,35,18,-1,-1,-1
414,35,381,111,35,17,-1,-1,-1
415,35,374,112,34,17,-1,-1,-1
416,35,369,113,34,17,-1,-1,-1
417,35,362,114,34,17,-1,-1,-1
418,35,356,114,32,17,-1,-1,-1
419,35,349,115,29,17,-1,-1,-1
420,35,343,116,28,18,-1,-1,-1
421,35,335,117,28,18,-1,-1,-1
422,35,327,117,30,19,-1,-1,-1
423,35,319,117,35,20,-1,-1,-1
424,35,310,117,40,22,-1,-1,-1
425,35,302,116,45,25,-1,-1,-1
426,35,292,117,46,26,-1,-1,-1
426,37,222,179,143,85,-1,-1,-1
427,35,284,118,45,26,-1,-1,-1
427,37,241,177,133,83,-1,-1,-1
428,35,273,121,41,25,-1,-1,-1
428,37,255,173,128,82,-1,-1,-1
429,35,262,123,38,25,-1,-1,-1
429,37,274,167,120,81,-1,-1,-1
430,35,251,124,35,25,-1,-1,-1
430,37,293,161,114,79,-1,-1,-1
431,35,245,125,34,25,-1,-1,-1
431,37,310,158,108,75,-1,-1,-1
432,35,242,125,33,25,-1,-1,-1
432,37,328,155,101,69,-1,-1,-1
433,37,344,153,96,64,-1,-1,-1
434,37,360,151,90,60,-1,-1,-1
435,37,373,149,87,58,-1,-1,-1
436,37,386,146,83,57,-1,-1,-1
437,37,397,142,81,56,-1,-1,-1
438,37,409,139,76,55,-1,-1,-1
439,37,419,137,72,53,-1,-1,-1
440,37,429,134,68,52,-1,-1,-1
441,37,438,133,65,49,-1,-1,-1
442,37,446,132,63,47,-1,-1,-1
443,37,454,132,59,44,-1,-1,-1
444,37,462,131,56,41,-1,-1,-1
445,37,470,129,53,40,-1,-1,-1
446,37,477,128,50,38,-1,-1,-1
447,37,483,127,49,37,-1,-1,-1
448,37,489,125,48,36,-1,-1,-1
449,37,495,123,46,35,-1,-1,-1
450,37,501,122,43,35,-1,-1,-1
451,37,504,121,40,34,-1,-1,-1
452,37,506,121,40,34,-1,-1,-1
454,38,490,101,15,11,-1,-1,-1
455,38,487,102,15,11,-1,-1,-1
456,38,485,102,15,11,-1,-1,-1
457,38,483,102,16,11,-1,-1,-1
458,38,480,103,16,11,-1,-1,-1
459,38,477,104,16,11,-1,-1,-1
460,38,476,104,17,11,-1,-1,-1
461,38,474,104,17,11,-1,-1,-1
465,39,454,107,18,13,-1,-1,-1
466,39,451,107,18,12,-1,-1,-1
467,39,449,108,18,12,-1,-1,-1
468,39,446,108,19,13,-1,-1,-1
469,39,442,108,19,13,-1,-1,-1
470,39,438,109,20,13,-1,-1,-1
471,39,434,109,20,13,-1,-1,-1
472,39,430,110,20,14,-1,-1,-1
473,39,426,110,20,14,-1,-1,-1
474,39,421,111,20,14,-1,-1,-1
475,39,417,111,20,14,-1,-1,-1
476,39,411,112,20,13,-1,-1,-1
477,39,406,113,20,13,-1,-1,-1
478,39,403,113,21,13,-1,-1,-1
479,39,401,113,21,13,-1,-1,-1
481,40,376,116,24,15,-1,-1,-1
481,41,213,175,148,86,-1,-1,-1
482,40,371,117,25,15,-1,-1,-1
482,41,231,171,142,85,-1,-1,-1
483,40,367,117,25,16,-1,-1,-1
483,41,245,169,136,82,-1,-1,-1
484,40,361,118,25,15,-1,-1,-1
484,41,264,164,125,81,-1,-1,-1
485,40,355,119,25,15,-1,-1,-1
485,41,285,160,115,78,-1,-1,-1
486,40,348,121,25,15,-1,-1,-1
486,41,306,157,105,73,-1,-1,-1
487,40,341,122,25,15,-1,-1,-1
487,41,327,155,93,66,-1,-1,-1
488,40,333,123,26,15,-1,-1,-1
488,41,347,153,83,60,-1,-1,-1
489,40,329,124,26,15,-1,-1,-1
489,41,363,149,76,56,-1,-1,-1
490,40,326,124,26,15,-1,-1,-1
490,41,376,146,72,53,-1,-1,-1
491,41,388,143,69,52,-1,-1,-1
492,41,399,140,67,52,-1,-1,-1
493,41,408,137,66,50,-1,-1,-1
494,41,419,135,64,49,-1,-1,-1
495,41,428,134,62,49,-1,-1,-1
496,41,437,132,61,49,-1,-1,-1
497,41,444,130,60,49,-1,-1,-1
498,41,451,129,59,49,-1,-1,-1
499,41,457,127,58,47,-1,-1,-1
500,41,463,126,57,46,-1,-1,-1
501,41,470,125,55,44,-1,-1,-1
502,41,476,124,54,42,-1,-1,-1
503,41,479,123,54,41,-1,-1,-1
504,41,481,122,54,41,-1,-1,-1
507,42,478,103,17,13,-1,-1,-1
508,42,476,103,17,13,-1,-1,-1
509,42,474,103,17,13,-1,-1,-1
510,42,471,103,17,13,-1,-1,-1
511,42,468,103,17,13,-1,-1,-1
512,42,466,103,17,14,-1,-1,-1
513,42,463,104,17,14,-1,-1,-1
514,42,459,104,17,14,-1,-1,-1
515,42,456,105,17,14,-1,-1,-1
516,42,452,106,17,14,-1,-1,-1
517,42,448,106,18,14,-1,-1,-1
518,42,444,106,18,14,-1,-1,-1
519,42,441,107,18,14,-1,-1,-1
520,42,437,108,19,14,-1,-1,-1
521,42,433,108,19,14,-1,-1,-1
522,42,430,109,19,15,-1,-1,-1
523,42,425,109,19,15,-1,-1,-1
524,42,421,110,19,15,-1,-1,-1
525,42,416,110,20,15,-1,-1,-1
526,42,411,111,20,15,-1,-1,-1
527,42,406,111,20,15,-1,-1,-1
528,42,401,112,20,15,-1,-1,-1
529,42,396,113,21,15,-1,-1,-1
530,42,391,113,22,15,-1,-1,-1
531,42,385,114,22,15,-1,-1,-1
532,42,379,115,23,15,-1,-1,-1
533,42,373,115,23,16,-1,-1,-1
534,42,367,116,23,16,-1,-1,-1
535,42,361,117,23,16,-1,-1,-1
536,42,354,118,23,15,-1,-1,-1
537,42,347,119,23,15,-1,-1,-1
538,42,344,120,23,15,-1,-1,-1
539,42,342,120,23,15,-1,-1,-1
557,43,511,138,19,15,-1,-1,-1
558,43,512,137,19,15,-1,-1,-1
559,43,513,137,19,15,-1,-1,-1
592,44,495,100,17,11,-1,-1,-1
593,44,495,100,17,11,-1,-1,-1
594,44,494,100,17,11,-1,-1,-1
599,45,478,104,16,10,-1,-1,-1
600,45,476,104,17,10,-1,-1,-1
601,45,474,104,17,11,-1,-1,-1
602,45,471,105,17,11,-1,-1,-1
603,45,469,105,17,11,-1,-1,-1
604,45,465,105,17,12,-1,-1,-1
605,45,462,106,17,12,-1,-1,-1
606,45,459,106,17,12,-1,-1,-1
607,45,455,107,17,12,-1,-1,-1
608,45,452,107,18,12,-1,-1,-1
609,45,448,107,18,12,-1,-1,-1
610,45,444,108,18,13,-1,-1,-1
611,45,440,108,18,13,-1,-1,-1
612,45,436,109,19,13,-1,-1,-1
613,45,433,110,19,13,-1,-1,-1
614,45,428,110,19,13,-1,-1,-1
615,45,424,111,19,13,-1,-1,-1
616,45,418,112,20,13,-1,-1,-1
617,45,413,112,20,13,-1,-1,-1
618,45,408,113,20,13,-1,-1,-1
619,45,403,114,20,13,-1,-1,-1
620,45,399,115,20,13,-1,-1,-1
621,45,394,115,20,13,-1,-1,-1
622,45,389,116,20,13,-1,-1,-1
623,45,382,116,21,14,-1,-1,-1
624,45,377,117,21,14,-1,-1,-1
625,45,374,117,21,14,-1,-1,-1
626,45,373,118,21,14,-1,-1,-1
651,46,508,98,19,13,-1,-1,-1
652,46,507,98,19,13,-1,-1,-1
653,46,505,98,19,14,-1,-1,-1
654,46,504,98,19,14,-1,-1,-1
655,46,504,98,20,14,-1,-1,-1
658,47,491,100,19,13,-1,-1,-1
659,47,489,100,20,14,-1,-1,-1
660,47,489,100,20,14,-1,-1,-1
661,47,488,100,20,14,-1,-1,-1
663,49,475,103,19,14,-1,-1,-1
664,49,473,103,19,14,-1,-1,-1
665,49,471,103,18,14,-1,-1,-1
666,49,468,104,18,13,-1,-1,-1
667,49,466,104,18,13,-1,-1,-1
668,49,463,104,19,13,-1,-1,-1
669,49,460,105,19,13,-1,-1,-1
670,49,456,106,18,13,-1,-1,-1
671,48,475,104,18,13,-1,-1,-1
671,49,452,107,19,13,-1,-1,-1
672,48,474,104,17,13,-1,-1,-1
672,49,449,107,19,13,-1,-1,-1
673,48,473,103,17,13,-1,-1,-1
673,49,446,107,20,14,-1,-1,-1
674,48,471,103,17,13,-1,-1,-1
674,49,442,108,20,14,-1,-1,-1
675,48,469,103,18,13,-1,-1,-1
675,49,438,108,20,14,-1,-1,-1
676,48,466,103,17,13,-1,-1,-1
676,49,434,109,19,14,-1,-1,-1
677,48,464,103,17,13,-1,-1,-1
677,49,430,110,19,14,-1,-1,-1
678,48,461,104,18,14,-1,-1,-1
678,49,425,110,18,14,-1,-1,-1
679,48,458,105,18,14,-1,-1,-1
679,49,421,111,18,14,-1,-1,-1
680,48,455,105,18,14,-1,-1,-1
680,49,416,111,18,14,-1,-1,-1
681,48,452,106,18,13,-1,-1,-1
681,49,412,111,19,14,-1,-1,-1
682,48,448,106,18,13,-1,-1,-1
682,49,407,112,20,15,-1,-1,-1
683,48,445,107,19,13,-1,-1,-1
683,49,401,113,22,15,-1,-1,-1
684,48,441,107,19,13,-1,-1,-1
684,49,395,113,23,15,-1,-1,-1
685,48,437,107,20,13,-1,-1,-1
685,49,389,114,24,15,-1,-1,-1
686,48,433,108,20,13,-1,-1,-1
686,49,383,114,24,15,-1,-1,-1
687,48,429,108,21,14,-1,-1,-1
687,49,377,115,25,16,-1,-1,-1
688,48,425,109,21,13,-1,-1,-1
688,49,370,115,26,16,-1,-1,-1
689,48,421,109,21,14,-1,-1,-1
689,49,364,116,27,17,-1,-1,-1
689,50,537,96,20,14,-1,-1,-1
690,48,416,110,21,13,-1,-1,-1
690,49,357,117,27,17,-1,-1,-1
690,50,536,96,20,13,-1,-1,-1
691,48,412,111,21,14,-1,-1,-1
691,49,350,118,27,17,-1,-1,-1
691,50,535,96,20,13,-1,-1,-1
692,48,407,111,21,14,-1,-1,-1
692,49,342,120,27,17,-1,-1,-1
692,50,533,96,20,13,-1,-1,-1
693,48,403,112,20,14,-1,-1,-1
693,49,335,120,28,17,-1,-1,-1
693,50,532,96,20,13,-1,-1,-1
694,48,397,112,21,14,-1,-1,-1
694,49,326,121,30,18,-1,-1,-1
694,50,531,96,20,13,-1,-1,-1
695,48,392,113,21,15,-1,-1,-1
695,49,317,121,33,19,-1,-1,-1
695,50,529,96,19,13,-1,-1,-1
696,48,386,113,22,15,-1,-1,-1
696,49,308,122,34,20,-1,-1,-1
696,50,528,96,19,13,-1,-1,-1
697,48,381,114,23,15,-1,-1,-1
697,49,298,123,35,21,-1,-1,-1
697,50,526,96,19,13,-1,-1,-1
698,48,375,114,23,15,-1,-1,-1
698,49,288,124,34,21,-1,-1,-1
698,50,525,96,19,13,-1,-1,-1
699,48,369,115,24,15,-1,-1,-1
699,49,277,125,33,22,-1,-1,-1
699,50,524,96,19,13,-1,-1,-1
700,48,364,116,24,15,-1,-1,-1
700,49,266,126,34,22,-1,-1,-1
700,50,522,96,19,13,-1,-1,-1
701,48,358,117,23,15,-1,-1,-1
701,49,256,127,34,23,-1,-1,-1
701,50,520,96,20,13,-1,-1,-1
702,48,352,118,23,15,-1,-1,-1
702,49,245,129,34,24,-1,-1,-1
702,50,518,96,20,14,-1,-1,-1
703,48,346,119,23,15,-1,-1,-1
703,49,233,130,33,24,-1,-1,-1
703,50,515,96,21,14,-1,-1,-1
704,48,339,121,23,15,-1,-1,-1
704,49,219,133,35,24,-1,-1,-1
704,50,512,96,22,14,-1,-1,-1
705,48,332,121,23,15,-1,-1,-1
705,49,206,135,39,26,-1,-1,-1
705,50,510,96,23,15,-1,-1,-1
706,48,323,122,24,16,-1,-1,-1
706,49,191,136,46,28,-1,-1,-1
706,50,508,96,23,15,-1,-1,-1
707,48,316,123,25,17,-1,-1,-1
707,49,175,137,49,30,-1,-1,-1
707,50,506,96,23,15,-1,-1,-1
708,48,307,124,26,17,-1,-1,-1
708,49,167,138,50,31,-1,-1,-1
708,50,504,97,23,15,-1,-1,-1
709,48,299,125,26,18,-1,-1,-1
709,49,161,139,50,31,-1,-1,-1
709,50,501,97,23,15,-1,-1,-1
710,48,290,126,27,18,-1,-1,-1
710,50,499,97,23,15,-1,-1,-1
711,48,282,126,28,19,-1,-1,-1
711,50,496,97,23,16,-1,-1,-1
712,48,273,127,29,19,-1,-1,-1
712,50,494,98,22,15,-1,-1,-1
713,48,268,127,29,20,-1,-1,-1
713,50,491,98,23,16,-1,-1,-1
714,48,265,128,29,20,-1,-1,-1
714,50,488,99,22,15,-1,-1,-1
715,50,485,99,22,15,-1,-1,-1
716,50,482,100,22,15,-1,-1,-1
717,50,478,100,22,16,-1,-1,-1
718,50,476,100,22,16,-1,-1,-1
719,50,474,101,23,16,-1,-1,-1
720,50,470,101,23,16,-1,-1,-1
721,50,466,101,24,17,-1,-1,-1
722,50,463,101,25,17,-1,-1,-1
723,50,460,101,25,17,-1,-1,-1
724,50,458,101,26,18,-1,-1,-1
725,50,454,101,26,18,-1,-1,-1
726,50,450,101,28,19,-1,-1,-1
727,50,446,102,29,20,-1,-1,-1
728,50,441,102,31,20,-1,-1,-1
729,50,437,103,32,21,-1,-1,-1
730,50,433,103,33,21,-1,-1,-1
731,50,428,104,34,22,-1,-1,-1
732,50,423,104,35,22,-1,-1,-1
733,50,417,105,37,23,-1,-1,-1
734,50,412,105,37,23,-1,-1,-1
735,50,406,106,39,23,-1,-1,-1
736,50,400,106,40,23,-1,-1,-1
737,50,394,106,42,24,-1,-1,-1
738,50,388,107,44,25,-1,-1,-1
739,50,381,107,46,25,-1,-1,-1
740,50,375,107,47,26,-1,-1,-1
741,50,367,108,49,26,-1,-1,-1
742,50,361,108,51,27,-1,-1,-1
743,50,353,109,52,28,-1,-1,-1
744,50,344,109,56,29,-1,-1,-1
745,50,336,109,57,30,-1,-1,-1
746,50,328,110,59,31,-1,-1,-1
747,50,319,111,61,32,-1,-1,-1
747,51,152,186,162,93,-1,-1,-1
748,50,310,112,64,34,-1,-1,-1
748,51,178,177,154,95,-1,-1,-1
749,50,301,112,66,35,-1,-1,-1
749,51,198,173,147,95,-1,-1,-1
750,50,292,113,68,36,-1,-1,-1
750,51,222,167,142,93,-1,-1,-1
751,50,283,114,69,36,-1,-1,-1
751,51,245,163,134,87,-1,-1,-1
752,50,273,116,70,36,-1,-1,-1
752,51,267,159,126,81,-1,-1,-1
753,50,261,118,69,35,-1,-1,-1
753,51,289,156,115,76,-1,-1,-1
754,50,249,120,71,36,-1,-1,-1
754,51,308,152,108,72,-1,-1,-1
755,50,237,121,73,37,-1,-1,-1
755,51,326,148,102,70,-1,-1,-1
756,50,225,122,76,38,-1,-1,-1
756,51,341,145,98,68,-1,-1,-1
757,50,212,125,77,38,-1,-1,-1
757,51,357,142,93,65,-1,-1,-1
758,50,197,127,80,38,-1,-1,-1
758,51,371,139,88,62,-1,-1,-1
759,50,182,129,82,38,-1,-1,-1
759,51,384,138,83,59,-1,-1,-1
760,50,165,131,85,39,-1,-1,-1
760,51,396,135,79,57,-1,-1,-1
761,50,148,133,88,39,-1,-1,-1
761,51,406,133,76,55,-1,-1,-1
762,50,140,134,90,39,-1,-1,-1
762,51,417,131,72,54,-1,-1,-1
763,50,134,134,92,39,-1,-1,-1
763,51,426,129,68,53,-1,-1,-1
764,51,435,127,64,51,-1,-1,-1
765,51,444,126,61,49,-1,-1,-1
766,51,452,125,58,47,-1,-1,-1
767,51,461,124,55,45,-1,-1,-1
768,51,468,123,53,43,-1,-1,-1
769,51,474,122,52,41,-1,-1,-1
770,51,480,121,50,40,-1,-1,-1
771,51,487,120,47,39,-1,-1,-1
772,51,494,119,44,38,-1,-1,-1
773,51,500,117,41,38,-1,-1,-1
774,51,505,116,39,38,-1,-1,-1
775,51,510,114,38,38,-1,-1,-1
776,51,515,114,37,37,-1,-1,-1
776,52,429,113,20,14,-1,-1,-1
777,51,519,113,37,36,-1,-1,-1
777,52,428,113,20,14,-1,-1,-1
778,51,523,113,35,35,-1,-1,-1
778,52,427,113,20,14,-1,-1,-1
779,51,527,113,34,34,-1,-1,-1
780,51,530,112,34,33,-1,-1,-1
781,51,534,112,33,31,-1,-1,-1
781,53,403,117,18,12,-1,-1,-1
782,51,537,112,33,29,-1,-1,-1
782,53,399,118,18,12,-1,-1,-1
783,51,541,112,32,26,-1,-1,-1
783,53,396,118,18,12,-1,-1,-1
784,51,543,112,31,25,-1,-1,-1
784,53,390,119,18,12,-1,-1,-1
785,51,544,112,30,25,-1,-1,-1
785,53,388,119,19,13,-1,-1,-1
786,53,385,119,19,13,-1,-1,-1
787,54,555,108,29,23,-1,-1,-1
788,54,557,108,30,23,-1,-1,-1
789,54,558,108,29,22,-1,-1,-1
790,54,560,108,29,22,-1,-1,-1
791,54,562,107,28,22,-1,-1,-1
792,54,564,107,28,22,-1,-1,-1
793,54,566,106,27,21,-1,-1,-1
794,54,568,106,27,21,-1,-1,-1
795,54,570,105,27,21,-1,-1,-1
796,54,572,105,27,20,-1,-1,-1
797,54,574,104,26,20,-1,-1,-1
798,54,577,104,25,20,-1,-1,-1
799,54,579,104,24,19,-1,-1,-1
800,54,582,104,23,19,-1,-1,-1
801,54,583,103,22,19,-1,-1,-1
802,54,585,103,21,18,-1,-1,-1
803,54,586,102,21,18,-1,-1,-1
804,54,588,102,21,17,-1,-1,-1
805,54,590,101,22,17,-1,-1,-1
806,54,592,101,22,17,-1,-1,-1
807,54,593,101,22,16,-1,-1,-1
807,55,448,147,22,16,-1,-1,-1
808,54,595,101,21,16,-1,-1,-1
808,55,452,145,22,16,-1,-1,-1
809,54,596,101,21,16,-1,-1,-1
809,55,457,144,21,16,-1,-1,-1
810,54,597,101,21,16,-1,-1,-1
810,55,462,142,21,16,-1,-1,-1
811,54,598,101,21,16,-1,-1,-1
811,55,468,140,21,16,-1,-1,-1
812,54,599,101,21,16,-1,-1,-1
812,55,474,139,20,16,-1,-1,-1
813,54,600,100,21,16,-1,-1,-1
813,55,480,137,20,16,-1,-1,-1
814,54,600,100,21,16,-1,-1,-1
814,55,486,135,20,15,-1,-1,-1
815,54,600,100,21,16,-1,-1,-1
815,55,492,133,20,15,-1,-1,-1
816,55,497,131,20,15,-1,-1,-1
817,55,502,130,20,14,-1,-1,-1
818,55,506,128,19,14,-1,-1,-1
819,55,511,127,19,14,-1,-1,-1
820,55,515,126,18,14,-1,-1,-1
821,55,518,126,18,13,-1,-1,-1
822,55,521,125,18,13,-1,-1,-1
823,55,523,125,18,13,-1,-1,-1
824,55,524,124,18,13,-1,-1,-1
825,55,526,124,18,13,-1,-1,-1
826,55,527,124,18,13,-1,-1,-1
827,55,529,123,18,13,-1,-1,-1
828,55,530,123,18,13,-1,-1,-1
829,55,531,123,18,13,-1,-1,-1
830,55,532,123,18,13,-1,-1,-1
830,57,467,150,25,19,-1,-1,-1
831,55,534,123,18,13,-1,-1,-1
831,57,472,148,24,19,-1,-1,-1
832,55,535,122,18,13,-1,-1,-1
832,57,476,147,23,19,-1,-1,-1
833,55,536,122,18,13,-1,-1,-1
833,57,482,146,23,18,-1,-1,-1
834,55,537,122,18,13,-1,-1,-1
834,57,487,144,22,17,-1,-1,-1
835,55,539,122,18,13,-1,-1,-1
835,57,493,143,22,17,-1,-1,-1
836,55,540,122,18,13,-1,-1,-1
836,57,498,141,21,16,-1,-1,-1
837,55,541,121,18,13,-1,-1,-1
837,57,503,139,20,16,-1,-1,-1
838,55,542,121,18,13,-1,-1,-1
838,57,508,137,20,15,-1,-1,-1
839,55,543,121,18,14,-1,-1,-1
839,57,513,135,19,15,-1,-1,-1
840,55,545,121,18,14,-1,-1,-1
840,57,518,134,19,15,-1,-1,-1
841,55,546,121,18,14,-1,-1,-1
841,57,521,132,20,15,-1,-1,-1
842,55,547,120,18,14,-1,-1,-1
842,57,525,131,20,15,-1,-1,-1
843,55,548,120,18,14,-1,-1,-1
843,57,528,129,20,14,-1,-1,-1
844,55,550,120,18,14,-1,-1,-1
844,57,532,128,19,14,-1,-1,-1
845,55,551,120,18,14,-1,-1,-1
845,57,535,127,19,14,-1,-1,-1
846,55,552,120,18,14,-1,-1,-1
846,57,538,126,19,14,-1,-1,-1
847,55,553,119,18,14,-1,-1,-1
847,57,541,125,18,14,-1,-1,-1
848,55,555,119,18,14,-1,-1,-1
848,57,544,124,18,14,-1,-1,-1
849,55,556,119,18,14,-1,-1,-1
849,57,547,124,18,14,-1,-1,-1
850,55,557,119,18,14,-1,-1,-1
850,56,447,108,17,12,-1,-1,-1
850,57,549,123,17,13,-1,-1,-1
851,55,558,119,18,14,-1,-1,-1
851,56,444,108,17,12,-1,-1,-1
851,57,552,123,17,13,-1,-1,-1
852,55,560,118,18,14,-1,-1,-1
852,56,442,108,17,12,-1,-1,-1
852,57,553,123,17,13,-1,-1,-1
853,55,561,118,18,14,-1,-1,-1
853,56,439,109,17,13,-1,-1,-1
853,57,554,123,17,13,-1,-1,-1
854,55,562,118,18,14,-1,-1,-1
854,56,435,109,17,13,-1,-1,-1
855,55,563,118,19,14,-1,-1,-1
855,56,432,110,18,13,-1,-1,-1
856,55,565,118,19,14,-1,-1,-1
856,56,427,111,18,13,-1,-1,-1
857,55,566,117,19,14,-1,-1,-1
857,56,423,111,17,13,-1,-1,-1
858,55,568,117,18,14,-1,-1,-1
858,56,418,111,17,13,-1,-1,-1
859,55,570,117,18,14,-1,-1,-1
859,56,413,112,17,13,-1,-1,-1
860,55,571,116,18,13,-1,-1,-1
860,56,408,113,17,13,-1,-1,-1
861,55,573,116,17,13,-1,-1,-1
861,56,402,114,17,13,-1,-1,-1
862,55,575,115,16,13,-1,-1,-1
862,56,397,114,18,13,-1,-1,-1
863,55,577,114,16,12,-1,-1,-1
863,56,391,115,18,13,-1,-1,-1
864,55,579,113,16,12,-1,-1,-1
864,56,384,116,19,13,-1,-1,-1
865,55,581,113,16,12,-1,-1,-1
865,56,379,117,20,13,-1,-1,-1
866,55,583,112,16,12,-1,-1,-1
866,56,376,117,20,14,-1,-1,-1
867,55,584,111,16,12,-1,-1,-1
867,56,374,117,20,13,-1,-1,-1
868,55,585,111,16,12,-1,-1,-1
869,55,586,110,16,12,-1,-1,-1
870,55,587,110,16,12,-1,-1,-1
871,55,587,110,16,12,-1,-1,-1
965,58,502,139,19,15,-1,-1,-1
966,58,503,139,19,14,-1,-1,-1
967,58,504,139,19,14,-1,-1,-1
971,59,503,99,17,13,-1,-1,-1
972,59,502,99,17,13,-1,-1,-1
973,59,500,99,17,12,-1,-1,-1
974,59,498,100,17,12,-1,-1,-1
975,59,497,100,17,12,-1,-1,-1
976,59,495,100,17,11,-1,-1,-1
976,61,463,152,22,17,-1,-1,-1
977,59,493,101,17,11,-1,-1,-1
977,61,468,150,21,16,-1,-1,-1
978,59,491,101,17,11,-1,-1,-1
978,61,472,149,21,16,-1,-1,-1
979,59,490,101,16,11,-1,-1,-1
979,61,478,147,20,16,-1,-1,-1
980,61,483,145,20,16,-1,-1,-1
981,61,489,144,20,16,-1,-1,-1
982,60,479,103,16,12,-1,-1,-1
982,61,494,142,20,16,-1,-1,-1
983,60,477,103,16,12,-1,-1,-1
983,61,499,140,19,16,-1,-1,-1
984,60,476,103,16,12,-1,-1,-1
984,61,505,138,19,15,-1,-1,-1
985,60,473,103,16,12,-1,-1,-1
985,61,510,136,18,15,-1,-1,-1
986,60,470,104,16,12,-1,-1,-1
986,61,515,135,18,15,-1,-1,-1
987,60,467,104,16,12,-1,-1,-1
987,61,519,133,19,15,-1,-1,-1
988,60,464,104,17,12,-1,-1,-1
988,61,522,132,19,14,-1,-1,-1
989,60,461,104,17,13,-1,-1,-1
989,61,526,131,19,14,-1,-1,-1
990,60,457,105,17,13,-1,-1,-1
990,61,530,130,19,14,-1,-1,-1
991,60,454,106,18,13,-1,-1,-1
991,61,533,129,18,14,-1,-1,-1
992,60,450,107,19,13,-1,-1,-1
992,61,537,128,18,14,-1,-1,-1
993,60,447,107,20,13,-1,-1,-1
993,61,540,127,18,14,-1,-1,-1
994,60,443,107,20,13,-1,-1,-1
994,61,544,126,18,14,-1,-1,-1
995,60,440,108,20,14,-1,-1,-1
995,61,547,125,18,14,-1,-1,-1
995,62,586,111,17,13,-1,-1,-1
996,60,437,108,20,14,-1,-1,-1
996,61,550,124,17,14,-1,-1,-1
996,62,586,111,17,13,-1,-1,-1
997,60,433,109,20,14,-1,-1,-1
997,61,553,124,17,14,-1,-1,-1
997,62,587,111,17,13,-1,-1,-1
998,60,430,109,20,14,-1,-1,-1
998,61,555,123,17,13,-1,-1,-1
999,60,425,110,21,14,-1,-1,-1
999,61,558,123,18,14,-1,-1,-1
1000,60,421,110,21,14,-1,-1,-1
1000,61,560,121,18,13,-1,-1,-1
1001,60,417,110,21,14,-1,-1,-1
1001,61,563,120,18,13,-1,-1,-1
1001,140,489,141,21,17,-1,-1,-1
1002,60,412,111,21,14,-1,-1,-1
1002,61,565,119,18,13,-1,-1,-1
1002,140,494,139,20,16,-1,-1,-1
1003,60,407,112,21,14,-1,-1,-1
1003,61,567,119,18,13,-1,-1,-1
1003,140,497,138,20,16,-1,-1,-1
1004,60,403,112,21,14,-1,-1,-1
1004,61,569,118,18,13,-1,-1,-1
1004,140,503,136,20,16,-1,-1,-1
1005,60,401,113,21,14,-1,-1,-1
1005,61,572,117,17,13,-1,-1,-1
1005,140,507,134,20,16,-1,-1,-1
1006,60,399,113,22,14,-1,-1,-1
1006,61,574,116,16,13,-1,-1,-1
1006,140,512,133,20,16,-1,-1,-1
1007,61,576,116,16,12,-1,-1,-1
1007,140,516,132,20,16,-1,-1,-1
1008,61,578,115,15,11,-1,-1,-1
1008,63,377,115,25,16,-1,-1,-1
1008,140,521,130,20,16,-1,-1,-1
1009,61,580,115,15,11,-1,-1,-1
1009,63,373,115,25,16,-1,-1,-1
1009,140,525,129,20,15,-1,-1,-1
1010,61,582,114,14,11,-1,-1,-1
1010,63,370,116,25,16,-1,-1,-1
1010,140,529,127,19,15,-1,-1,-1
1011,61,584,113,14,11,-1,-1,-1
1011,63,365,117,24,16,-1,-1,-1
1011,140,532,126,19,15,-1,-1,-1
1012,61,585,113,14,11,-1,-1,-1
1012,63,359,117,24,15,-1,-1,-1
1012,140,536,125,18,14,-1,-1,-1
1013,61,586,112,15,11,-1,-1,-1
1013,63,353,118,24,15,-1,-1,-1
1013,140,540,125,18,14,-1,-1,-1
1014,61,586,112,15,11,-1,-1,-1
1014,63,347,119,24,15,-1,-1,-1
1014,140,544,124,18,14,-1,-1,-1
1015,63,340,121,25,16,-1,-1,-1
1015,140,547,123,18,14,-1,-1,-1
1016,63,333,122,26,16,-1,-1,-1
1016,140,550,123,17,14,-1,-1,-1
1017,63,326,123,26,16,-1,-1,-1
1017,140,553,122,17,14,-1,-1,-1
1018,63,317,124,26,17,-1,-1,-1
1018,140,555,121,17,14,-1,-1,-1
1019,63,313,124,26,17,-1,-1,-1
1019,140,558,120,17,14,-1,-1,-1
1020,63,310,125,26,17,-1,-1,-1
1020,140,561,119,17,15,-1,-1,-1
1021,140,563,118,18,15,-1,-1,-1
1022,140,566,117,18,15,-1,-1,-1
1023,66,265,129,28,19,-1,-1,-1
1023,140,568,117,18,15,-1,-1,-1
1024,66,257,130,28,20,-1,-1,-1
1024,140,569,116,17,15,-1,-1,-1
1025,66,251,131,29,20,-1,-1,-1
1025,140,570,117,17,14,-1,-1,-1
1026,65,475,149,22,16,-1,-1,-1
1026,66,241,133,30,21,-1,-1,-1
1027,64,579,113,16,15,-1,-1,-1
1027,65,479,147,21,16,-1,-1,-1
1027,66,231,134,31,21,-1,-1,-1
1028,64,580,112,16,15,-1,-1,-1
1028,65,483,146,21,15,-1,-1,-1
1028,66,218,136,33,22,-1,-1,-1
1029,64,582,111,16,15,-1,-1,-1
1029,65,488,144,20,15,-1,-1,-1
1029,66,205,137,34,22,-1,-1,-1
1030,64,583,110,16,15,-1,-1,-1
1030,65,494,142,20,15,-1,-1,-1
1030,66,192,139,36,23,-1,-1,-1
1031,64,585,110,16,14,-1,-1,-1
1031,65,499,140,20,15,-1,-1,-1
1031,66,179,141,37,24,-1,-1,-1
1032,64,586,110,16,14,-1,-1,-1
1032,65,501,140,19,15,-1,-1,-1
1032,66,173,141,38,24,-1,-1,-1
1033,64,587,109,16,14,-1,-1,-1
1033,65,503,139,19,15,-1,-1,-1
1033,66,169,142,38,24,-1,-1,-1
1034,64,588,109,16,14,-1,-1,-1
1045,141,381,165,31,22,-1,-1,-1
1046,141,390,162,30,21,-1,-1,-1
1047,141,396,161,30,21,-1,-1,-1
1048,141,406,158,29,20,-1,-1,-1
1049,141,410,157,29,20,-1,-1,-1
1050,141,414,156,29,20,-1,-1,-1
1053,68,457,144,23,17,-1,-1,-1
1054,68,462,142,22,17,-1,-1,-1
1055,68,466,142,22,16,-1,-1,-1
1056,68,472,140,21,16,-1,-1,-1
1057,68,477,138,21,16,-1,-1,-1
1058,68,483,136,21,16,-1,-1,-1
1058,69,256,230,26,19,-1,-1,-1
1059,68,489,134,21,16,-1,-1,-1
1059,69,256,230,26,19,-1,-1,-1
1060,68,491,133,21,16,-1,-1,-1
1060,69,256,230,26,19,-1,-1,-1
1061,68,493,133,21,16,-1,-1,-1
1065,70,520,129,21,18,-1,-1,-1
1066,70,523,128,21,18,-1,-1,-1
1067,70,525,127,21,18,-1,-1,-1
1068,70,528,126,20,18,-1,-1,-1
1069,70,531,125,20,18,-1,-1,-1
1070,70,535,124,20,17,-1,-1,-1
1071,70,538,123,20,17,-1,-1,-1
1072,70,541,123,19,17,-1,-1,-1
1072,71,506,130,19,16,-1,-1,-1
1073,70,544,122,19,17,-1,-1,-1
1073,71,508,129,19,15,-1,-1,-1
1073,73,413,160,24,17,-1,-1,-1
1073,74,474,138,22,18,-1,-1,-1
1074,70,546,122,19,16,-1,-1,-1
1074,71,510,129,19,15,-1,-1,-1
1074,73,418,158,23,17,-1,-1,-1
1074,74,477,137,21,17,-1,-1,-1
1075,70,549,121,18,16,-1,-1,-1
1075,71,514,129,19,15,-1,-1,-1
1075,73,424,157,23,16,-1,-1,-1
1075,74,481,136,20,16,-1,-1,-1
1076,70,551,120,18,15,-1,-1,-1
1076,71,518,128,18,15,-1,-1,-1
1076,73,431,155,22,16,-1,-1,-1
1076,74,485,134,20,16,-1,-1,-1
1077,70,554,119,18,14,-1,-1,-1
1077,71,519,127,18,14,-1,-1,-1
1077,73,438,153,22,16,-1,-1,-1
1077,74,490,133,20,16,-1,-1,-1
1078,70,557,119,17,14,-1,-1,-1
1078,71,520,127,17,13,-1,-1,-1
1078,73,446,151,21,15,-1,-1,-1
1078,74,494,132,19,15,-1,-1,-1
1079,70,560,118,17,14,-1,-1,-1
1079,73,453,149,21,15,-1,-1,-1
1079,74,499,131,19,15,-1,-1,-1
1080,70,563,118,16,14,-1,-1,-1
1080,73,460,146,20,15,-1,-1,-1
1080,74,504,130,19,14,-1,-1,-1
1081,70,565,117,16,14,-1,-1,-1
1081,73,466,144,20,15,-1,-1,-1
1081,74,508,129,18,14,-1,-1,-1
1082,70,568,116,16,14,-1,-1,-1
1082,73,472,142,19,14,-1,-1,-1
1082,74,512,128,18,14,-1,-1,-1
1082,78,483,104,16,10,-1,-1,-1
1083,67,522,125,17,13,-1,-1,-1
1083,70,569,116,15,14,-1,-1,-1
1083,73,478,140,19,14,-1,-1,-1
1083,74,517,127,17,13,-1,-1,-1
1083,78,480,104,16,10,-1,-1,-1
1084,67,523,125,16,13,-1,-1,-1
1084,70,570,116,15,14,-1,-1,-1
1084,73,484,138,19,14,-1,-1,-1
1084,74,521,126,17,13,-1,-1,-1
1084,78,479,104,16,10,-1,-1,-1
1085,67,523,125,16,13,-1,-1,-1
1085,73,490,137,18,13,-1,-1,-1
1085,74,525,125,16,13,-1,-1,-1
1085,78,476,104,16,10,-1,-1,-1
1086,72,578,115,15,13,-1,-1,-1
1086,73,495,135,18,13,-1,-1,-1
1086,74,529,124,16,13,-1,-1,-1
1086,78,474,104,16,10,-1,-1,-1
1087,72,579,114,15,12,-1,-1,-1
1087,73,501,134,17,13,-1,-1,-1
1087,74,533,122,16,13,-1,-1,-1
1087,78,471,104,16,11,-1,-1,-1
1088,72,580,114,14,12,-1,-1,-1
1088,73,506,132,17,12,-1,-1,-1
1088,74,536,121,15,13,-1,-1,-1
1088,78,469,104,16,11,-1,-1,-1
1089,72,581,113,14,12,-1,-1,-1
1089,73,511,131,16,12,-1,-1,-1
1089,74,539,120,15,13,-1,-1,-1
1089,78,466,105,15,11,-1,-1,-1
1090,73,515,129,16,12,-1,-1,-1
1090,74,542,119,15,13,-1,-1,-1
1090,78,463,105,15,11,-1,-1,-1
1091,73,520,128,16,12,-1,-1,-1
1091,74,545,118,15,13,-1,-1,-1
1091,78,459,106,15,11,-1,-1,-1
1092,73,524,127,16,12,-1,-1,-1
1092,74,548,118,14,13,-1,-1,-1
1092,78,456,106,16,11,-1,-1,-1
1093,73,528,126,15,12,-1,-1,-1
1093,74,550,118,14,12,-1,-1,-1
1093,75,506,132,17,13,-1,-1,-1
1093,78,452,107,16,11,-1,-1,-1
1094,73,532,125,15,11,-1,-1,-1
1094,74,550,118,14,12,-1,-1,-1
1094,75,507,132,17,13,-1,-1,-1
1094,78,449,108,17,11,-1,-1,-1
1095,73,535,124,15,11,-1,-1,-1
1095,75,507,131,17,13,-1,-1,-1
1095,78,444,108,17,11,-1,-1,-1
1096,73,538,124,14,11,-1,-1,-1
1096,76,178,184,163,88,-1,-1,-1
1096,78,440,109,18,12,-1,-1,-1
1097,73,539,123,14,11,-1,-1,-1
1097,76,203,176,154,90,-1,-1,-1
1097,78,436,110,19,12,-1,-1,-1
1098,73,540,123,14,11,-1,-1,-1
1098,76,219,171,149,89,-1,-1,-1
1098,78,432,110,19,12,-1,-1,-1
1099,76,241,165,142,86,-1,-1,-1
1099,78,428,110,20,12,-1,-1,-1
1100,76,262,160,133,82,-1,-1,-1
1100,77,553,119,13,12,-1,-1,-1
1100,78,423,110,21,13,-1,-1,-1
1101,76,283,157,124,77,-1,-1,-1
1101,77,553,119,13,12,-1,-1,-1
1101,78,419,111,21,13,-1,-1,-1
1102,76,303,154,115,72,-1,-1,-1
1102,77,554,119,13,12,-1,-1,-1
1102,78,414,111,22,13,-1,-1,-1
1103,76,321,151,109,68,-1,-1,-1
1103,78,409,112,22,13,-1,-1,-1
1104,76,337,147,105,65,-1,-1,-1
1104,78,403,113,22,13,-1,-1,-1
1105,76,353,144,99,63,-1,-1,-1
1105,78,398,113,22,13,-1,-1,-1
1106,76,368,142,93,60,-1,-1,-1
1106,78,392,114,23,14,-1,-1,-1
1107,76,383,140,86,57,-1,-1,-1
1107,78,386,114,23,14,-1,-1,-1
1108,76,396,138,81,56,-1,-1,-1
1108,78,381,115,23,14,-1,-1,-1
1109,76,408,136,76,55,-1,-1,-1
1109,78,375,116,22,14,-1,-1,-1
1110,76,418,134,73,53,-1,-1,-1
1110,78,373,116,22,14,-1,-1,-1
1111,76,428,132,69,52,-1,-1,-1
1111,78,370,117,22,14,-1,-1,-1
1112,76,437,130,66,50,-1,-1,-1
1113,76,446,128,62,49,-1,-1,-1
1114,76,454,127,59,48,-1,-1,-1
1115,76,461,125,56,46,-1,-1,-1
1116,76,469,124,55,45,-1,-1,-1
1117,76,475,123,53,43,-1,-1,-1
1118,76,482,122,51,42,-1,-1,-1
1119,76,487,121,48,39,-1,-1,-1
1120,76,494,120,44,39,-1,-1,-1
1120,79,283,130,23,15,-1,-1,-1
1121,76,500,118,41,38,-1,-1,-1
1121,79,280,130,23,15,-1,-1,-1
1122,76,506,117,39,37,-1,-1,-1
1122,79,278,130,23,16,-1,-1,-1
1123,76,511,116,37,36,-1,-1,-1
1124,76,515,115,36,35,-1,-1,-1
1125,76,519,114,35,34,-1,-1,-1
1126,76,523,114,35,33,-1,-1,-1
1127,76,527,114,35,32,-1,-1,-1
1128,76,530,113,35,32,-1,-1,-1
1129,76,533,112,35,32,-1,-1,-1
1130,76,537,111,34,31,-1,-1,-1
1131,76,541,111,33,29,-1,-1,-1
1132,76,544,111,32,27,-1,-1,-1
1133,76,546,111,31,25,-1,-1,-1
1134,76,550,111,30,24,-1,-1,-1
1134,80,503,142,22,14,-1,-1,-1
1135,76,553,110,28,24,-1,-1,-1
1135,80,507,141,22,14,-1,-1,-1
1136,76,557,109,28,23,-1,-1,-1
1136,80,510,140,21,14,-1,-1,-1
1137,76,559,108,28,23,-1,-1,-1
1137,80,514,139,21,14,-1,-1,-1
1138,76,561,108,27,22,-1,-1,-1
1138,80,518,138,20,13,-1,-1,-1
1138,82,449,147,23,16,-1,-1,-1
1139,76,562,108,27,22,-1,-1,-1
1139,80,520,137,20,13,-1,-1,-1
1139,82,453,146,22,16,-1,-1,-1
1140,76,564,108,27,22,-1,-1,-1
1140,80,521,136,19,13,-1,-1,-1
1140,81,532,96,19,11,-1,-1,-1
1140,82,457,144,22,16,-1,-1,-1
1141,76,565,107,27,23,-1,-1,-1
1141,81,532,96,19,11,-1,-1,-1
1141,82,463,142,22,16,-1,-1,-1
1142,76,568,106,27,22,-1,-1,-1
1142,81,531,96,19,11,-1,-1,-1
1142,82,468,141,21,16,-1,-1,-1
1143,76,570,106,26,23,-1,-1,-1
1143,82,474,139,21,15,-1,-1,-1
1144,76,572,105,26,22,-1,-1,-1
1144,82,479,137,20,15,-1,-1,-1
1145,76,574,105,25,22,-1,-1,-1
1145,82,485,136,20,15,-1,-1,-1
1146,76,576,104,24,22,-1,-1,-1
1146,82,490,134,19,14,-1,-1,-1
1147,76,578,104,24,21,-1,-1,-1
1147,82,496,133,19,14,-1,-1,-1
1148,76,579,104,24,21,-1,-1,-1
1148,82,500,131,19,14,-1,-1,-1
1149,76,579,104,23,20,-1,-1,-1
1149,82,505,130,18,13,-1,-1,-1
1150,82,510,129,18,13,-1,-1,-1
1151,82,514,128,18,13,-1,-1,-1
1152,82,518,127,17,13,-1,-1,-1
1153,82,520,127,18,12,-1,-1,-1
1154,82,521,127,17,12,-1,-1,-1
1155,83,509,98,18,11,-1,-1,-1
1156,83,508,98,18,11,-1,-1,-1
1157,83,508,98,18,11,-1,-1,-1
1162,84,493,100,18,11,-1,-1,-1
1163,84,491,100,18,11,-1,-1,-1
1164,84,489,100,19,11,-1,-1,-1
1165,84,488,100,19,11,-1,-1,-1
1166,84,487,101,19,11,-1,-1,-1
1168,85,475,102,20,12,-1,-1,-1
1169,85,473,102,20,12,-1,-1,-1
1170,85,472,102,20,12,-1,-1,-1
1171,85,469,103,20,12,-1,-1,-1
1172,85,466,103,20,12,-1,-1,-1
1173,85,463,103,20,12,-1,-1,-1
1174,85,462,104,21,12,-1,-1,-1
1175,85,461,104,21,12,-1,-1,-1
1184,86,414,109,18,13,-1,-1,-1
1185,86,410,109,19,13,-1,-1,-1
1186,86,407,110,19,13,-1,-1,-1
1187,86,403,110,21,14,-1,-1,-1
1188,86,401,110,22,14,-1,-1,-1
1189,86,399,110,23,14,-1,-1,-1
1199,87,322,119,36,20,-1,-1,-1
1200,87,316,119,37,21,-1,-1,-1
1201,87,311,119,37,21,-1,-1,-1
1202,87,304,119,39,23,-1,-1,-1
1203,87,296,120,40,24,-1,-1,-1
1204,87,288,121,41,24,-1,-1,-1
1205,87,279,123,40,23,-1,-1,-1
1206,87,270,124,40,23,-1,-1,-1
1207,87,259,125,41,24,-1,-1,-1
1208,87,247,126,43,25,-1,-1,-1
1209,87,235,128,45,26,-1,-1,-1
1210,87,222,129,47,27,-1,-1,-1
1211,87,208,131,47,27,-1,-1,-1
1211,88,491,98,19,14,-1,-1,-1
1212,87,194,133,48,28,-1,-1,-1
1212,88,489,98,19,13,-1,-1,-1
1213,87,180,134,48,28,-1,-1,-1
1213,88,487,99,18,13,-1,-1,-1
1214,87,165,136,50,28,-1,-1,-1
1214,88,485,99,18,13,-1,-1,-1
1215,87,150,138,53,29,-1,-1,-1
1215,88,482,100,19,13,-1,-1,-1
1216,87,132,140,53,30,-1,-1,-1
1216,88,479,100,19,13,-1,-1,-1
1217,87,123,140,54,30,-1,-1,-1
1217,88,476,100,20,13,-1,-1,-1
1217,89,504,102,15,11,-1,-1,-1
1218,87,117,141,52,30,-1,-1,-1
1218,88,475,100,21,13,-1,-1,-1
1218,89,502,102,16,11,-1,-1,-1
1219,88,474,100,21,13,-1,-1,-1
1219,89,500,102,16,11,-1,-1,-1
1220,89,497,102,16,11,-1,-1,-1
1221,89,494,103,15,11,-1,-1,-1
1222,89,492,103,15,11,-1,-1,-1
1223,89,490,103,15,12,-1,-1,-1
1224,89,488,103,15,12,-1,-1,-1
1225,89,485,104,15,12,-1,-1,-1
1226,89,482,104,15,12,-1,-1,-1
1227,89,479,104,15,12,-1,-1,-1
1228,89,476,105,15,12,-1,-1,-1
1229,89,472,105,15,12,-1,-1,-1
1230,89,469,106,15,12,-1,-1,-1
1231,89,466,106,15,12,-1,-1,-1
1232,89,463,107,15,12,-1,-1,-1
1233,89,459,107,15,12,-1,-1,-1
1234,89,456,108,15,12,-1,-1,-1
1235,89,452,108,16,12,-1,-1,-1
1236,89,449,109,17,12,-1,-1,-1
1236,90,399,109,24,15,-1,-1,-1
1237,89,445,110,17,12,-1,-1,-1
1237,90,396,108,27,16,-1,-1,-1
1238,89,441,110,17,12,-1,-1,-1
1238,90,395,108,28,17,-1,-1,-1
1239,89,437,111,17,13,-1,-1,-1
1239,90,393,108,30,17,-1,-1,-1
1240,89,432,111,18,13,-1,-1,-1
1241,89,428,111,18,13,-1,-1,-1
1242,89,423,112,18,13,-1,-1,-1
1243,89,417,112,19,14,-1,-1,-1
1244,89,412,113,20,14,-1,-1,-1
1245,89,406,114,21,15,-1,-1,-1
1246,89,401,115,21,15,-1,-1,-1
1247,89,395,116,21,15,-1,-1,-1
1248,89,390,116,20,15,-1,-1,-1
1249,89,384,117,20,15,-1,-1,-1
1250,89,378,117,20,15,-1,-1,-1
1251,89,371,118,20,16,-1,-1,-1
1252,89,365,119,20,16,-1,-1,-1
1253,89,358,120,21,16,-1,-1,-1
1254,89,350,121,22,16,-1,-1,-1
1255,89,342,121,23,17,-1,-1,-1
1256,89,334,122,25,18,-1,-1,-1
1257,89,326,123,26,18,-1,-1,-1
1258,89,317,125,27,19,-1,-1,-1
1258,95,555,92,18,13,-1,-1,-1
1259,89,307,126,27,20,-1,-1,-1
1259,91,495,142,19,17,-1,-1,-1
1259,95,554,92,18,13,-1,-1,-1
1260,89,297,127,29,21,-1,-1,-1
1260,91,499,140,19,17,-1,-1,-1
1260,95,553,92,18,13,-1,-1,-1
1261,89,287,128,30,22,-1,-1,-1
1261,91,502,139,19,16,-1,-1,-1
1261,95,552,92,18,13,-1,-1,-1
1262,89,276,130,31,22,-1,-1,-1
1262,91,506,138,19,16,-1,-1,-1
1262,95,551,92,18,13,-1,-1,-1
1263,89,265,131,32,22,-1,-1,-1
1263,91,510,137,19,16,-1,-1,-1
1263,95,551,92,18,13,-1,-1,-1
1264,89,260,132,32,21,-1,-1,-1
1264,91,515,135,19,16,-1,-1,-1
1264,95,550,92,18,13,-1,-1,-1
1265,89,255,133,32,21,-1,-1,-1
1265,91,519,134,19,15,-1,-1,-1
1265,95,549,92,18,14,-1,-1,-1
1266,91,522,133,19,15,-1,-1,-1
1266,95,548,92,19,14,-1,-1,-1
1267,91,526,132,18,14,-1,-1,-1
1267,95,547,92,19,14,-1,-1,-1
1268,91,529,131,18,14,-1,-1,-1
1268,95,546,92,19,14,-1,-1,-1
1269,91,533,130,18,13,-1,-1,-1
1269,95,545,92,19,14,-1,-1,-1
1270,91,536,129,17,13,-1,-1,-1
1270,95,544,92,18,14,-1,-1,-1
1271,91,539,127,17,13,-1,-1,-1
1271,95,543,92,18,14,-1,-1,-1
1272,91,542,126,17,13,-1,-1,-1
1272,95,542,92,18,13,-1,-1,-1
1273,91,545,125,17,13,-1,-1,-1
1273,95,541,92,17,13,-1,-1,-1
1274,91,548,124,17,13,-1,-1,-1
1274,95,539,92,17,13,-1,-1,-1
1275,91,551,124,17,13,-1,-1,-1
1275,95,538,92,17,13,-1,-1,-1
1276,91,554,123,17,13,-1,-1,-1
1276,95,537,92,17,13,-1,-1,-1
1277,91,556,122,17,13,-1,-1,-1
1277,95,535,92,17,13,-1,-1,-1
1278,91,559,121,17,12,-1,-1,-1
1278,95,534,92,17,13,-1,-1,-1
1279,91,562,120,17,12,-1,-1,-1
1279,95,532,93,17,14,-1,-1,-1
1280,91,564,119,17,12,-1,-1,-1
1280,95,530,93,17,14,-1,-1,-1
1281,91,566,119,17,12,-1,-1,-1
1281,95,529,94,17,14,-1,-1,-1
1282,91,567,118,17,12,-1,-1,-1
1282,95,528,93,18,14,-1,-1,-1
1283,91,568,118,17,12,-1,-1,-1
1283,95,526,93,18,14,-1,-1,-1
1284,95,525,93,18,14,-1,-1,-1
1285,95,523,93,18,14,-1,-1,-1
1286,92,580,113,15,12,-1,-1,-1
1286,95,522,94,17,14,-1,-1,-1
1287,92,581,113,15,12,-1,-1,-1
1287,95,520,94,17,14,-1,-1,-1
1288,92,582,113,15,11,-1,-1,-1
1288,95,518,94,17,14,-1,-1,-1
1289,92,583,112,15,11,-1,-1,-1
1289,95,516,95,18,15,-1,-1,-1
1290,92,584,112,15,11,-1,-1,-1
1290,95,513,95,19,15,-1,-1,-1
1291,92,585,111,15,11,-1,-1,-1
1291,95,511,95,20,15,-1,-1,-1
1292,92,585,111,15,11,-1,-1,-1
1292,95,509,94,21,16,-1,-1,-1
1293,95,507,94,22,16,-1,-1,-1
1294,95,505,94,23,16,-1,-1,-1
1295,95,503,94,24,16,-1,-1,-1
1296,95,501,94,24,16,-1,-1,-1
1297,95,499,94,24,16,-1,-1,-1
1298,95,497,94,24,17,-1,-1,-1
1299,95,494,94,24,17,-1,-1,-1
1300,95,493,94,25,17,-1,-1,-1
1301,95,491,95,25,17,-1,-1,-1
1302,93,539,96,16,9,-1,-1,-1
1302,95,489,95,25,17,-1,-1,-1
1303,93,538,96,16,9,-1,-1,-1
1303,95,487,95,25,17,-1,-1,-1
1304,93,538,96,16,9,-1,-1,-1
1304,95,484,95,26,17,-1,-1,-1
1305,95,482,96,26,17,-1,-1,-1
1306,95,479,96,25,18,-1,-1,-1
1307,95,476,96,25,18,-1,-1,-1
1308,95,474,96,25,18,-1,-1,-1
1309,95,471,96,26,19,-1,-1,-1
1310,95,469,96,27,19,-1,-1,-1
1311,95,465,96,27,19,-1,-1,-1
1312,95,462,97,28,19,-1,-1,-1
1313,95,459,97,27,19,-1,-1,-1
1314,95,457,97,27,19,-1,-1,-1
1315,95,454,97,28,19,-1,-1,-1
1316,95,450,97,30,20,-1,-1,-1
1317,95,446,97,31,21,-1,-1,-1
1318,95,443,97,32,21,-1,-1,-1
1319,95,440,98,32,21,-1,-1,-1
1320,95,436,98,34,21,-1,-1,-1
1321,95,432,98,35,22,-1,-1,-1
1322,95,428,98,36,22,-1,-1,-1
1323,95,424,98,36,23,-1,-1,-1
1324,95,420,98,37,23,-1,-1,-1
1325,95,416,99,38,24,-1,-1,-1
1326,95,411,100,39,24,-1,-1,-1
1327,95,405,101,40,24,-1,-1,-1
1328,95,400,101,41,25,-1,-1,-1
1329,95,395,101,43,26,-1,-1,-1
1330,95,390,101,44,26,-1,-1,-1
1331,95,384,101,45,26,-1,-1,-1
1332,95,379,102,45,26,-1,-1,-1
1333,95,373,103,47,26,-1,-1,-1
1334,95,367,104,48,26,-1,-1,-1
1335,95,360,104,50,27,-1,-1,-1
1335,98,479,103,17,11,-1,-1,-1
1336,95,353,104,52,27,-1,-1,-1
1336,98,477,103,17,11,-1,-1,-1
1337,95,347,105,54,28,-1,-1,-1
1337,98,475,103,17,11,-1,-1,-1
1338,95,339,105,56,29,-1,-1,-1
1338,98,472,103,17,11,-1,-1,-1
1339,95,333,105,58,29,-1,-1,-1
1339,98,470,104,17,11,-1,-1,-1
1340,95,326,105,60,31,-1,-1,-1
1340,98,468,104,17,11,-1,-1,-1
1341,95,318,106,62,32,-1,-1,-1
1341,98,466,104,16,12,-1,-1,-1
1342,95,310,106,64,33,-1,-1,-1
1342,98,463,105,17,12,-1,-1,-1
1343,95,301,107,66,34,-1,-1,-1
1343,98,461,106,16,12,-1,-1,-1
1344,95,294,106,68,36,-1,-1,-1
1344,98,457,106,16,12,-1,-1,-1
1345,95,284,107,69,37,-1,-1,-1
1345,98,454,107,16,12,-1,-1,-1
1346,95,276,107,71,38,-1,-1,-1
1346,98,451,107,17,12,-1,-1,-1
1347,95,267,108,71,38,-1,-1,-1
1347,98,448,108,18,12,-1,-1,-1
1348,95,258,109,70,39,-1,-1,-1
1348,98,444,108,18,13,-1,-1,-1
1349,95,249,111,70,39,-1,-1,-1
1349,98,440,108,18,13,-1,-1,-1
1350,95,239,113,69,38,-1,-1,-1
1350,98,437,109,18,13,-1,-1,-1
1351,94,204,217,81,57,-1,-1,-1
1351,95,229,114,68,38,-1,-1,-1
1351,98,434,109,18,13,-1,-1,-1
1352,94,219,214,78,53,-1,-1,-1
1352,95,216,115,68,40,-1,-1,-1
1352,98,430,109,18,13,-1,-1,-1
1353,94,231,211,76,52,-1,-1,-1
1353,95,204,117,71,41,-1,-1,-1
1353,98,427,110,18,13,-1,-1,-1
1354,94,247,206,74,50,-1,-1,-1
1354,95,190,118,76,41,-1,-1,-1
1354,98,422,110,18,13,-1,-1,-1
1355,94,264,202,69,48,-1,-1,-1
1355,95,177,120,79,41,-1,-1,-1
1355,98,418,111,18,13,-1,-1,-1
1356,94,283,197,63,45,-1,-1,-1
1356,95,163,122,79,41,-1,-1,-1
1356,98,413,112,19,13,-1,-1,-1
1357,94,301,193,59,42,-1,-1,-1
1357,95,150,124,79,40,-1,-1,-1
1357,98,408,112,19,13,-1,-1,-1
1358,94,309,190,57,41,-1,-1,-1
1358,95,142,126,80,40,-1,-1,-1
1358,98,404,113,20,13,-1,-1,-1
1359,94,314,188,56,40,-1,-1,-1
1359,95,137,127,81,39,-1,-1,-1
1359,98,399,113,21,13,-1,-1,-1
1360,98,394,114,22,14,-1,-1,-1
1361,96,365,172,48,37,-1,-1,-1
1361,98,389,114,22,13,-1,-1,-1
1362,96,374,170,44,35,-1,-1,-1
1362,98,384,115,23,13,-1,-1,-1
1363,96,381,168,42,34,-1,-1,-1
1363,98,379,116,23,14,-1,-1,-1
1364,96,391,165,39,33,-1,-1,-1
1364,98,374,116,23,14,-1,-1,-1
1365,96,399,162,37,31,-1,-1,-1
1365,98,370,117,22,14,-1,-1,-1
1366,96,408,160,35,29,-1,-1,-1
1366,98,365,118,21,14,-1,-1,-1
1367,96,416,158,34,28,-1,-1,-1
1367,98,359,119,21,14,-1,-1,-1
1368,96,425,155,33,27,-1,-1,-1
1368,98,352,120,21,14,-1,-1,-1
1369,96,432,153,32,27,-1,-1,-1
1369,98,346,122,22,14,-1,-1,-1
1370,96,439,151,31,26,-1,-1,-1
1370,98,339,123,22,14,-1,-1,-1
1371,96,445,149,30,26,-1,-1,-1
1371,98,332,124,23,14,-1,-1,-1
1372,96,451,147,30,25,-1,-1,-1
1372,98,324,125,23,14,-1,-1,-1
1373,96,457,145,30,25,-1,-1,-1
1373,97,501,99,19,13,-1,-1,-1
1373,98,316,127,23,15,-1,-1,-1
1374,96,462,144,29,25,-1,-1,-1
1374,97,501,99,18,13,-1,-1,-1
1374,98,308,128,24,15,-1,-1,-1
1375,96,467,143,28,24,-1,-1,-1
1375,97,500,99,18,13,-1,-1,-1
1375,98,300,129,25,15,-1,-1,-1
1376,96,471,142,27,23,-1,-1,-1
1376,98,296,129,25,15,-1,-1,-1
1377,96,477,140,26,22,-1,-1,-1
1377,98,293,129,25,15,-1,-1,-1
1378,96,482,139,25,21,-1,-1,-1
1379,96,487,137,24,21,-1,-1,-1
1380,96,492,135,23,21,-1,-1,-1
1381,96,498,133,22,20,-1,-1,-1
1381,99,487,101,16,13,-1,-1,-1
1382,96,503,132,22,20,-1,-1,-1
1382,99,485,101,15,13,-1,-1,-1
1383,96,507,131,22,20,-1,-1,-1
1383,99,484,101,15,12,-1,-1,-1
1384,96,511,130,22,20,-1,-1,-1
1384,99,482,101,15,12,-1,-1,-1
1385,96,514,129,22,19,-1,-1,-1
1385,99,480,102,15,12,-1,-1,-1
1386,96,517,128,22,19,-1,-1,-1
1386,99,477,103,16,12,-1,-1,-1
1387,96,519,128,22,19,-1,-1,-1
1387,99,474,103,16,12,-1,-1,-1
1388,96,520,128,22,19,-1,-1,-1
1388,99,471,103,16,12,-1,-1,-1
1389,99,468,103,16,13,-1,-1,-1
1390,99,465,103,17,13,-1,-1,-1
1391,99,462,103,17,13,-1,-1,-1
1392,99,459,104,17,14,-1,-1,-1
1393,99,456,105,17,14,-1,-1,-1
1394,99,453,105,18,14,-1,-1,-1
1395,99,450,106,18,13,-1,-1,-1
1396,99,447,107,19,13,-1,-1,-1
1397,99,443,107,19,14,-1,-1,-1
1398,99,440,107,19,14,-1,-1,-1
1399,99,437,108,19,14,-1,-1,-1
1400,99,434,108,19,14,-1,-1,-1
1401,99,430,109,19,15,-1,-1,-1
1402,99,427,109,19,15,-1,-1,-1
1403,99,423,110,19,15,-1,-1,-1
1404,99,419,110,20,15,-1,-1,-1
1405,99,414,110,20,15,-1,-1,-1
1406,99,410,111,20,15,-1,-1,-1
1406,100,387,182,25,18,-1,-1,-1
1407,99,405,111,21,15,-1,-1,-1
1407,100,393,180,24,18,-1,-1,-1
1408,99,400,112,21,15,-1,-1,-1
1408,100,399,178,24,18,-1,-1,-1
1409,99,396,112,21,15,-1,-1,-1
1409,100,407,175,24,17,-1,-1,-1
1410,99,391,113,22,15,-1,-1,-1
1410,100,411,174,23,17,-1,-1,-1
1411,99,386,113,23,16,-1,-1,-1
1411,100,413,173,23,17,-1,-1,-1
1412,99,380,113,24,16,-1,-1,-1
1413,99,376,114,24,16,-1,-1,-1
1414,99,371,115,24,16,-1,-1,-1
1415,99,365,116,24,16,-1,-1,-1
1416,99,360,116,24,16,-1,-1,-1
1417,99,355,118,24,16,-1,-1,-1
1418,99,349,119,24,16,-1,-1,-1
1419,99,342,120,25,16,-1,-1,-1
1419,101,479,148,20,14,-1,-1,-1
1420,99,336,121,25,16,-1,-1,-1
1420,101,483,147,20,14,-1,-1,-1
1421,99,329,122,25,17,-1,-1,-1
1421,101,486,146,19,14,-1,-1,-1
1422,99,321,123,26,17,-1,-1,-1
1422,101,490,144,19,15,-1,-1,-1
1423,99,314,124,27,17,-1,-1,-1
1423,101,495,143,19,15,-1,-1,-1
1424,99,310,124,27,18,-1,-1,-1
1424,101,499,141,19,15,-1,-1,-1
1425,99,308,125,27,18,-1,-1,-1
1425,101,503,140,19,15,-1,-1,-1
1426,101,505,140,18,14,-1,-1,-1
1427,101,506,140,18,14,-1,-1,-1
1428,102,267,129,29,19,-1,-1,-1
1429,102,260,129,29,19,-1,-1,-1
1430,102,254,130,29,20,-1,-1,-1
1431,102,246,131,30,21,-1,-1,-1
1432,102,242,131,30,21,-1,-1,-1
1433,102,239,132,30,21,-1,-1,-1
1503,103,475,104,18,13,-1,-1,-1
1504,103,472,104,18,13,-1,-1,-1
1505,103,470,104,18,13,-1,-1,-1
1506,103,467,105,18,13,-1,-1,-1
1507,103,465,106,18,13,-1,-1,-1
1508,103,462,106,17,14,-1,-1,-1
1509,103,459,106,17,14,-1,-1,-1
1510,103,455,106,17,14,-1,-1,-1
1511,103,452,106,18,14,-1,-1,-1
1512,103,448,106,18,15,-1,-1,-1
1513,103,444,107,18,15,-1,-1,-1
1514,103,440,107,18,15,-1,-1,-1
1515,103,436,108,18,15,-1,-1,-1
1516,103,432,109,19,14,-1,-1,-1
1517,103,427,109,19,15,-1,-1,-1
1518,103,422,110,20,15,-1,-1,-1
1519,103,417,110,21,15,-1,-1,-1
1520,103,412,111,21,15,-1,-1,-1
1521,103,407,112,21,15,-1,-1,-1
1522,103,402,112,21,15,-1,-1,-1
1523,103,396,113,21,15,-1,-1,-1
1524,103,390,113,22,15,-1,-1,-1
1525,103,384,114,22,16,-1,-1,-1
1525,104,461,152,21,16,-1,-1,-1
1526,103,378,115,22,16,-1,-1,-1
1526,104,466,150,21,16,-1,-1,-1
1527,103,372,115,22,16,-1,-1,-1
1527,104,469,148,21,16,-1,-1,-1
1528,103,366,116,22,16,-1,-1,-1
1528,104,474,147,21,16,-1,-1,-1
1529,103,360,117,22,16,-1,-1,-1
1529,104,479,145,20,16,-1,-1,-1
1530,103,353,119,23,16,-1,-1,-1
1530,104,485,144,20,16,-1,-1,-1
1531,103,346,120,23,16,-1,-1,-1
1531,104,490,142,19,15,-1,-1,-1
1532,103,338,122,23,17,-1,-1,-1
1532,104,495,140,18,15,-1,-1,-1
1532,106,30,245,136,99,-1,-1,-1
1533,103,330,122,23,17,-1,-1,-1
1533,104,500,139,18,14,-1,-1,-1
1533,106,49,234,140,98,-1,-1,-1
1534,103,321,124,24,17,-1,-1,-1
1534,104,505,138,17,14,-1,-1,-1
1534,106,70,225,137,96,-1,-1,-1
1535,103,313,125,24,17,-1,-1,-1
1535,104,509,136,17,14,-1,-1,-1
1535,106,100,216,132,91,-1,-1,-1
1536,103,304,126,25,18,-1,-1,-1
1536,104,513,135,17,14,-1,-1,-1
1536,106,131,208,126,86,-1,-1,-1
1537,103,295,127,25,18,-1,-1,-1
1537,104,517,134,18,14,-1,-1,-1
1537,106,160,201,119,81,-1,-1,-1
1538,103,285,128,25,19,-1,-1,-1
1538,104,521,132,17,13,-1,-1,-1
1538,106,190,194,110,76,-1,-1,-1
1539,103,275,128,26,20,-1,-1,-1
1539,104,524,131,17,13,-1,-1,-1
1539,106,216,188,100,73,-1,-1,-1
1540,103,264,129,26,21,-1,-1,-1
1540,104,528,130,17,13,-1,-1,-1
1540,105,447,108,17,13,-1,-1,-1
1540,106,242,183,91,68,-1,-1,-1
1541,103,252,131,27,21,-1,-1,-1
1541,104,531,129,17,13,-1,-1,-1
1541,105,444,108,17,12,-1,-1,-1
1541,106,266,177,83,65,-1,-1,-1
1542,103,246,132,27,21,-1,-1,-1
1542,104,534,128,17,13,-1,-1,-1
1542,105,442,108,17,12,-1,-1,-1
1542,106,288,172,77,62,-1,-1,-1
1543,103,241,133,27,21,-1,-1,-1
1543,104,536,127,18,13,-1,-1,-1
1543,105,438,109,18,12,-1,-1,-1
1543,106,306,167,73,60,-1,-1,-1
1544,104,539,126,18,13,-1,-1,-1
1544,105,435,110,19,12,-1,-1,-1
1544,106,324,162,71,57,-1,-1,-1
1545,104,542,125,18,14,-1,-1,-1
1545,105,431,110,19,13,-1,-1,-1
1545,106,340,158,69,56,-1,-1,-1
1546,104,545,125,18,14,-1,-1,-1
1546,105,429,110,19,13,-1,-1,-1
1546,106,354,154,66,54,-1,-1,-1
1547,104,548,124,18,14,-1,-1,-1
1547,105,428,110,19,13,-1,-1,-1
1547,106,367,152,63,51,-1,-1,-1
1548,104,551,123,18,13,-1,-1,-1
1548,106,379,149,60,49,-1,-1,-1
1549,104,554,123,18,13,-1,-1,-1
1549,106,392,146,58,46,-1,-1,-1
1549,107,406,112,23,14,-1,-1,-1
1550,104,556,122,18,13,-1,-1,-1
1550,106,403,144,55,45,-1,-1,-1
1550,107,403,112,22,14,-1,-1,-1
1551,104,559,121,18,13,-1,-1,-1
1551,106,413,142,52,42,-1,-1,-1
1551,107,400,113,21,14,-1,-1,-1
1552,104,561,120,18,13,-1,-1,-1
1552,106,423,140,50,41,-1,-1,-1
1552,107,396,114,20,14,-1,-1,-1
1553,104,563,119,18,13,-1,-1,-1
1553,106,431,139,49,39,-1,-1,-1
1553,107,391,115,20,13,-1,-1,-1
1554,104,566,119,18,13,-1,-1,-1
1554,106,439,137,48,38,-1,-1,-1
1554,107,388,115,20,13,-1,-1,-1
1555,104,568,118,18,13,-1,-1,-1
1555,106,447,135,45,38,-1,-1,-1
1555,107,386,115,20,14,-1,-1,-1
1556,104,570,117,17,13,-1,-1,-1
1556,106,455,132,42,38,-1,-1,-1
1557,104,572,116,17,13,-1,-1,-1
1557,106,463,130,39,38,-1,-1,-1
1558,104,574,115,16,13,-1,-1,-1
1558,106,469,128,37,37,-1,-1,-1
1559,104,576,114,16,13,-1,-1,-1
1559,106,476,127,36,36,-1,-1,-1
1560,104,578,114,15,12,-1,-1,-1
1560,106,482,126,35,34,-1,-1,-1
1561,104,579,113,15,12,-1,-1,-1
1561,106,488,125,34,34,-1,-1,-1
1562,104,581,112,16,12,-1,-1,-1
1562,106,493,124,33,32,-1,-1,-1
1563,104,582,112,16,12,-1,-1,-1
1563,106,498,123,32,31,-1,-1,-1
1564,104,584,111,16,12,-1,-1,-1
1564,106,503,122,31,30,-1,-1,-1
1565,104,586,111,16,11,-1,-1,-1
1565,106,508,121,31,29,-1,-1,-1
1566,104,587,111,15,11,-1,-1,-1
1566,106,512,120,30,28,-1,-1,-1
1567,104,588,110,15,11,-1,-1,-1
1567,106,516,119,29,27,-1,-1,-1
1568,104,588,110,15,11,-1,-1,-1
1568,106,519,118,29,26,-1,-1,-1
1569,106,523,117,28,24,-1,-1,-1
1570,106,527,117,27,23,-1,-1,-1
1571,106,531,116,26,21,-1,-1,-1
1572,106,534,115,26,21,-1,-1,-1
1573,106,538,115,25,21,-1,-1,-1
1574,106,541,115,25,21,-1,-1,-1
1575,106,544,115,25,21,-1,-1,-1
1576,106,547,115,24,21,-1,-1,-1
1577,106,549,115,23,20,-1,-1,-1
1578,106,551,115,23,20,-1,-1,-1
1579,106,551,115,23,20,-1,-1,-1
1587,108,572,107,21,19,-1,-1,-1
1588,108,573,107,21,18,-1,-1,-1
1589,108,575,106,21,18,-1,-1,-1
1590,108,576,106,21,18,-1,-1,-1
1591,108,578,106,20,18,-1,-1,-1
1592,108,580,105,20,18,-1,-1,-1
1593,108,582,105,20,18,-1,-1,-1
1594,108,583,105,19,18,-1,-1,-1
1595,108,585,104,19,17,-1,-1,-1
1596,108,587,104,19,17,-1,-1,-1
1597,108,588,103,19,17,-1,-1,-1
1598,108,590,103,19,16,-1,-1,-1
1599,108,591,102,18,16,-1,-1,-1
1600,108,593,102,18,16,-1,-1,-1
1601,108,595,102,18,16,-1,-1,-1
1602,108,596,102,18,16,-1,-1,-1
1603,108,597,102,18,16,-1,-1,-1
1604,108,598,102,18,16,-1,-1,-1
1605,108,599,101,18,16,-1,-1,-1
1606,108,600,101,18,16,-1,-1,-1
1607,108,600,101,18,16,-1,-1,-1
1608,108,601,100,18,16,-1,-1,-1
1609,108,602,100,18,16,-1,-1,-1
1610,108,603,100,18,16,-1,-1,-1
1611,108,603,100,18,16,-1,-1,-1
1621,109,442,108,19,12,-1,-1,-1
1622,109,439,108,19,12,-1,-1,-1
1623,109,437,108,19,12,-1,-1,-1
1624,109,434,109,19,13,-1,-1,-1
1625,109,431,110,19,13,-1,-1,-1
1626,109,426,110,19,13,-1,-1,-1
1627,109,422,111,19,13,-1,-1,-1
1627,111,509,102,16,11,-1,-1,-1
1628,109,417,112,20,13,-1,-1,-1
1628,111,507,101,16,11,-1,-1,-1
1629,109,411,112,20,13,-1,-1,-1
1629,111,506,101,16,11,-1,-1,-1
1630,109,406,112,20,14,-1,-1,-1
1630,111,505,101,16,11,-1,-1,-1
1631,109,403,113,20,14,-1,-1,-1
1632,109,402,113,20,14,-1,-1,-1
1633,110,522,98,17,11,-1,-1,-1
1633,113,495,102,16,11,-1,-1,-1
1634,110,521,98,17,11,-1,-1,-1
1634,112,377,116,23,14,-1,-1,-1
1634,113,493,102,16,11,-1,-1,-1
1635,110,521,98,17,11,-1,-1,-1
1635,112,372,117,23,15,-1,-1,-1
1635,113,491,102,16,11,-1,-1,-1
1636,110,520,98,17,11,-1,-1,-1
1636,112,371,117,23,15,-1,-1,-1
1636,113,489,103,16,11,-1,-1,-1
1637,112,370,117,23,15,-1,-1,-1
1637,113,487,103,16,12,-1,-1,-1
1638,113,484,104,16,12,-1,-1,-1
1639,113,481,104,16,12,-1,-1,-1
1640,113,478,104,16,12,-1,-1,-1
1641,113,476,104,16,12,-1,-1,-1
1642,113,475,104,16,12,-1,-1,-1
1642,114,504,100,17,12,-1,-1,-1
1643,114,502,100,17,12,-1,-1,-1
1644,114,501,100,17,12,-1,-1,-1
1645,114,500,100,17,12,-1,-1,-1
1645,115,457,108,16,12,-1,-1,-1
1646,114,498,100,17,12,-1,-1,-1
1646,115,454,108,17,13,-1,-1,-1
1647,114,496,101,17,12,-1,-1,-1
1647,115,451,109,17,13,-1,-1,-1
1648,114,493,101,16,12,-1,-1,-1
1648,115,447,110,18,13,-1,-1,-1
1649,114,491,101,16,11,-1,-1,-1
1649,115,444,110,18,13,-1,-1,-1
1650,114,489,102,16,11,-1,-1,-1
1650,115,440,111,19,13,-1,-1,-1
1651,114,486,102,16,11,-1,-1,-1
1651,115,436,112,19,13,-1,-1,-1
1652,114,484,102,16,12,-1,-1,-1
1652,115,432,112,19,14,-1,-1,-1
1653,114,481,103,16,12,-1,-1,-1
1653,115,427,112,19,14,-1,-1,-1
1654,114,478,103,16,12,-1,-1,-1
1654,115,422,113,19,14,-1,-1,-1
1655,114,475,103,16,12,-1,-1,-1
1655,115,417,113,19,14,-1,-1,-1
1656,114,472,103,17,12,-1,-1,-1
1656,115,411,114,20,14,-1,-1,-1
1657,114,469,103,17,13,-1,-1,-1
1657,115,406,115,20,14,-1,-1,-1
1658,114,466,103,17,13,-1,-1,-1
1658,115,400,115,20,14,-1,-1,-1
1659,114,462,103,18,13,-1,-1,-1
1659,115,394,116,20,14,-1,-1,-1
1660,114,461,103,18,13,-1,-1,-1
1660,115,388,117,20,14,-1,-1,-1
1661,114,460,103,18,13,-1,-1,-1
1661,115,382,117,21,14,-1,-1,-1
1662,115,375,118,22,15,-1,-1,-1
1663,115,368,119,22,15,-1,-1,-1
1663,116,445,106,19,14,-1,-1,-1
1664,115,361,120,23,15,-1,-1,-1
1664,116,442,106,19,14,-1,-1,-1
1665,115,354,122,22,15,-1,-1,-1
1665,116,439,106,19,14,-1,-1,-1
1666,115,347,123,23,15,-1,-1,-1
1666,116,436,107,19,14,-1,-1,-1
1667,115,339,124,23,15,-1,-1,-1
1667,116,433,107,20,14,-1,-1,-1
1668,115,335,125,23,15,-1,-1,-1
1668,116,428,108,20,14,-1,-1,-1
1669,115,333,125,23,15,-1,-1,-1
1669,116,424,108,21,15,-1,-1,-1
1670,116,419,109,21,15,-1,-1,-1
1671,116,415,109,21,15,-1,-1,-1
1672,116,410,110,21,15,-1,-1,-1
1673,116,405,110,22,15,-1,-1,-1
1674,116,398,111,22,16,-1,-1,-1
1675,116,391,111,23,16,-1,-1,-1
1676,116,384,112,24,17,-1,-1,-1
1677,116,378,113,25,17,-1,-1,-1
1678,116,371,114,25,17,-1,-1,-1
1679,116,365,114,25,17,-1,-1,-1
1680,116,359,115,26,17,-1,-1,-1
1681,116,352,116,25,17,-1,-1,-1
1682,116,345,117,26,17,-1,-1,-1
1683,116,337,118,25,17,-1,-1,-1
1684,116,329,120,26,18,-1,-1,-1
1685,116,321,121,26,18,-1,-1,-1
1686,116,312,122,27,19,-1,-1,-1
1687,116,303,123,27,19,-1,-1,-1
1688,116,295,124,28,20,-1,-1,-1
1689,116,285,125,29,20,-1,-1,-1
1690,116,276,126,29,21,-1,-1,-1
1691,116,264,127,29,21,-1,-1,-1
1692,116,254,127,30,22,-1,-1,-1
1693,116,243,128,30,23,-1,-1,-1
1694,116,231,130,32,24,-1,-1,-1
1695,116,217,132,35,24,-1,-1,-1
1696,116,202,134,36,25,-1,-1,-1
1697,116,188,135,37,26,-1,-1,-1
1698,116,172,137,40,27,-1,-1,-1
1699,116,156,139,42,27,-1,-1,-1
1700,116,139,142,45,28,-1,-1,-1
1701,116,120,145,45,28,-1,-1,-1
1702,116,100,147,48,29,-1,-1,-1
1703,116,80,149,49,30,-1,-1,-1
1704,116,59,152,50,31,-1,-1,-1
1705,116,40,154,48,31,-1,-1,-1
1706,116,29,156,47,31,-1,-1,-1
1707,116,24,157,46,31,-1,-1,-1
1795,117,537,94,21,12,-1,-1,-1
1796,117,536,94,21,12,-1,-1,-1
1797,117,535,94,21,12,-1,-1,-1
1798,117,534,94,21,12,-1,-1,-1
1799,117,534,94,21,12,-1,-1,-1
1800,117,534,94,21,12,-1,-1,-1
1804,118,526,96,20,14,-1,-1,-1
1805,118,525,95,20,14,-1,-1,-1
1806,118,524,95,20,13,-1,-1,-1
1807,118,522,95,20,13,-1,-1,-1
1808,118,521,95,20,13,-1,-1,-1
1809,118,519,95,20,14,-1,-1,-1
1810,118,517,95,20,14,-1,-1,-1
1811,118,515,95,20,14,-1,-1,-1
1812,118,513,95,21,14,-1,-1,-1
1813,118,511,95,21,14,-1,-1,-1
1814,118,509,95,21,14,-1,-1,-1
1815,118,507,95,22,14,-1,-1,-1
1816,118,505,95,22,14,-1,-1,-1
1817,118,502,96,22,15,-1,-1,-1
1818,118,500,96,23,15,-1,-1,-1
1819,118,497,96,23,15,-1,-1,-1
1820,118,496,96,23,15,-1,-1,-1
1821,118,494,96,22,15,-1,-1,-1
1822,118,491,97,22,15,-1,-1,-1
1823,118,489,97,22,15,-1,-1,-1
1824,118,487,97,22,15,-1,-1,-1
1825,118,484,98,23,15,-1,-1,-1
1826,118,481,98,23,15,-1,-1,-1
1827,118,478,98,24,16,-1,-1,-1
1828,118,476,98,24,16,-1,-1,-1
1829,118,472,98,25,16,-1,-1,-1
1830,118,469,98,27,17,-1,-1,-1
1831,118,466,99,27,17,-1,-1,-1
1832,118,463,99,27,17,-1,-1,-1
1833,118,460,100,27,17,-1,-1,-1
1834,118,457,100,27,17,-1,-1,-1
1835,118,454,100,27,17,-1,-1,-1
1836,118,451,100,27,17,-1,-1,-1
1837,118,447,100,28,18,-1,-1,-1
1838,118,443,100,29,18,-1,-1,-1
1839,118,439,101,30,18,-1,-1,-1
1840,118,435,101,31,18,-1,-1,-1
1841,118,431,102,31,18,-1,-1,-1
1842,118,427,102,32,19,-1,-1,-1
1843,118,422,103,34,20,-1,-1,-1
1844,118,418,103,35,20,-1,-1,-1
1845,118,413,104,36,20,-1,-1,-1
1846,118,409,104,36,20,-1,-1,-1
1847,118,403,105,38,21,-1,-1,-1
1848,118,397,105,39,21,-1,-1,-1
1849,118,391,105,40,22,-1,-1,-1
1850,118,385,106,42,22,-1,-1,-1
1851,118,379,107,43,22,-1,-1,-1
1852,118,373,108,44,21,-1,-1,-1
1852,119,491,136,18,13,-1,-1,-1
1853,118,366,109,45,21,-1,-1,-1
1853,119,494,135,18,13,-1,-1,-1
1854,118,360,110,45,21,-1,-1,-1
1854,119,497,134,19,13,-1,-1,-1
1855,118,353,110,47,23,-1,-1,-1
1855,119,500,132,19,13,-1,-1,-1
1856,118,347,110,49,24,-1,-1,-1
1856,119,502,132,19,13,-1,-1,-1
1857,118,339,110,52,25,-1,-1,-1
1857,119,503,131,19,13,-1,-1,-1
1858,118,332,110,53,26,-1,-1,-1
1859,118,324,110,55,28,-1,-1,-1
1860,118,317,111,57,28,-1,-1,-1
1861,118,310,112,58,29,-1,-1,-1
1861,123,201,208,110,67,-1,-1,-1
1862,118,302,113,59,30,-1,-1,-1
1862,123,219,202,106,67,-1,-1,-1
1863,118,294,113,61,31,-1,-1,-1
1863,123,234,199,100,65,-1,-1,-1
1864,118,285,114,63,32,-1,-1,-1
1864,123,254,195,93,61,-1,-1,-1
1865,118,275,114,64,33,-1,-1,-1
1865,123,273,191,88,57,-1,-1,-1
1866,118,267,116,62,33,-1,-1,-1
1866,123,292,186,84,54,-1,-1,-1
1867,118,258,117,62,33,-1,-1,-1
1867,123,307,181,80,52,-1,-1,-1
1868,118,248,118,63,33,-1,-1,-1
1868,123,323,177,77,50,-1,-1,-1
1869,118,235,119,65,35,-1,-1,-1
1869,123,337,172,73,49,-1,-1,-1
1870,118,222,120,67,35,-1,-1,-1
1870,123,350,168,70,47,-1,-1,-1
1871,118,209,122,68,37,-1,-1,-1
1871,123,362,165,67,45,-1,-1,-1
1872,118,195,124,71,37,-1,-1,-1
1872,123,373,162,65,44,-1,-1,-1
1873,118,181,126,73,37,-1,-1,-1
1873,123,384,159,63,43,-1,-1,-1
1874,118,166,129,75,36,-1,-1,-1
1874,123,394,157,61,41,-1,-1,-1
1875,118,151,131,76,36,-1,-1,-1
1875,123,404,154,58,39,-1,-1,-1
1876,118,143,132,77,36,-1,-1,-1
1876,123,413,152,55,38,-1,-1,-1
1877,118,137,132,79,37,-1,-1,-1
1877,123,422,150,52,36,-1,-1,-1
1878,123,430,148,51,35,-1,-1,-1
1879,123,438,146,49,35,-1,-1,-1
1880,123,445,144,47,34,-1,-1,-1
1881,123,454,142,43,33,-1,-1,-1
1882,123,460,140,39,32,-1,-1,-1
1883,123,467,139,37,31,-1,-1,-1
1884,123,473,138,35,30,-1,-1,-1
1885,123,478,136,35,29,-1,-1,-1
1886,120,464,142,21,16,-1,-1,-1
1886,123,483,135,34,28,-1,-1,-1
1887,120,468,140,21,16,-1,-1,-1
1887,123,488,134,34,27,-1,-1,-1
1888,120,472,138,20,16,-1,-1,-1
1888,123,493,132,33,26,-1,-1,-1
1889,120,478,136,19,16,-1,-1,-1
1889,123,497,131,31,26,-1,-1,-1
1890,120,483,134,19,17,-1,-1,-1
1890,123,503,130,29,25,-1,-1,-1
1891,120,488,132,18,16,-1,-1,-1
1891,123,508,129,28,24,-1,-1,-1
1892,120,493,131,18,15,-1,-1,-1
1892,123,513,128,27,24,-1,-1,-1
1893,120,497,131,17,15,-1,-1,-1
1893,123,517,127,26,23,-1,-1,-1
1894,120,502,130,17,15,-1,-1,-1
1894,123,520,125,26,23,-1,-1,-1
1895,120,506,129,17,14,-1,-1,-1
1895,123,523,124,26,22,-1,-1,-1
1896,120,510,128,17,14,-1,-1,-1
1896,123,526,123,26,22,-1,-1,-1
1897,120,514,126,16,14,-1,-1,-1
1897,123,530,122,25,21,-1,-1,-1
1898,120,518,125,16,13,-1,-1,-1
1898,123,533,121,25,22,-1,-1,-1
1899,120,521,124,15,13,-1,-1,-1
1899,123,536,121,25,21,-1,-1,-1
1900,120,523,123,15,13,-1,-1,-1
1900,123,539,120,25,21,-1,-1,-1
1901,120,524,123,15,12,-1,-1,-1
1901,122,469,150,22,16,-1,-1,-1
1901,123,542,120,25,21,-1,-1,-1
1902,122,474,149,21,16,-1,-1,-1
1902,123,544,119,24,21,-1,-1,-1
1903,121,537,119,17,13,-1,-1,-1
1903,122,478,147,21,16,-1,-1,-1
1903,123,547,118,24,20,-1,-1,-1
1904,121,538,118,17,13,-1,-1,-1
1904,122,484,145,20,16,-1,-1,-1
1904,123,549,118,24,20,-1,-1,-1
1905,121,538,118,17,13,-1,-1,-1
1905,122,489,143,19,16,-1,-1,-1
1905,123,552,117,24,19,-1,-1,-1
1906,122,494,142,19,16,-1,-1,-1
1906,123,554,117,23,18,-1,-1,-1
1907,122,499,140,19,15,-1,-1,-1
1907,123,556,116,24,17,-1,-1,-1
1908,122,504,139,18,15,-1,-1,-1
1908,123,558,116,24,17,-1,-1,-1
1909,122,509,137,18,15,-1,-1,-1
1909,123,559,115,24,17,-1,-1,-1
1910,122,513,135,18,15,-1,-1,-1
1910,123,561,115,23,17,-1,-1,-1
1911,122,517,134,18,15,-1,-1,-1
1911,123,562,115,24,17,-1,-1,-1
1912,122,518,133,18,15,-1,-1,-1
1912,123,564,114,23,17,-1,-1,-1
1913,122,520,133,18,15,-1,-1,-1
1913,123,565,114,23,17,-1,-1,-1
1914,123,568,113,23,17,-1,-1,-1
1915,123,569,112,23,17,-1,-1,-1
1916,123,571,111,23,17,-1,-1,-1
1917,123,573,110,23,17,-1,-1,-1
1918,123,575,109,22,17,-1,-1,-1
1919,123,576,109,22,17,-1,-1,-1
1920,123,577,109,22,16,-1,-1,-1
1921,123,579,108,21,16,-1,-1,-1
1922,123,581,108,21,16,-1,-1,-1
1923,123,583,108,20,15,-1,-1,-1
1924,123,584,107,20,15,-1,-1,-1
1925,123,585,107,20,15,-1,-1,-1
1926,123,586,107,20,15,-1,-1,-1
1929,124,494,103,17,10,-1,-1,-1
1930,124,493,103,17,10,-1,-1,-1
1930,125,593,106,19,14,-1,-1,-1
1931,124,493,103,17,11,-1,-1,-1
1931,125,594,106,19,14,-1,-1,-1
1931,128,446,156,23,17,-1,-1,-1
1932,125,595,106,19,14,-1,-1,-1
1932,128,451,154,22,17,-1,-1,-1
1933,125,595,106,19,14,-1,-1,-1
1933,128,456,153,22,17,-1,-1,-1
1934,128,462,151,21,16,-1,-1,-1
1935,128,468,149,21,16,-1,-1,-1
1936,126,601,103,17,14,-1,-1,-1
1936,128,474,147,20,15,-1,-1,-1
1937,126,601,103,17,14,-1,-1,-1
1937,128,481,146,19,15,-1,-1,-1
1938,126,602,103,17,14,-1,-1,-1
1938,128,487,144,19,15,-1,-1,-1
1939,126,602,102,17,15,-1,-1,-1
1939,128,492,142,19,15,-1,-1,-1
1940,126,603,102,17,15,-1,-1,-1
1940,128,498,140,18,15,-1,-1,-1
1941,128,503,138,18,15,-1,-1,-1
1942,128,508,136,17,15,-1,-1,-1
1943,128,513,135,18,15,-1,-1,-1
1944,128,517,133,18,15,-1,-1,-1
1945,127,453,110,17,12,-1,-1,-1
1945,128,521,131,18,15,-1,-1,-1
1946,127,451,111,17,12,-1,-1,-1
1946,128,525,130,19,15,-1,-1,-1
1947,127,449,111,17,12,-1,-1,-1
1947,128,528,129,19,14,-1,-1,-1
1948,127,446,111,18,12,-1,-1,-1
1948,128,532,128,19,14,-1,-1,-1
1949,127,443,112,18,13,-1,-1,-1
1949,128,535,127,19,13,-1,-1,-1
1950,127,440,112,18,13,-1,-1,-1
1950,128,537,126,19,13,-1,-1,-1
1951,127,437,113,19,13,-1,-1,-1
1951,128,541,125,20,13,-1,-1,-1
1952,127,435,113,19,13,-1,-1,-1
1952,128,544,125,19,13,-1,-1,-1
1953,127,432,113,19,13,-1,-1,-1
1953,128,548,124,19,13,-1,-1,-1
1954,127,429,114,18,13,-1,-1,-1
1954,128,549,124,19,13,-1,-1,-1
1955,127,425,115,18,13,-1,-1,-1
1955,128,550,123,19,13,-1,-1,-1
1955,129,477,148,21,16,-1,-1,-1
1956,127,422,115,18,13,-1,-1,-1
1956,129,481,146,21,16,-1,-1,-1
1957,127,418,116,18,12,-1,-1,-1
1957,129,485,145,20,16,-1,-1,-1
1958,127,414,117,18,12,-1,-1,-1
1958,129,490,143,20,16,-1,-1,-1
1959,127,410,118,18,12,-1,-1,-1
1959,129,495,141,20,16,-1,-1,-1
1960,127,407,118,18,13,-1,-1,-1
1960,129,500,140,19,16,-1,-1,-1
1961,127,403,118,18,13,-1,-1,-1
1961,129,502,139,19,15,-1,-1,-1
1962,127,400,119,18,13,-1,-1,-1
1962,129,504,139,18,15,-1,-1,-1
1963,127,398,119,18,13,-1,-1,-1
1964,127,397,119,18,13,-1,-1,-1
1966,130,380,123,19,13,-1,-1,-1
1967,130,376,123,19,13,-1,-1,-1
1968,130,374,124,20,13,-1,-1,-1
1969,130,369,125,21,13,-1,-1,-1
1970,130,365,126,21,13,-1,-1,-1
1971,130,361,127,20,13,-1,-1,-1
1972,130,357,128,20,13,-1,-1,-1
1973,130,353,129,20,13,-1,-1,-1
1974,130,348,129,21,13,-1,-1,-1
1975,130,343,130,22,13,-1,-1,-1
1976,130,338,131,22,14,-1,-1,-1
1977,130,333,131,22,14,-1,-1,-1
1978,130,327,132,23,14,-1,-1,-1
1979,130,321,132,23,15,-1,-1,-1
1980,130,315,133,24,15,-1,-1,-1
1981,130,310,133,24,16,-1,-1,-1
1982,130,304,134,24,16,-1,-1,-1
1983,130,298,136,25,16,-1,-1,-1
1984,130,291,137,26,16,-1,-1,-1
1985,130,285,138,26,15,-1,-1,-1
1986,130,279,140,26,16,-1,-1,-1
1987,130,273,141,27,16,-1,-1,-1
1988,130,267,141,28,16,-1,-1,-1
1989,130,260,142,28,16,-1,-1,-1
1990,130,254,143,28,16,-1,-1,-1
1991,130,248,144,28,17,-1,-1,-1
1992,130,241,145,28,18,-1,-1,-1
1993,130,234,146,29,18,-1,-1,-1
1994,130,227,147,29,19,-1,-1,-1
1995,130,219,149,30,19,-1,-1,-1
1996,130,210,150,32,19,-1,-1,-1
1997,130,202,151,34,20,-1,-1,-1
1998,130,193,151,36,21,-1,-1,-1
1999,130,187,152,36,22,-1,-1,-1
2000,130,179,153,35,22,-1,-1,-1
2001,130,173,154,34,22,-1,-1,-1
2002,130,166,156,33,22,-1,-1,-1
2003,130,160,157,32,22,-1,-1,-1
2004,130,153,159,33,22,-1,-1,-1
2005,130,144,160,34,22,-1,-1,-1
2006,130,136,162,35,22,-1,-1,-1
2007,130,128,164,36,22,-1,-1,-1
2008,130,119,165,37,22,-1,-1,-1
2009,130,110,167,38,22,-1,-1,-1
2010,130,101,168,38,23,-1,-1,-1
2011,130,93,169,38,23,-1,-1,-1
2012,130,85,170,38,23,-1,-1,-1
2013,130,76,171,40,25,-1,-1,-1
2014,130,67,172,42,26,-1,-1,-1
2015,130,59,172,42,28,-1,-1,-1
2016,130,51,174,42,29,-1,-1,-1
2017,130,43,175,43,29,-1,-1,-1
2018,130,34,176,45,30,-1,-1,-1
2019,130,26,177,46,32,-1,-1,-1
2020,130,20,178,44,32,-1,-1,-1
2021,130,16,180,41,33,-1,-1,-1
2022,130,12,182,38,31,-1,-1,-1
2023,130,9,184,35,31,-1,-1,-1
2024,130,7,185,33,30,-1,-1,-1
2025,130,6,185,32,30,-1,-1,-1
2025,131,478,145,23,18,-1,-1,-1
2026,131,483,143,22,18,-1,-1,-1
2027,131,487,141,22,18,-1,-1,-1
2028,131,492,140,22,18,-1,-1,-1
2029,131,495,139,22,18,-1,-1,-1
2030,131,497,138,21,18,-1,-1,-1
2064,132,443,157,27,21,-1,-1,-1
2065,132,449,155,25,20,-1,-1,-1
2066,132,454,154,25,19,-1,-1,-1
2067,132,461,152,24,18,-1,-1,-1
2068,132,467,150,23,17,-1,-1,-1
2069,132,474,148,22,17,-1,-1,-1
2070,132,481,146,21,17,-1,-1,-1
2071,132,488,143,20,16,-1,-1,-1
2072,132,494,141,20,16,-1,-1,-1
2073,132,497,140,20,16,-1,-1,-1
2074,132,499,140,19,16,-1,-1,-1
2075,133,425,161,23,18,-1,-1,-1
2076,133,425,159,22,18,-1,-1,-1
2077,133,426,158,22,17,-1,-1,-1
2078,135,501,98,17,13,-1,-1,-1
2079,135,499,98,17,13,-1,-1,-1
2080,135,498,98,17,13,-1,-1,-1
2081,135,497,98,17,13,-1,-1,-1
2082,135,497,98,17,13,-1,-1,-1
2088,138,477,103,16,13,-1,-1,-1
2089,134,507,129,16,13,-1,-1,-1
2089,138,475,103,16,13,-1,-1,-1
2090,134,508,129,16,13,-1,-1,-1
2090,138,473,103,16,13,-1,-1,-1
2091,134,508,129,16,13,-1,-1,-1
2091,138,470,103,17,14,-1,-1,-1
2092,138,467,103,18,14,-1,-1,-1
2093,138,464,103,18,14,-1,-1,-1
2094,138,461,103,19,14,-1,-1,-1
2095,138,457,103,19,14,-1,-1,-1
2096,136,428,151,28,18,-1,-1,-1
2096,137,5,309,34,34,-1,-1,-1
2096,138,454,103,19,14,-1,-1,-1
2097,136,434,150,27,17,-1,-1,-1
2097,137,7,309,40,38,-1,-1,-1
2097,138,451,104,19,14,-1,-1,-1
2098,136,439,148,26,17,-1,-1,-1
2098,137,8,308,45,41,-1,-1,-1
2098,138,448,105,19,14,-1,-1,-1
2098,139,551,126,17,13,-1,-1,-1
2099,136,443,148,25,16,-1,-1,-1
2099,137,9,308,50,44,-1,-1,-1
2099,138,446,105,19,14,-1,-1,-1
2099,139,552,126,17,13,-1,-1,-1
2100,136,445,147,25,16,-1,-1,-1
2100,137,9,307,52,46,-1,-1,-1
2100,138,445,105,19,14,-1,-1,-1
2100,139,552,126,17,13,-1,-1,-1
