1,1,468,101,21,15,-1,-1,-1
2,1,466,102,20,14,-1,-1,-1
3,1,465,103,20,14,-1,-1,-1
4,1,463,103,20,14,-1,-1,-1
5,1,460,103,20,15,-1,-1,-1
6,1,457,104,19,14,-1,-1,-1
7,1,454,105,19,14,-1,-1,-1
8,1,450,106,19,14,-1,-1,-1
9,1,448,106,20,14,-1,-1,-1
10,1,447,106,20,14,-1,-1,-1
14,2,423,111,21,15,-1,-1,-1
15,2,420,111,20,15,-1,-1,-1
16,2,417,111,20,15,-1,-1,-1
17,2,412,112,21,15,-1,-1,-1
18,2,410,112,21,15,-1,-1,-1
19,2,408,113,21,15,-1,-1,-1
27,3,258,172,116,84,-1,-1,-1
28,3,275,167,108,83,-1,-1,-1
28,4,332,129,24,14,-1,-1,-1
29,3,286,164,104,80,-1,-1,-1
29,4,325,130,24,14,-1,-1,-1
30,3,306,161,95,73,-1,-1,-1
30,4,319,131,24,14,-1,-1,-1
30,5,343,112,40,20,-1,-1,-1
31,3,322,160,90,66,-1,-1,-1
31,4,311,132,24,14,-1,-1,-1
31,5,338,111,47,23,-1,-1,-1
32,3,339,158,83,61,-1,-1,-1
32,4,303,133,23,14,-1,-1,-1
32,5,334,111,50,24,-1,-1,-1
33,3,354,155,80,58,-1,-1,-1
33,4,294,134,23,14,-1,-1,-1
33,5,328,111,53,25,-1,-1,-1
34,3,368,152,78,56,-1,-1,-1
34,4,283,136,23,14,-1,-1,-1
34,5,320,111,55,27,-1,-1,-1
35,3,380,149,76,54,-1,-1,-1
35,4,278,137,24,14,-1,-1,-1
35,5,313,110,59,29,-1,-1,-1
36,3,392,145,73,53,-1,-1,-1
36,4,274,138,24,14,-1,-1,-1
36,5,305,110,62,30,-1,-1,-1
37,3,403,143,69,52,-1,-1,-1
37,5,297,110,63,31,-1,-1,-1
38,3,414,140,66,51,-1,-1,-1
38,5,290,111,65,33,-1,-1,-1
39,3,423,137,63,50,-1,-1,-1
39,5,282,112,66,34,-1,-1,-1
40,3,432,135,60,49,-1,-1,-1
40,5,274,114,66,34,-1,-1,-1
41,3,441,133,57,47,-1,-1,-1
41,5,267,116,65,33,-1,-1,-1
42,3,449,132,54,45,-1,-1,-1
42,5,260,117,64,32,-1,-1,-1
43,3,456,130,52,42,-1,-1,-1
43,5,257,117,64,32,-1,-1,-1
44,3,460,130,51,41,-1,-1,-1
44,5,255,117,65,33,-1,-1,-1
45,3,462,130,50,40,-1,-1,-1
49,6,500,124,36,30,-1,-1,-1
50,6,501,124,35,29,-1,-1,-1
50,7,149,134,55,33,-1,-1,-1
51,6,502,125,35,28,-1,-1,-1
51,7,138,133,66,36,-1,-1,-1
52,7,135,133,70,37,-1,-1,-1
53,7,131,133,71,38,-1,-1,-1
60,12,532,96,16,12,-1,-1,-1
61,8,382,184,27,18,-1,-1,-1
61,12,531,96,16,12,-1,-1,-1
62,8,390,181,26,18,-1,-1,-1
62,12,531,96,16,12,-1,-1,-1
63,8,396,179,26,17,-1,-1,-1
63,9,11,146,56,43,-1,-1,-1
63,12,530,96,16,12,-1,-1,-1
64,8,401,177,26,17,-1,-1,-1
64,9,9,148,52,42,-1,-1,-1
64,12,529,96,16,12,-1,-1,-1
65,8,403,176,25,17,-1,-1,-1
65,9,8,148,51,41,-1,-1,-1
65,12,527,96,16,12,-1,-1,-1
66,12,525,96,16,12,-1,-1,-1
67,10,494,100,16,11,-1,-1,-1
67,12,524,96,16,12,-1,-1,-1
68,10,492,100,16,11,-1,-1,-1
68,12,522,96,16,12,-1,-1,-1
69,10,490,101,16,11,-1,-1,-1
69,12,520,97,16,11,-1,-1,-1
70,10,488,102,16,11,-1,-1,-1
70,12,519,97,16,11,-1,-1,-1
71,10,486,102,16,11,-1,-1,-1
71,12,517,97,16,11,-1,-1,-1
72,10,484,103,16,11,-1,-1,-1
72,11,472,150,22,14,-1,-1,-1
72,12,515,97,16,12,-1,-1,-1
73,10,482,103,16,11,-1,-1,-1
73,11,477,149,21,13,-1,-1,-1
73,12,513,97,16,12,-1,-1,-1
74,10,479,103,16,12,-1,-1,-1
74,11,481,148,21,13,-1,-1,-1
74,12,511,97,17,12,-1,-1,-1
75,10,476,103,16,12,-1,-1,-1
75,11,486,147,20,13,-1,-1,-1
75,12,509,97,17,12,-1,-1,-1
76,10,474,103,16,12,-1,-1,-1
76,11,491,145,20,13,-1,-1,-1
76,12,507,97,17,12,-1,-1,-1
77,10,474,103,16,12,-1,-1,-1
77,11,495,143,20,13,-1,-1,-1
77,12,506,97,17,13,-1,-1,-1
78,11,500,141,19,13,-1,-1,-1
78,12,504,97,17,13,-1,-1,-1
79,11,502,141,19,13,-1,-1,-1
79,12,502,97,17,13,-1,-1,-1
80,11,504,140,19,13,-1,-1,-1
80,12,501,98,17,13,-1,-1,-1
81,12,499,98,17,13,-1,-1,-1
82,12,497,98,17,13,-1,-1,-1
83,12,495,98,17,13,-1,-1,-1
83,13,446,107,18,13,-1,-1,-1
84,12,493,99,17,13,-1,-1,-1
84,13,444,108,18,13,-1,-1,-1
85,12,491,99,17,13,-1,-1,-1
85,13,441,108,18,13,-1,-1,-1
86,12,489,99,16,13,-1,-1,-1
86,13,438,109,18,13,-1,-1,-1
87,12,486,100,16,13,-1,-1,-1
87,13,435,109,18,13,-1,-1,-1
88,12,483,101,16,13,-1,-1,-1
88,13,431,110,18,13,-1,-1,-1
89,12,480,101,17,13,-1,-1,-1
89,13,427,111,18,13,-1,-1,-1
90,12,477,101,18,13,-1,-1,-1
90,13,422,111,19,13,-1,-1,-1
91,12,475,102,18,13,-1,-1,-1
91,13,418,111,19,13,-1,-1,-1
92,12,472,102,18,13,-1,-1,-1
92,13,413,112,19,13,-1,-1,-1
93,12,469,102,18,13,-1,-1,-1
93,13,408,112,19,13,-1,-1,-1
94,12,466,103,18,13,-1,-1,-1
94,13,402,113,20,14,-1,-1,-1
95,12,463,103,18,13,-1,-1,-1
95,13,397,114,20,14,-1,-1,-1
96,12,460,103,18,14,-1,-1,-1
96,13,391,114,21,14,-1,-1,-1
97,12,457,103,18,14,-1,-1,-1
97,13,385,114,22,14,-1,-1,-1
98,12,454,103,19,15,-1,-1,-1
98,13,379,115,23,15,-1,-1,-1
99,12,451,103,19,15,-1,-1,-1
99,13,374,116,23,15,-1,-1,-1
100,12,448,103,19,15,-1,-1,-1
100,13,367,116,23,15,-1,-1,-1
101,12,445,104,19,15,-1,-1,-1
101,13,361,117,23,15,-1,-1,-1
102,12,441,105,19,15,-1,-1,-1
102,13,355,118,22,15,-1,-1,-1
103,12,438,105,19,15,-1,-1,-1
103,13,348,119,23,15,-1,-1,-1
104,12,434,105,19,15,-1,-1,-1
104,13,344,120,23,15,-1,-1,-1
105,12,431,106,19,15,-1,-1,-1
105,13,342,121,23,15,-1,-1,-1
106,12,426,107,20,15,-1,-1,-1
107,12,422,107,21,15,-1,-1,-1
108,12,418,108,21,15,-1,-1,-1
109,12,413,108,21,15,-1,-1,-1
110,12,409,109,22,15,-1,-1,-1
111,12,405,109,22,15,-1,-1,-1
112,12,400,110,22,16,-1,-1,-1
113,12,395,110,22,16,-1,-1,-1
114,12,390,110,23,17,-1,-1,-1
115,12,384,111,24,18,-1,-1,-1
116,12,379,111,24,18,-1,-1,-1
117,12,373,112,24,18,-1,-1,-1
118,12,368,113,24,17,-1,-1,-1
119,12,363,114,25,17,-1,-1,-1
120,12,357,114,25,18,-1,-1,-1
121,12,350,115,25,18,-1,-1,-1
122,12,344,116,25,18,-1,-1,-1
123,12,337,117,26,19,-1,-1,-1
124,12,330,118,27,20,-1,-1,-1
125,12,322,118,28,20,-1,-1,-1
126,12,313,119,30,21,-1,-1,-1
127,12,305,120,30,21,-1,-1,-1
128,12,297,121,31,22,-1,-1,-1
129,12,289,122,31,22,-1,-1,-1
130,12,281,123,32,22,-1,-1,-1
131,12,272,125,31,22,-1,-1,-1
132,12,263,126,31,22,-1,-1,-1
133,12,254,127,32,23,-1,-1,-1
134,12,243,127,32,24,-1,-1,-1
135,12,232,128,34,26,-1,-1,-1
136,12,220,128,35,28,-1,-1,-1
137,12,208,130,36,30,-1,-1,-1
138,12,195,131,37,31,-1,-1,-1
139,12,182,132,38,32,-1,-1,-1
140,12,167,134,41,32,-1,-1,-1
141,12,152,136,42,32,-1,-1,-1
142,12,136,138,45,32,-1,-1,-1
143,12,118,140,46,32,-1,-1,-1
144,12,109,142,47,32,-1,-1,-1
145,12,102,143,48,32,-1,-1,-1
159,14,446,108,18,13,-1,-1,-1
160,14,443,108,18,13,-1,-1,-1
161,14,441,108,18,13,-1,-1,-1
162,14,437,109,18,13,-1,-1,-1
163,14,434,109,18,13,-1,-1,-1
164,14,431,110,19,13,-1,-1,-1
165,14,426,110,19,13,-1,-1,-1
166,14,422,110,19,13,-1,-1,-1
167,14,417,111,19,13,-1,-1,-1
168,14,412,112,19,13,-1,-1,-1
169,14,407,112,20,13,-1,-1,-1
170,14,402,113,20,13,-1,-1,-1
171,14,397,114,20,13,-1,-1,-1
172,14,392,114,20,13,-1,-1,-1
173,14,386,115,21,14,-1,-1,-1
174,14,381,115,22,14,-1,-1,-1
175,14,375,116,22,14,-1,-1,-1
176,14,369,117,22,15,-1,-1,-1
177,14,364,117,21,15,-1,-1,-1
178,14,357,118,22,15,-1,-1,-1
179,14,350,120,22,15,-1,-1,-1
180,14,343,121,24,15,-1,-1,-1
181,14,335,123,24,15,-1,-1,-1
182,14,332,123,25,15,-1,-1,-1
183,14,329,123,25,15,-1,-1,-1
186,15,284,130,27,16,-1,-1,-1
187,15,277,130,27,16,-1,-1,-1
188,15,272,130,27,16,-1,-1,-1
189,15,268,131,27,17,-1,-1,-1
190,15,265,131,27,17,-1,-1,-1
192,16,462,150,25,19,-1,-1,-1
193,16,466,148,25,19,-1,-1,-1
194,16,471,147,24,19,-1,-1,-1
195,16,476,145,23,19,-1,-1,-1
196,16,482,144,22,19,-1,-1,-1
197,16,488,142,21,18,-1,-1,-1
198,16,494,140,21,18,-1,-1,-1
199,16,499,138,21,18,-1,-1,-1
200,16,505,136,21,17,-1,-1,-1
201,16,510,135,21,17,-1,-1,-1
202,16,514,133,21,17,-1,-1,-1
203,16,517,132,21,17,-1,-1,-1
204,16,518,132,21,17,-1,-1,-1
248,17,533,95,16,12,-1,-1,-1
249,17,532,95,16,12,-1,-1,-1
250,17,531,95,16,12,-1,-1,-1
251,17,529,95,16,12,-1,-1,-1
252,17,528,95,16,12,-1,-1,-1
253,17,527,95,17,12,-1,-1,-1
254,17,525,95,17,12,-1,-1,-1
255,17,524,95,17,12,-1,-1,-1
256,17,522,95,17,12,-1,-1,-1
257,17,521,95,17,13,-1,-1,-1
258,17,519,96,17,13,-1,-1,-1
259,17,517,96,17,13,-1,-1,-1
260,17,515,96,18,13,-1,-1,-1
261,17,513,97,18,13,-1,-1,-1
262,17,511,97,19,13,-1,-1,-1
263,17,509,97,19,13,-1,-1,-1
264,17,507,97,19,13,-1,-1,-1
265,17,505,97,19,13,-1,-1,-1
266,17,503,97,18,13,-1,-1,-1
267,17,502,97,18,13,-1,-1,-1
268,17,500,98,18,13,-1,-1,-1
269,17,498,98,18,13,-1,-1,-1
270,17,496,98,18,13,-1,-1,-1
271,17,494,98,18,14,-1,-1,-1
272,17,492,98,18,14,-1,-1,-1
273,17,490,99,18,14,-1,-1,-1
274,17,487,99,18,14,-1,-1,-1
275,17,484,100,19,15,-1,-1,-1
276,17,481,100,20,15,-1,-1,-1
277,17,478,100,21,15,-1,-1,-1
278,17,475,100,21,15,-1,-1,-1
279,17,473,101,20,15,-1,-1,-1
280,17,470,101,20,15,-1,-1,-1
281,17,468,101,20,15,-1,-1,-1
282,17,465,102,20,15,-1,-1,-1
283,17,462,102,20,15,-1,-1,-1
284,17,459,102,20,15,-1,-1,-1
285,17,456,102,20,16,-1,-1,-1
286,17,453,102,20,16,-1,-1,-1
287,17,450,102,21,15,-1,-1,-1
288,17,447,102,21,16,-1,-1,-1
289,17,444,103,21,15,-1,-1,-1
290,17,440,104,21,15,-1,-1,-1
291,17,437,105,21,15,-1,-1,-1
292,17,433,106,21,15,-1,-1,-1
293,17,429,107,21,16,-1,-1,-1
294,17,425,107,22,16,-1,-1,-1
295,17,421,107,23,16,-1,-1,-1
296,17,416,108,23,16,-1,-1,-1
297,17,412,108,23,17,-1,-1,-1
298,17,407,108,24,17,-1,-1,-1
299,17,402,108,25,17,-1,-1,-1
300,17,401,109,25,17,-1,-1,-1
301,17,399,109,25,17,-1,-1,-1
306,18,358,114,29,17,-1,-1,-1
307,18,355,114,29,17,-1,-1,-1
308,18,351,114,28,18,-1,-1,-1
309,18,346,115,29,19,-1,-1,-1
310,18,341,115,29,20,-1,-1,-1
311,18,333,115,31,21,-1,-1,-1
312,18,326,116,33,22,-1,-1,-1
313,18,317,117,35,22,-1,-1,-1
314,18,310,118,36,23,-1,-1,-1
315,18,302,119,37,23,-1,-1,-1
316,18,294,120,36,23,-1,-1,-1
317,18,286,121,37,24,-1,-1,-1
318,18,278,121,37,25,-1,-1,-1
319,18,268,122,39,26,-1,-1,-1
320,18,258,122,40,27,-1,-1,-1
321,18,247,122,42,28,-1,-1,-1
322,18,237,123,44,29,-1,-1,-1
323,18,226,124,46,30,-1,-1,-1
324,18,212,125,48,31,-1,-1,-1
325,18,200,127,50,31,-1,-1,-1
326,18,188,128,50,32,-1,-1,-1
327,18,176,130,51,33,-1,-1,-1
328,18,161,131,53,33,-1,-1,-1
329,18,145,133,56,35,-1,-1,-1
330,18,129,134,60,37,-1,-1,-1
331,18,112,135,61,38,-1,-1,-1
332,18,96,137,62,39,-1,-1,-1
333,18,82,139,60,40,-1,-1,-1
334,18,67,141,58,40,-1,-1,-1
335,18,50,143,57,40,-1,-1,-1
336,18,42,144,57,41,-1,-1,-1
337,18,34,144,58,42,-1,-1,-1
384,19,475,104,15,12,-1,-1,-1
385,19,472,105,15,12,-1,-1,-1
386,19,470,105,15,12,-1,-1,-1
387,19,467,105,15,12,-1,-1,-1
388,19,464,106,15,12,-1,-1,-1
389,19,461,106,15,12,-1,-1,-1
389,20,488,103,15,11,-1,-1,-1
390,19,458,107,15,12,-1,-1,-1
390,20,486,103,15,11,-1,-1,-1
391,19,455,107,16,12,-1,-1,-1
391,20,484,103,15,11,-1,-1,-1
392,19,452,108,16,12,-1,-1,-1
392,20,482,103,15,11,-1,-1,-1
393,19,448,109,16,12,-1,-1,-1
393,20,480,104,15,11,-1,-1,-1
394,19,445,109,16,12,-1,-1,-1
394,20,477,104,15,11,-1,-1,-1
395,19,441,110,17,12,-1,-1,-1
395,20,474,104,15,12,-1,-1,-1
396,19,438,110,17,12,-1,-1,-1
396,20,471,104,15,12,-1,-1,-1
397,19,433,111,17,12,-1,-1,-1
397,20,468,105,15,12,-1,-1,-1
398,19,429,111,17,12,-1,-1,-1
398,20,465,106,15,11,-1,-1,-1
399,19,424,112,17,13,-1,-1,-1
399,20,462,107,15,11,-1,-1,-1
400,19,420,112,18,13,-1,-1,-1
400,20,459,107,16,11,-1,-1,-1
401,19,415,113,18,13,-1,-1,-1
401,20,455,107,16,11,-1,-1,-1
402,19,410,114,18,13,-1,-1,-1
402,20,451,108,17,11,-1,-1,-1
403,19,404,114,18,13,-1,-1,-1
403,20,448,108,17,12,-1,-1,-1
404,19,399,115,19,13,-1,-1,-1
404,20,445,108,18,12,-1,-1,-1
405,19,393,116,19,13,-1,-1,-1
405,20,441,109,18,12,-1,-1,-1
406,19,388,116,20,13,-1,-1,-1
406,20,438,109,18,12,-1,-1,-1
407,19,382,117,20,13,-1,-1,-1
407,20,434,110,18,12,-1,-1,-1
408,19,376,118,20,13,-1,-1,-1
408,20,431,111,18,13,-1,-1,-1
409,19,371,118,21,14,-1,-1,-1
409,20,426,111,19,13,-1,-1,-1
410,19,365,119,21,14,-1,-1,-1
410,20,422,111,19,13,-1,-1,-1
411,19,359,120,20,14,-1,-1,-1
411,20,417,112,19,13,-1,-1,-1
412,19,352,121,21,13,-1,-1,-1
412,20,411,113,20,13,-1,-1,-1
413,19,345,123,20,13,-1,-1,-1
413,20,406,113,20,13,-1,-1,-1
414,19,338,124,21,13,-1,-1,-1
414,20,401,114,20,13,-1,-1,-1
415,19,329,126,21,13,-1,-1,-1
415,20,396,115,20,13,-1,-1,-1
416,19,320,127,22,13,-1,-1,-1
416,20,391,115,21,13,-1,-1,-1
417,19,316,127,22,14,-1,-1,-1
417,20,388,116,21,13,-1,-1,-1
418,19,313,128,23,14,-1,-1,-1
418,20,386,116,21,13,-1,-1,-1
423,21,342,122,24,15,-1,-1,-1
424,21,339,122,25,15,-1,-1,-1
425,21,338,122,25,15,-1,-1,-1
428,22,175,145,33,21,-1,-1,-1
429,22,164,146,32,20,-1,-1,-1
430,22,154,148,32,19,-1,-1,-1
431,22,139,150,33,19,-1,-1,-1
432,22,132,151,34,19,-1,-1,-1
432,23,265,131,27,17,-1,-1,-1
433,22,127,152,34,19,-1,-1,-1
433,23,257,132,27,17,-1,-1,-1
434,23,250,133,27,18,-1,-1,-1
435,23,241,135,28,19,-1,-1,-1
436,23,231,136,29,19,-1,-1,-1
437,23,218,138,30,20,-1,-1,-1
438,23,205,139,32,20,-1,-1,-1
439,23,199,140,33,21,-1,-1,-1
440,23,196,141,34,21,-1,-1,-1
448,24,552,97,15,10,-1,-1,-1
449,24,551,97,15,10,-1,-1,-1
450,24,550,97,15,10,-1,-1,-1
450,25,523,135,18,14,-1,-1,-1
451,24,550,97,15,10,-1,-1,-1
451,25,525,133,18,14,-1,-1,-1
452,25,528,132,18,13,-1,-1,-1
452,26,476,103,16,14,-1,-1,-1
453,25,530,131,18,13,-1,-1,-1
453,26,474,103,16,14,-1,-1,-1
454,25,534,130,17,12,-1,-1,-1
454,26,474,103,16,14,-1,-1,-1
455,25,535,130,17,12,-1,-1,-1
456,25,537,129,17,12,-1,-1,-1
456,31,490,104,12,12,-1,-1,-1
457,27,509,103,13,11,-1,-1,-1
457,31,488,104,12,12,-1,-1,-1
458,27,507,103,13,11,-1,-1,-1
458,31,487,104,12,12,-1,-1,-1
459,27,505,103,14,11,-1,-1,-1
459,29,553,125,17,12,-1,-1,-1
459,31,486,104,13,12,-1,-1,-1
460,27,503,103,13,10,-1,-1,-1
460,28,447,109,18,14,-1,-1,-1
460,29,555,124,16,12,-1,-1,-1
460,31,485,104,13,12,-1,-1,-1
461,27,501,103,14,10,-1,-1,-1
461,28,444,109,18,14,-1,-1,-1
461,29,557,123,16,12,-1,-1,-1
461,31,483,105,13,12,-1,-1,-1
462,27,498,103,13,10,-1,-1,-1
462,28,441,109,18,14,-1,-1,-1
462,29,559,122,16,12,-1,-1,-1
462,31,482,105,13,12,-1,-1,-1
463,27,495,104,14,11,-1,-1,-1
463,28,438,109,18,15,-1,-1,-1
463,29,562,121,16,12,-1,-1,-1
463,31,480,105,13,12,-1,-1,-1
464,27,493,104,14,11,-1,-1,-1
464,28,434,110,18,15,-1,-1,-1
464,29,564,120,16,12,-1,-1,-1
464,31,479,106,13,12,-1,-1,-1
465,27,491,104,14,11,-1,-1,-1
465,28,429,110,18,15,-1,-1,-1
465,29,567,120,15,12,-1,-1,-1
465,31,478,106,13,12,-1,-1,-1
465,33,522,100,15,10,-1,-1,-1
466,27,491,104,14,11,-1,-1,-1
466,28,423,111,18,15,-1,-1,-1
466,29,569,119,15,11,-1,-1,-1
466,31,476,106,13,11,-1,-1,-1
466,33,520,100,15,10,-1,-1,-1
467,28,418,111,19,16,-1,-1,-1
467,29,571,118,15,11,-1,-1,-1
467,31,475,107,13,11,-1,-1,-1
467,33,519,100,15,10,-1,-1,-1
468,28,413,112,19,16,-1,-1,-1
468,29,573,117,15,11,-1,-1,-1
468,31,473,107,13,11,-1,-1,-1
468,33,517,100,15,10,-1,-1,-1
469,28,407,112,20,16,-1,-1,-1
469,29,575,116,14,11,-1,-1,-1
469,31,472,107,13,11,-1,-1,-1
469,33,514,101,15,10,-1,-1,-1
470,28,400,112,20,16,-1,-1,-1
470,29,578,114,14,11,-1,-1,-1
470,31,471,108,13,11,-1,-1,-1
470,33,512,101,15,10,-1,-1,-1
471,28,394,113,21,17,-1,-1,-1
471,29,579,114,14,11,-1,-1,-1
471,31,469,108,13,11,-1,-1,-1
471,33,510,101,15,10,-1,-1,-1
472,28,388,114,22,17,-1,-1,-1
472,29,581,113,14,11,-1,-1,-1
472,30,432,113,15,12,-1,-1,-1
472,31,467,108,14,11,-1,-1,-1
472,33,508,102,15,10,-1,-1,-1
473,28,382,114,23,17,-1,-1,-1
473,29,583,112,14,11,-1,-1,-1
473,30,431,113,15,12,-1,-1,-1
473,31,464,108,14,11,-1,-1,-1
473,33,505,102,15,10,-1,-1,-1
474,28,376,115,24,18,-1,-1,-1
474,29,584,112,15,11,-1,-1,-1
474,30,431,113,15,12,-1,-1,-1
474,31,461,109,15,11,-1,-1,-1
474,33,503,102,15,10,-1,-1,-1
475,28,369,115,24,18,-1,-1,-1
475,29,586,112,15,11,-1,-1,-1
475,31,457,110,15,11,-1,-1,-1
475,32,430,110,15,12,-1,-1,-1
475,33,500,102,15,10,-1,-1,-1
476,28,362,116,25,18,-1,-1,-1
476,29,587,111,15,11,-1,-1,-1
476,31,454,111,16,11,-1,-1,-1
476,32,427,111,15,12,-1,-1,-1
476,33,497,103,15,10,-1,-1,-1
477,28,355,118,25,18,-1,-1,-1
477,29,588,111,15,11,-1,-1,-1
477,31,450,111,16,11,-1,-1,-1
477,32,424,111,15,12,-1,-1,-1
477,33,495,104,16,10,-1,-1,-1
478,28,348,120,27,18,-1,-1,-1
478,31,446,112,16,11,-1,-1,-1
478,32,420,111,15,12,-1,-1,-1
478,33,492,104,16,11,-1,-1,-1
479,28,342,121,27,18,-1,-1,-1
479,31,443,112,16,11,-1,-1,-1
479,32,416,111,15,12,-1,-1,-1
479,33,489,104,16,11,-1,-1,-1
480,28,333,122,28,18,-1,-1,-1
480,31,439,113,16,11,-1,-1,-1
480,32,412,112,15,13,-1,-1,-1
480,33,487,104,16,11,-1,-1,-1
481,28,330,122,28,18,-1,-1,-1
481,31,435,113,16,12,-1,-1,-1
481,32,407,112,16,13,-1,-1,-1
481,33,484,104,16,11,-1,-1,-1
482,28,326,122,29,18,-1,-1,-1
482,31,430,114,16,12,-1,-1,-1
482,32,402,113,16,13,-1,-1,-1
482,33,481,104,16,11,-1,-1,-1
483,31,425,114,16,12,-1,-1,-1
483,32,397,114,16,12,-1,-1,-1
483,33,478,105,16,11,-1,-1,-1
484,31,420,115,16,12,-1,-1,-1
484,32,391,114,17,12,-1,-1,-1
484,33,475,105,16,11,-1,-1,-1
485,31,415,116,17,12,-1,-1,-1
485,32,386,115,17,12,-1,-1,-1
485,33,471,106,16,11,-1,-1,-1
486,31,410,117,17,12,-1,-1,-1
486,32,380,116,18,12,-1,-1,-1
486,33,467,107,17,11,-1,-1,-1
487,31,404,118,17,12,-1,-1,-1
487,32,375,117,18,12,-1,-1,-1
487,33,464,107,17,12,-1,-1,-1
488,31,398,118,17,12,-1,-1,-1
488,32,368,118,19,13,-1,-1,-1
488,33,460,107,17,12,-1,-1,-1
489,31,392,119,18,12,-1,-1,-1
489,32,362,118,19,13,-1,-1,-1
489,33,456,108,17,12,-1,-1,-1
490,31,389,119,18,12,-1,-1,-1
490,32,356,119,19,14,-1,-1,-1
490,33,453,109,18,13,-1,-1,-1
491,31,387,119,18,12,-1,-1,-1
491,32,350,120,20,14,-1,-1,-1
491,33,448,109,19,13,-1,-1,-1
492,32,346,121,20,14,-1,-1,-1
492,33,444,109,19,14,-1,-1,-1
493,32,344,121,21,14,-1,-1,-1
493,33,440,110,19,14,-1,-1,-1
493,34,359,124,21,13,-1,-1,-1
494,33,436,110,20,15,-1,-1,-1
494,34,357,124,21,13,-1,-1,-1
495,33,433,110,20,15,-1,-1,-1
495,34,356,125,21,13,-1,-1,-1
496,33,431,110,20,15,-1,-1,-1
496,35,299,127,25,16,-1,-1,-1
497,35,293,127,26,16,-1,-1,-1
498,35,288,128,26,16,-1,-1,-1
498,36,51,160,56,33,-1,-1,-1
499,35,285,128,26,16,-1,-1,-1
499,36,35,162,55,34,-1,-1,-1
500,35,282,129,26,16,-1,-1,-1
500,36,30,162,54,34,-1,-1,-1
501,36,24,164,54,33,-1,-1,-1
501,37,391,116,23,16,-1,-1,-1
502,37,385,116,23,16,-1,-1,-1
503,37,381,116,23,16,-1,-1,-1
503,42,492,97,21,13,-1,-1,-1
504,37,375,117,24,16,-1,-1,-1
504,42,490,97,22,14,-1,-1,-1
505,37,369,118,24,16,-1,-1,-1
505,42,488,98,23,14,-1,-1,-1
506,37,363,119,24,16,-1,-1,-1
506,42,486,98,23,14,-1,-1,-1
507,37,355,120,24,16,-1,-1,-1
507,42,483,98,23,14,-1,-1,-1
508,37,347,122,25,16,-1,-1,-1
508,42,480,99,23,14,-1,-1,-1
509,37,339,123,25,17,-1,-1,-1
509,42,478,99,22,14,-1,-1,-1
510,37,335,124,25,17,-1,-1,-1
510,42,476,100,22,13,-1,-1,-1
511,37,332,125,24,17,-1,-1,-1
511,42,474,101,22,13,-1,-1,-1
512,42,472,101,23,13,-1,-1,-1
513,42,469,101,24,13,-1,-1,-1
514,42,467,102,24,13,-1,-1,-1
515,42,464,102,24,13,-1,-1,-1
516,42,460,102,24,13,-1,-1,-1
517,42,456,102,24,14,-1,-1,-1
518,42,452,102,24,14,-1,-1,-1
519,42,448,102,25,15,-1,-1,-1
520,42,445,102,27,16,-1,-1,-1
521,42,442,102,29,17,-1,-1,-1
522,42,440,102,30,17,-1,-1,-1
523,42,438,103,30,17,-1,-1,-1
524,42,434,104,30,16,-1,-1,-1
525,42,430,105,29,16,-1,-1,-1
526,42,425,105,29,16,-1,-1,-1
527,42,420,106,28,16,-1,-1,-1
528,42,415,106,27,17,-1,-1,-1
529,42,411,106,28,18,-1,-1,-1
530,42,407,106,31,19,-1,-1,-1
531,42,404,107,35,19,-1,-1,-1
532,42,399,107,37,19,-1,-1,-1
533,42,394,108,39,19,-1,-1,-1
534,42,389,108,40,19,-1,-1,-1
535,38,510,100,17,12,-1,-1,-1
535,42,384,109,42,20,-1,-1,-1
536,38,508,100,17,12,-1,-1,-1
536,42,378,109,43,20,-1,-1,-1
537,38,507,100,18,12,-1,-1,-1
537,42,371,110,45,21,-1,-1,-1
538,38,505,100,18,12,-1,-1,-1
538,39,474,96,29,17,-1,-1,-1
538,42,364,111,47,21,-1,-1,-1
539,38,503,100,19,12,-1,-1,-1
539,39,472,96,29,17,-1,-1,-1
539,42,358,111,49,22,-1,-1,-1
540,38,500,100,19,13,-1,-1,-1
540,39,471,96,29,17,-1,-1,-1
540,42,351,112,51,23,-1,-1,-1
541,38,497,100,19,13,-1,-1,-1
541,39,470,96,29,17,-1,-1,-1
541,42,344,113,52,23,-1,-1,-1
542,38,495,101,18,13,-1,-1,-1
542,42,337,113,54,24,-1,-1,-1
543,38,492,101,18,13,-1,-1,-1
543,42,330,114,56,24,-1,-1,-1
544,38,490,101,19,13,-1,-1,-1
544,42,324,114,58,25,-1,-1,-1
545,38,489,102,20,13,-1,-1,-1
545,42,317,115,60,26,-1,-1,-1
546,38,488,102,20,13,-1,-1,-1
546,42,309,115,59,27,-1,-1,-1
547,42,300,115,59,27,-1,-1,-1
548,42,292,115,60,28,-1,-1,-1
549,40,439,97,38,20,-1,-1,-1
549,42,284,116,57,28,-1,-1,-1
550,40,435,97,40,20,-1,-1,-1
550,42,276,117,54,28,-1,-1,-1
551,40,435,97,39,20,-1,-1,-1
551,42,266,120,47,27,-1,-1,-1
552,40,434,97,40,21,-1,-1,-1
552,42,256,121,44,27,-1,-1,-1
553,42,245,123,40,27,-1,-1,-1
554,42,234,124,39,28,-1,-1,-1
555,42,222,125,38,29,-1,-1,-1
556,41,25,258,122,90,-1,-1,-1
556,42,209,126,37,30,-1,-1,-1
557,41,45,247,127,89,-1,-1,-1
557,42,197,127,37,32,-1,-1,-1
558,41,66,238,125,87,-1,-1,-1
558,42,184,128,39,33,-1,-1,-1
559,41,96,227,121,85,-1,-1,-1
559,42,171,130,42,34,-1,-1,-1
560,41,127,217,115,83,-1,-1,-1
560,42,157,131,46,35,-1,-1,-1
561,41,159,207,108,80,-1,-1,-1
561,42,140,133,49,36,-1,-1,-1
562,41,190,199,101,77,-1,-1,-1
562,42,122,135,51,37,-1,-1,-1
563,41,214,191,95,74,-1,-1,-1
563,42,103,137,52,38,-1,-1,-1
564,41,239,186,89,69,-1,-1,-1
564,42,85,139,51,39,-1,-1,-1
565,41,262,180,84,65,-1,-1,-1
565,42,66,142,51,40,-1,-1,-1
566,41,284,175,79,61,-1,-1,-1
566,42,49,144,51,40,-1,-1,-1
567,41,303,170,75,58,-1,-1,-1
567,42,33,146,50,41,-1,-1,-1
568,41,322,165,71,55,-1,-1,-1
568,42,25,146,50,42,-1,-1,-1
568,46,338,104,67,32,-1,-1,-1
569,41,340,161,67,52,-1,-1,-1
569,42,20,147,49,42,-1,-1,-1
569,46,334,105,66,33,-1,-1,-1
570,41,355,158,63,49,-1,-1,-1
570,46,331,105,66,33,-1,-1,-1
571,41,369,156,60,46,-1,-1,-1
571,43,445,111,20,11,-1,-1,-1
571,46,326,106,66,33,-1,-1,-1
572,41,381,153,58,44,-1,-1,-1
572,43,443,111,21,11,-1,-1,-1
572,44,366,114,42,19,-1,-1,-1
572,46,323,107,67,32,-1,-1,-1
572,53,477,105,18,11,-1,-1,-1
573,41,394,150,55,42,-1,-1,-1
573,43,441,112,21,11,-1,-1,-1
573,44,364,114,42,19,-1,-1,-1
573,46,319,108,67,32,-1,-1,-1
573,53,475,105,18,10,-1,-1,-1
574,41,405,148,53,40,-1,-1,-1
574,43,438,112,22,11,-1,-1,-1
574,44,363,115,42,19,-1,-1,-1
574,46,316,109,66,32,-1,-1,-1
574,53,473,105,19,10,-1,-1,-1
575,41,415,146,51,38,-1,-1,-1
575,43,434,113,22,11,-1,-1,-1
575,45,287,108,65,32,-1,-1,-1
575,46,312,110,66,32,-1,-1,-1
575,53,471,106,19,10,-1,-1,-1
576,41,426,143,47,36,-1,-1,-1
576,43,429,113,22,11,-1,-1,-1
576,45,283,108,64,33,-1,-1,-1
576,46,309,111,65,32,-1,-1,-1
576,53,469,106,19,10,-1,-1,-1
577,41,435,141,44,35,-1,-1,-1
577,43,425,113,22,12,-1,-1,-1
577,45,279,108,65,34,-1,-1,-1
577,46,305,112,65,32,-1,-1,-1
577,53,466,106,19,10,-1,-1,-1
578,41,444,139,41,34,-1,-1,-1
578,43,421,114,22,12,-1,-1,-1
578,45,272,109,65,34,-1,-1,-1
578,46,302,113,64,33,-1,-1,-1
578,53,463,107,19,11,-1,-1,-1
579,41,452,137,38,33,-1,-1,-1
579,43,416,115,21,12,-1,-1,-1
579,45,265,110,65,34,-1,-1,-1
579,46,298,114,64,33,-1,-1,-1
579,53,461,107,19,11,-1,-1,-1
580,41,461,135,36,33,-1,-1,-1
580,43,412,116,20,13,-1,-1,-1
580,45,260,111,65,34,-1,-1,-1
580,46,295,115,63,33,-1,-1,-1
580,53,458,107,19,11,-1,-1,-1
581,41,469,134,34,31,-1,-1,-1
581,43,408,116,20,13,-1,-1,-1
581,45,258,111,64,34,-1,-1,-1
581,46,291,116,63,33,-1,-1,-1
581,53,455,108,19,11,-1,-1,-1
582,41,476,132,33,30,-1,-1,-1
582,43,403,117,20,13,-1,-1,-1
582,46,288,117,62,33,-1,-1,-1
582,53,453,109,18,12,-1,-1,-1
583,41,482,131,32,29,-1,-1,-1
583,43,398,118,19,13,-1,-1,-1
583,46,283,118,62,33,-1,-1,-1
583,53,450,109,18,12,-1,-1,-1
584,41,489,129,31,28,-1,-1,-1
584,43,392,118,19,14,-1,-1,-1
584,46,277,119,61,33,-1,-1,-1
584,53,448,109,18,12,-1,-1,-1
585,41,494,128,31,28,-1,-1,-1
585,43,389,118,19,14,-1,-1,-1
585,46,274,120,61,33,-1,-1,-1
585,53,446,110,18,12,-1,-1,-1
586,41,499,127,30,26,-1,-1,-1
586,43,388,118,19,14,-1,-1,-1
586,46,272,120,61,33,-1,-1,-1
586,53,443,110,18,13,-1,-1,-1
587,41,504,125,29,26,-1,-1,-1
587,53,440,111,18,13,-1,-1,-1
588,41,509,124,29,26,-1,-1,-1
588,53,437,111,18,13,-1,-1,-1
589,41,513,123,28,25,-1,-1,-1
589,47,356,126,21,13,-1,-1,-1
589,53,434,111,18,13,-1,-1,-1
590,41,518,121,28,25,-1,-1,-1
590,47,351,126,21,13,-1,-1,-1
590,53,431,112,19,14,-1,-1,-1
591,41,522,120,27,24,-1,-1,-1
591,47,346,127,21,14,-1,-1,-1
591,53,428,113,19,14,-1,-1,-1
592,41,525,119,27,23,-1,-1,-1
592,47,343,127,22,14,-1,-1,-1
592,53,425,113,19,14,-1,-1,-1
593,41,529,119,26,23,-1,-1,-1
593,47,341,127,22,14,-1,-1,-1
593,48,139,136,55,39,-1,-1,-1
593,53,421,114,19,13,-1,-1,-1
594,41,532,118,25,22,-1,-1,-1
594,48,126,135,67,42,-1,-1,-1
594,53,418,115,19,13,-1,-1,-1
595,41,536,118,24,21,-1,-1,-1
595,48,123,135,71,44,-1,-1,-1
595,53,414,116,20,13,-1,-1,-1
596,41,539,117,24,20,-1,-1,-1
596,48,118,134,75,44,-1,-1,-1
596,53,410,116,19,13,-1,-1,-1
597,41,543,117,24,19,-1,-1,-1
597,53,406,117,20,14,-1,-1,-1
598,41,546,116,24,19,-1,-1,-1
598,53,402,117,20,14,-1,-1,-1
599,41,549,116,24,18,-1,-1,-1
599,49,181,153,22,14,-1,-1,-1
599,53,398,118,20,14,-1,-1,-1
600,41,550,116,24,18,-1,-1,-1
600,49,181,153,22,14,-1,-1,-1
600,53,394,118,21,14,-1,-1,-1
601,41,551,116,24,18,-1,-1,-1
601,49,181,153,22,14,-1,-1,-1
601,53,391,118,21,14,-1,-1,-1
602,53,387,119,21,14,-1,-1,-1
603,50,12,153,52,46,-1,-1,-1
603,51,561,114,25,18,-1,-1,-1
603,53,383,120,21,14,-1,-1,-1
604,50,10,155,48,44,-1,-1,-1
604,51,562,113,25,18,-1,-1,-1
604,53,378,121,21,14,-1,-1,-1
605,50,10,155,46,43,-1,-1,-1
605,51,564,112,24,18,-1,-1,-1
605,53,373,122,22,15,-1,-1,-1
606,51,565,112,24,18,-1,-1,-1
606,53,368,123,23,15,-1,-1,-1
607,51,568,111,23,17,-1,-1,-1
607,53,363,124,24,15,-1,-1,-1
608,51,570,110,22,17,-1,-1,-1
608,52,461,150,26,19,-1,-1,-1
608,53,358,125,23,15,-1,-1,-1
609,51,572,109,21,17,-1,-1,-1
609,52,465,148,26,19,-1,-1,-1
609,53,354,126,23,15,-1,-1,-1
610,51,574,109,21,17,-1,-1,-1
610,52,470,146,26,19,-1,-1,-1
610,53,348,127,24,15,-1,-1,-1
611,51,576,108,20,17,-1,-1,-1
611,52,475,144,25,19,-1,-1,-1
611,53,343,127,25,15,-1,-1,-1
612,51,578,108,20,17,-1,-1,-1
612,52,482,142,24,19,-1,-1,-1
612,53,337,128,25,15,-1,-1,-1
613,51,580,107,20,16,-1,-1,-1
613,52,488,140,24,18,-1,-1,-1
613,53,332,129,25,16,-1,-1,-1
614,51,581,107,19,16,-1,-1,-1
614,52,495,139,22,18,-1,-1,-1
614,53,326,130,25,16,-1,-1,-1
615,51,583,107,19,16,-1,-1,-1
615,52,500,137,22,17,-1,-1,-1
615,53,321,131,25,16,-1,-1,-1
616,51,584,106,20,16,-1,-1,-1
616,52,505,136,21,17,-1,-1,-1
616,53,314,132,25,16,-1,-1,-1
617,51,584,106,20,16,-1,-1,-1
617,52,510,134,21,17,-1,-1,-1
617,53,308,133,25,16,-1,-1,-1
618,52,515,132,22,17,-1,-1,-1
618,53,302,134,26,16,-1,-1,-1
619,52,517,132,22,17,-1,-1,-1
619,53,295,135,27,17,-1,-1,-1
620,52,518,131,22,17,-1,-1,-1
620,53,288,135,27,17,-1,-1,-1
621,53,282,136,28,18,-1,-1,-1
622,53,275,137,28,18,-1,-1,-1
623,53,268,138,29,19,-1,-1,-1
624,53,261,139,30,19,-1,-1,-1
625,53,253,140,31,20,-1,-1,-1
626,53,247,141,31,21,-1,-1,-1
627,53,239,142,32,21,-1,-1,-1
628,53,230,143,32,22,-1,-1,-1
629,53,222,145,33,22,-1,-1,-1
630,53,211,146,36,23,-1,-1,-1
631,53,202,147,38,23,-1,-1,-1
632,53,192,148,39,23,-1,-1,-1
633,53,186,149,38,24,-1,-1,-1
634,53,177,151,37,24,-1,-1,-1
635,53,169,152,38,25,-1,-1,-1
636,53,160,153,39,25,-1,-1,-1
637,53,151,154,41,25,-1,-1,-1
638,53,142,156,42,25,-1,-1,-1
639,53,132,157,44,25,-1,-1,-1
639,54,580,112,17,14,-1,-1,-1
640,53,124,159,44,25,-1,-1,-1
640,54,580,112,17,14,-1,-1,-1
641,53,114,160,44,25,-1,-1,-1
641,54,580,112,17,14,-1,-1,-1
642,53,106,162,45,26,-1,-1,-1
643,53,96,163,46,27,-1,-1,-1
644,53,88,164,46,28,-1,-1,-1
645,53,79,166,47,28,-1,-1,-1
646,53,71,167,48,29,-1,-1,-1
647,53,63,168,48,30,-1,-1,-1
648,53,55,168,49,31,-1,-1,-1
649,53,48,170,49,32,-1,-1,-1
650,53,40,171,49,33,-1,-1,-1
651,53,32,173,48,33,-1,-1,-1
652,53,25,174,48,35,-1,-1,-1
653,53,19,176,48,36,-1,-1,-1
654,53,15,178,46,36,-1,-1,-1
655,53,11,180,43,35,-1,-1,-1
656,53,9,182,38,35,-1,-1,-1
657,53,7,183,35,35,-1,-1,-1
658,53,7,184,33,34,-1,-1,-1
659,53,6,185,32,34,-1,-1,-1
679,55,352,193,29,24,-1,-1,-1
680,55,353,192,29,24,-1,-1,-1
681,55,354,192,29,24,-1,-1,-1
685,57,479,105,16,11,-1,-1,-1
686,57,476,105,16,11,-1,-1,-1
687,57,475,105,16,11,-1,-1,-1
688,57,474,105,16,11,-1,-1,-1
691,56,5,301,43,43,-1,-1,-1
692,56,6,300,51,49,-1,-1,-1
693,56,8,299,56,53,-1,-1,-1
693,59,454,108,16,12,-1,-1,-1
694,56,10,297,66,60,-1,-1,-1
694,59,451,108,17,12,-1,-1,-1
695,56,15,299,74,65,-1,-1,-1
695,59,448,108,17,12,-1,-1,-1
696,56,21,300,82,69,-1,-1,-1
696,59,445,108,18,12,-1,-1,-1
697,56,30,305,88,69,-1,-1,-1
697,58,504,139,18,16,-1,-1,-1
697,59,441,108,18,13,-1,-1,-1
698,56,41,309,92,69,-1,-1,-1
698,58,506,139,18,16,-1,-1,-1
698,59,438,109,18,13,-1,-1,-1
699,56,55,315,96,68,-1,-1,-1
699,58,506,138,18,16,-1,-1,-1
699,59,434,109,18,13,-1,-1,-1
700,56,67,320,100,68,-1,-1,-1
700,59,430,110,18,13,-1,-1,-1
701,56,82,325,105,68,-1,-1,-1
701,59,426,111,18,13,-1,-1,-1
702,56,98,329,110,67,-1,-1,-1
702,59,422,111,18,13,-1,-1,-1
703,56,115,333,114,65,-1,-1,-1
703,59,418,112,18,13,-1,-1,-1
704,56,124,335,116,65,-1,-1,-1
704,59,413,112,17,13,-1,-1,-1
705,56,129,337,118,64,-1,-1,-1
705,59,408,113,18,13,-1,-1,-1
706,59,403,114,18,13,-1,-1,-1
707,59,398,114,19,13,-1,-1,-1
708,59,392,115,20,13,-1,-1,-1
709,59,385,115,21,14,-1,-1,-1
710,59,379,116,21,14,-1,-1,-1
711,59,373,117,22,14,-1,-1,-1
712,59,368,117,21,14,-1,-1,-1
713,59,361,119,22,14,-1,-1,-1
714,59,354,120,21,14,-1,-1,-1
715,59,348,122,22,14,-1,-1,-1
716,59,341,123,22,14,-1,-1,-1
717,59,333,124,22,15,-1,-1,-1
718,59,325,125,23,15,-1,-1,-1
719,59,316,126,23,15,-1,-1,-1
720,59,307,127,24,16,-1,-1,-1
721,59,299,128,24,16,-1,-1,-1
722,59,290,129,24,16,-1,-1,-1
723,59,281,130,24,16,-1,-1,-1
724,59,271,131,24,17,-1,-1,-1
725,59,260,133,25,17,-1,-1,-1
725,60,481,104,16,12,-1,-1,-1
726,59,250,135,25,17,-1,-1,-1
726,60,479,104,15,12,-1,-1,-1
727,59,244,136,25,17,-1,-1,-1
727,60,477,104,16,12,-1,-1,-1
728,59,240,136,25,17,-1,-1,-1
728,60,474,104,16,12,-1,-1,-1
729,60,471,104,16,12,-1,-1,-1
730,60,468,104,16,12,-1,-1,-1
731,60,465,104,16,12,-1,-1,-1
732,60,462,105,16,12,-1,-1,-1
733,60,458,106,16,12,-1,-1,-1
734,60,454,106,16,12,-1,-1,-1
735,60,451,107,17,13,-1,-1,-1
736,60,447,107,18,13,-1,-1,-1
737,60,444,108,18,13,-1,-1,-1
738,60,440,108,18,14,-1,-1,-1
739,60,436,109,19,14,-1,-1,-1
740,60,432,109,19,14,-1,-1,-1
741,60,428,110,19,14,-1,-1,-1
742,60,423,110,19,14,-1,-1,-1
743,60,418,111,19,14,-1,-1,-1
744,60,413,111,20,14,-1,-1,-1
745,60,407,112,20,14,-1,-1,-1
746,60,402,113,21,14,-1,-1,-1
747,60,397,114,21,14,-1,-1,-1
748,60,391,114,22,14,-1,-1,-1
749,60,386,115,22,14,-1,-1,-1
750,60,380,115,22,15,-1,-1,-1
751,60,374,116,22,15,-1,-1,-1
752,60,368,117,22,15,-1,-1,-1
753,60,361,118,22,15,-1,-1,-1
754,60,355,119,22,15,-1,-1,-1
755,60,348,120,23,15,-1,-1,-1
756,60,340,121,25,15,-1,-1,-1
757,60,332,123,26,15,-1,-1,-1
758,60,323,124,26,15,-1,-1,-1
759,60,314,125,27,16,-1,-1,-1
760,60,306,126,27,16,-1,-1,-1
761,60,297,127,28,17,-1,-1,-1
762,60,289,128,28,17,-1,-1,-1
763,60,285,128,28,17,-1,-1,-1
764,60,282,128,28,17,-1,-1,-1
769,61,198,139,35,22,-1,-1,-1
770,61,194,139,36,22,-1,-1,-1
771,61,192,140,36,23,-1,-1,-1
775,62,462,105,17,12,-1,-1,-1
776,62,460,105,17,12,-1,-1,-1
777,62,458,106,17,12,-1,-1,-1
778,62,455,106,17,12,-1,-1,-1
779,62,452,107,18,12,-1,-1,-1
780,62,448,107,18,12,-1,-1,-1
781,62,445,107,18,12,-1,-1,-1
782,62,441,108,19,13,-1,-1,-1
783,62,437,108,19,13,-1,-1,-1
784,62,434,109,19,13,-1,-1,-1
785,62,430,110,19,13,-1,-1,-1
786,62,429,110,19,13,-1,-1,-1
787,62,428,110,19,13,-1,-1,-1
789,63,408,112,21,14,-1,-1,-1
790,63,404,113,21,14,-1,-1,-1
791,63,401,113,20,14,-1,-1,-1
792,63,397,114,20,13,-1,-1,-1
793,63,392,115,19,13,-1,-1,-1
794,63,387,116,20,13,-1,-1,-1
795,63,382,116,20,13,-1,-1,-1
796,63,377,117,21,13,-1,-1,-1
797,63,374,117,21,14,-1,-1,-1
798,63,373,117,21,14,-1,-1,-1
803,64,322,125,25,15,-1,-1,-1
804,64,316,126,25,15,-1,-1,-1
805,64,310,126,25,15,-1,-1,-1
805,65,480,146,20,16,-1,-1,-1
806,64,303,127,25,15,-1,-1,-1
806,65,485,144,20,16,-1,-1,-1
807,64,295,128,25,15,-1,-1,-1
807,65,489,142,20,16,-1,-1,-1
808,64,287,129,25,15,-1,-1,-1
808,65,494,141,20,15,-1,-1,-1
809,64,283,130,25,15,-1,-1,-1
809,65,500,139,19,15,-1,-1,-1
810,64,280,130,25,16,-1,-1,-1
810,65,502,138,19,15,-1,-1,-1
811,65,504,138,19,15,-1,-1,-1
817,66,446,112,19,12,-1,-1,-1
818,66,443,112,19,12,-1,-1,-1
819,66,440,112,19,13,-1,-1,-1
820,66,436,112,19,13,-1,-1,-1
821,66,433,113,19,13,-1,-1,-1
822,66,428,114,19,13,-1,-1,-1
823,66,424,115,18,13,-1,-1,-1
824,66,419,116,18,12,-1,-1,-1
825,66,414,116,18,13,-1,-1,-1
826,66,408,117,18,12,-1,-1,-1
827,66,403,118,17,12,-1,-1,-1
828,66,398,118,18,12,-1,-1,-1
829,66,392,119,18,12,-1,-1,-1
830,66,386,119,19,13,-1,-1,-1
831,66,379,120,19,13,-1,-1,-1
832,66,373,121,19,13,-1,-1,-1
833,66,367,122,20,13,-1,-1,-1
834,66,359,124,20,13,-1,-1,-1
835,66,352,125,21,13,-1,-1,-1
836,66,348,125,21,13,-1,-1,-1
837,66,346,126,22,14,-1,-1,-1
856,67,476,146,21,17,-1,-1,-1
857,67,481,145,20,16,-1,-1,-1
858,67,485,144,19,16,-1,-1,-1
859,67,490,143,19,15,-1,-1,-1
860,67,495,141,18,15,-1,-1,-1
861,67,500,139,18,15,-1,-1,-1
862,67,505,138,18,14,-1,-1,-1
863,67,510,136,18,14,-1,-1,-1
864,67,515,134,18,14,-1,-1,-1
865,67,519,133,18,14,-1,-1,-1
866,67,523,131,17,14,-1,-1,-1
867,67,527,130,17,14,-1,-1,-1
868,67,531,129,18,13,-1,-1,-1
869,67,534,128,18,13,-1,-1,-1
870,67,536,127,18,13,-1,-1,-1
871,67,537,127,18,13,-1,-1,-1
874,69,478,104,16,12,-1,-1,-1
875,69,475,104,16,12,-1,-1,-1
876,69,473,105,16,12,-1,-1,-1
877,69,469,105,16,12,-1,-1,-1
878,68,564,119,18,13,-1,-1,-1
878,69,465,106,16,12,-1,-1,-1
878,70,493,102,15,10,-1,-1,-1
879,68,565,118,18,13,-1,-1,-1
879,69,460,106,16,12,-1,-1,-1
879,70,491,102,15,10,-1,-1,-1
880,68,567,118,18,13,-1,-1,-1
880,69,456,107,16,12,-1,-1,-1
880,70,489,102,15,10,-1,-1,-1
881,68,568,117,17,13,-1,-1,-1
881,69,451,108,16,12,-1,-1,-1
881,70,486,103,15,10,-1,-1,-1
882,68,569,117,17,13,-1,-1,-1
882,69,447,109,16,13,-1,-1,-1
882,70,484,103,15,10,-1,-1,-1
883,69,443,109,17,13,-1,-1,-1
883,70,481,103,16,11,-1,-1,-1
884,69,438,110,17,13,-1,-1,-1
884,70,478,104,16,11,-1,-1,-1
885,69,434,110,17,13,-1,-1,-1
885,70,475,104,16,11,-1,-1,-1
886,69,429,111,17,14,-1,-1,-1
886,70,472,104,16,11,-1,-1,-1
887,69,424,111,18,14,-1,-1,-1
887,70,469,104,16,12,-1,-1,-1
888,69,419,111,18,14,-1,-1,-1
888,70,466,104,16,12,-1,-1,-1
889,69,413,112,19,14,-1,-1,-1
889,70,462,105,16,12,-1,-1,-1
890,69,407,112,19,14,-1,-1,-1
890,70,459,106,16,11,-1,-1,-1
891,69,402,113,20,14,-1,-1,-1
891,70,455,107,16,11,-1,-1,-1
892,69,396,114,20,14,-1,-1,-1
892,70,452,107,16,11,-1,-1,-1
893,69,390,115,20,14,-1,-1,-1
893,70,448,107,16,11,-1,-1,-1
894,69,384,115,21,14,-1,-1,-1
894,70,445,108,17,11,-1,-1,-1
895,69,378,116,21,15,-1,-1,-1
895,70,441,108,17,11,-1,-1,-1
896,69,372,117,21,15,-1,-1,-1
896,70,437,109,17,12,-1,-1,-1
897,69,365,117,21,15,-1,-1,-1
897,70,433,109,17,12,-1,-1,-1
897,72,211,211,119,61,-1,-1,-1
898,69,362,118,21,15,-1,-1,-1
898,70,429,109,18,12,-1,-1,-1
898,72,229,207,111,58,-1,-1,-1
899,69,360,118,21,15,-1,-1,-1
899,70,425,110,18,13,-1,-1,-1
899,72,243,205,103,55,-1,-1,-1
900,70,420,111,18,13,-1,-1,-1
900,72,264,200,92,51,-1,-1,-1
901,70,416,111,18,13,-1,-1,-1
901,72,282,196,85,48,-1,-1,-1
902,70,411,112,19,13,-1,-1,-1
902,72,302,190,80,46,-1,-1,-1
903,70,405,113,20,13,-1,-1,-1
903,72,320,184,74,45,-1,-1,-1
904,70,400,113,22,13,-1,-1,-1
904,72,336,179,68,44,-1,-1,-1
905,70,394,113,23,14,-1,-1,-1
905,72,350,174,65,43,-1,-1,-1
906,70,388,114,24,14,-1,-1,-1
906,72,363,170,63,41,-1,-1,-1
907,70,383,114,25,15,-1,-1,-1
907,72,376,166,61,39,-1,-1,-1
908,70,378,115,25,15,-1,-1,-1
908,72,388,163,58,38,-1,-1,-1
909,70,373,116,24,15,-1,-1,-1
909,72,400,160,55,36,-1,-1,-1
910,70,367,117,23,14,-1,-1,-1
910,72,411,157,52,34,-1,-1,-1
911,70,361,118,21,14,-1,-1,-1
911,72,422,154,50,33,-1,-1,-1
912,70,358,118,21,14,-1,-1,-1
912,72,431,151,47,32,-1,-1,-1
913,70,356,118,21,14,-1,-1,-1
913,72,440,148,45,32,-1,-1,-1
914,72,448,146,42,31,-1,-1,-1
915,72,455,145,41,29,-1,-1,-1
916,72,463,143,39,28,-1,-1,-1
917,72,470,141,37,27,-1,-1,-1
918,72,476,139,35,26,-1,-1,-1
919,71,292,128,25,17,-1,-1,-1
919,72,482,137,33,25,-1,-1,-1
920,71,285,128,25,17,-1,-1,-1
920,72,488,136,32,24,-1,-1,-1
921,71,280,129,25,17,-1,-1,-1
921,72,493,134,31,24,-1,-1,-1
922,71,271,130,26,17,-1,-1,-1
922,72,499,133,30,23,-1,-1,-1
923,71,263,131,25,17,-1,-1,-1
923,72,503,131,29,22,-1,-1,-1
924,71,253,132,26,18,-1,-1,-1
924,72,508,130,28,22,-1,-1,-1
925,71,243,134,26,18,-1,-1,-1
925,72,513,129,28,21,-1,-1,-1
926,71,232,136,27,19,-1,-1,-1
926,72,515,128,27,20,-1,-1,-1
927,71,219,137,28,19,-1,-1,-1
927,72,516,128,27,20,-1,-1,-1
928,71,206,139,29,20,-1,-1,-1
928,73,445,156,26,18,-1,-1,-1
929,71,198,140,30,21,-1,-1,-1
929,73,450,154,25,18,-1,-1,-1
930,71,193,140,30,21,-1,-1,-1
930,73,455,153,25,18,-1,-1,-1
931,73,460,151,24,17,-1,-1,-1
932,73,466,150,23,16,-1,-1,-1
933,73,472,148,22,16,-1,-1,-1
934,73,478,146,21,16,-1,-1,-1
935,73,485,144,20,16,-1,-1,-1
936,73,490,142,20,16,-1,-1,-1
937,73,495,141,20,16,-1,-1,-1
938,73,500,140,20,16,-1,-1,-1
939,73,505,139,19,16,-1,-1,-1
940,73,510,137,19,15,-1,-1,-1
941,73,514,136,19,15,-1,-1,-1
942,73,518,134,19,15,-1,-1,-1
943,73,522,133,19,15,-1,-1,-1
944,73,525,132,19,14,-1,-1,-1
945,73,529,131,19,14,-1,-1,-1
945,74,532,129,21,14,-1,-1,-1
946,73,532,130,19,14,-1,-1,-1
946,74,535,128,21,14,-1,-1,-1
947,73,535,129,19,14,-1,-1,-1
947,74,535,128,20,14,-1,-1,-1
948,73,538,128,19,14,-1,-1,-1
948,74,536,128,20,14,-1,-1,-1
949,73,541,127,19,14,-1,-1,-1
950,73,544,126,19,14,-1,-1,-1
951,73,547,125,19,14,-1,-1,-1
952,73,550,124,18,13,-1,-1,-1
953,73,551,124,18,13,-1,-1,-1
954,73,552,124,18,13,-1,-1,-1
982,75,429,153,23,17,-1,-1,-1
983,75,435,151,22,16,-1,-1,-1
984,75,437,151,22,16,-1,-1,-1
985,75,440,150,22,16,-1,-1,-1
994,76,504,130,18,15,-1,-1,-1
995,76,506,129,18,15,-1,-1,-1
996,76,509,129,18,14,-1,-1,-1
997,76,513,128,17,13,-1,-1,-1
998,76,516,127,16,13,-1,-1,-1
999,76,518,127,16,12,-1,-1,-1
999,77,259,215,62,41,-1,-1,-1
1000,76,519,127,16,12,-1,-1,-1
1000,77,276,210,58,39,-1,-1,-1
1001,77,289,206,56,37,-1,-1,-1
1002,77,306,201,51,34,-1,-1,-1
1003,77,322,196,48,32,-1,-1,-1
1004,77,338,192,44,30,-1,-1,-1
1005,77,354,187,41,28,-1,-1,-1
1006,77,368,183,39,26,-1,-1,-1
1007,77,381,178,36,25,-1,-1,-1
1008,77,393,174,34,24,-1,-1,-1
1009,77,404,171,32,23,-1,-1,-1
1010,77,415,167,31,23,-1,-1,-1
1011,77,424,163,30,22,-1,-1,-1
1012,77,434,160,28,22,-1,-1,-1
1013,77,443,157,26,20,-1,-1,-1
1014,77,451,154,25,20,-1,-1,-1
1015,77,458,152,25,19,-1,-1,-1
1016,77,464,150,24,18,-1,-1,-1
1017,77,470,148,23,18,-1,-1,-1
1018,77,476,146,22,17,-1,-1,-1
1019,77,479,145,22,17,-1,-1,-1
1020,77,481,145,22,17,-1,-1,-1
1043,78,189,182,143,86,-1,-1,-1
1044,78,210,178,135,85,-1,-1,-1
1045,78,224,175,130,83,-1,-1,-1
1046,78,244,170,124,81,-1,-1,-1
1047,78,263,166,118,79,-1,-1,-1
1048,78,282,160,111,77,-1,-1,-1
1049,78,300,157,101,72,-1,-1,-1
1050,78,318,155,93,67,-1,-1,-1
1051,78,335,154,86,61,-1,-1,-1
1051,79,581,112,16,13,-1,-1,-1
1052,78,349,151,82,58,-1,-1,-1
1052,79,582,111,16,13,-1,-1,-1
1053,78,362,148,79,56,-1,-1,-1
1053,79,583,111,16,13,-1,-1,-1
1054,78,374,146,77,53,-1,-1,-1
1054,79,585,111,16,13,-1,-1,-1
1055,78,387,143,75,51,-1,-1,-1
1055,79,585,110,16,13,-1,-1,-1
1056,78,399,140,71,50,-1,-1,-1
1056,79,586,110,16,13,-1,-1,-1
1057,78,409,137,68,49,-1,-1,-1
1058,78,417,135,65,49,-1,-1,-1
1059,78,425,133,64,48,-1,-1,-1
1060,78,432,131,62,48,-1,-1,-1
1061,78,439,130,60,46,-1,-1,-1
1062,78,447,128,57,44,-1,-1,-1
1063,78,455,127,54,42,-1,-1,-1
1064,78,462,125,52,40,-1,-1,-1
1065,78,469,124,50,38,-1,-1,-1
1066,78,476,123,47,36,-1,-1,-1
1067,78,483,122,44,35,-1,-1,-1
1068,78,487,122,41,35,-1,-1,-1
1068,80,450,108,18,13,-1,-1,-1
1069,78,489,121,41,35,-1,-1,-1
1069,80,447,108,18,13,-1,-1,-1
1070,80,444,108,18,13,-1,-1,-1
1071,80,441,108,18,13,-1,-1,-1
1072,80,438,109,18,13,-1,-1,-1
1073,80,434,109,18,13,-1,-1,-1
1074,80,430,110,18,13,-1,-1,-1
1075,80,425,111,18,13,-1,-1,-1
1076,80,420,111,18,13,-1,-1,-1
1077,80,415,112,18,13,-1,-1,-1
1078,80,409,113,19,13,-1,-1,-1
1079,80,403,114,20,13,-1,-1,-1
1080,80,398,115,20,13,-1,-1,-1
1081,80,392,116,20,13,-1,-1,-1
1082,80,386,117,21,13,-1,-1,-1
1083,80,381,118,21,13,-1,-1,-1
1084,80,376,118,20,12,-1,-1,-1
1085,80,373,119,20,12,-1,-1,-1
1086,80,371,119,20,12,-1,-1,-1
1088,81,343,125,21,13,-1,-1,-1
1089,81,337,126,21,13,-1,-1,-1
1090,81,331,126,21,13,-1,-1,-1
1090,88,548,96,16,12,-1,-1,-1
1091,81,324,127,22,14,-1,-1,-1
1091,82,457,144,21,17,-1,-1,-1
1091,88,547,96,15,11,-1,-1,-1
1092,81,316,128,23,14,-1,-1,-1
1092,82,461,142,21,17,-1,-1,-1
1092,88,546,96,15,11,-1,-1,-1
1093,81,307,129,24,14,-1,-1,-1
1093,82,465,141,20,16,-1,-1,-1
1093,88,545,96,15,11,-1,-1,-1
1094,81,298,130,24,14,-1,-1,-1
1094,82,472,140,19,16,-1,-1,-1
1094,88,543,97,15,10,-1,-1,-1
1095,81,290,131,24,14,-1,-1,-1
1095,82,478,138,18,15,-1,-1,-1
1095,88,542,97,15,10,-1,-1,-1
1096,81,285,131,24,14,-1,-1,-1
1096,82,484,137,18,15,-1,-1,-1
1096,88,540,97,16,10,-1,-1,-1
1097,81,282,131,24,14,-1,-1,-1
1097,82,489,135,18,15,-1,-1,-1
1097,88,538,98,16,10,-1,-1,-1
1098,82,495,133,18,15,-1,-1,-1
1098,88,536,98,16,10,-1,-1,-1
1099,82,500,132,18,14,-1,-1,-1
1099,88,535,98,16,11,-1,-1,-1
1100,82,504,131,17,14,-1,-1,-1
1100,88,533,99,17,11,-1,-1,-1
1101,82,508,129,17,14,-1,-1,-1
1101,88,531,99,17,11,-1,-1,-1
1102,82,512,128,17,13,-1,-1,-1
1102,88,529,99,17,11,-1,-1,-1
1103,82,516,127,17,13,-1,-1,-1
1103,88,527,99,17,11,-1,-1,-1
1104,82,520,126,17,13,-1,-1,-1
1104,88,525,99,17,11,-1,-1,-1
1105,82,522,126,17,13,-1,-1,-1
1105,88,523,99,17,11,-1,-1,-1
1106,82,523,126,17,13,-1,-1,-1
1106,88,521,100,17,11,-1,-1,-1
1107,88,519,100,17,11,-1,-1,-1
1108,83,539,123,17,12,-1,-1,-1
1108,88,517,100,17,11,-1,-1,-1
1109,83,540,123,17,12,-1,-1,-1
1109,88,515,100,17,11,-1,-1,-1
1110,83,540,123,17,12,-1,-1,-1
1110,88,513,100,17,11,-1,-1,-1
1111,88,511,100,17,11,-1,-1,-1
1112,84,550,118,17,13,-1,-1,-1
1112,88,509,101,17,12,-1,-1,-1
1113,84,551,118,17,13,-1,-1,-1
1113,88,507,101,18,12,-1,-1,-1
1114,84,553,117,16,13,-1,-1,-1
1114,88,505,101,18,12,-1,-1,-1
1115,84,555,117,16,12,-1,-1,-1
1115,88,503,101,18,12,-1,-1,-1
1116,84,556,116,15,12,-1,-1,-1
1116,88,500,102,18,12,-1,-1,-1
1117,84,556,116,16,12,-1,-1,-1
1117,88,498,102,18,12,-1,-1,-1
1118,88,495,102,18,12,-1,-1,-1
1119,85,567,113,15,12,-1,-1,-1
1119,88,493,103,18,12,-1,-1,-1
1120,85,569,112,15,12,-1,-1,-1
1120,88,490,103,18,12,-1,-1,-1
1121,85,570,112,14,12,-1,-1,-1
1121,88,487,103,19,12,-1,-1,-1
1122,85,572,112,14,12,-1,-1,-1
1122,88,484,103,19,13,-1,-1,-1
1123,85,573,111,15,12,-1,-1,-1
1123,88,481,103,19,13,-1,-1,-1
1124,85,575,111,15,12,-1,-1,-1
1124,88,479,104,19,13,-1,-1,-1
1125,85,576,110,15,12,-1,-1,-1
1125,88,476,104,19,12,-1,-1,-1
1126,85,578,109,15,12,-1,-1,-1
1126,88,473,105,19,12,-1,-1,-1
1127,85,579,109,15,12,-1,-1,-1
1127,86,173,198,151,82,-1,-1,-1
1127,88,470,106,19,12,-1,-1,-1
1128,85,581,109,15,12,-1,-1,-1
1128,86,194,191,144,84,-1,-1,-1
1128,88,466,107,19,12,-1,-1,-1
1129,85,583,108,15,11,-1,-1,-1
1129,86,211,186,137,84,-1,-1,-1
1129,88,462,107,19,12,-1,-1,-1
1130,85,584,108,15,11,-1,-1,-1
1130,86,234,181,129,82,-1,-1,-1
1130,88,459,107,19,13,-1,-1,-1
1131,85,584,108,15,11,-1,-1,-1
1131,86,252,178,124,78,-1,-1,-1
1131,88,455,108,20,13,-1,-1,-1
1132,86,271,173,118,76,-1,-1,-1
1132,88,451,108,20,13,-1,-1,-1
1133,86,291,170,107,71,-1,-1,-1
1133,88,446,109,21,14,-1,-1,-1
1134,86,311,166,98,65,-1,-1,-1
1134,88,441,109,22,14,-1,-1,-1
1135,86,330,166,88,59,-1,-1,-1
1135,88,437,109,23,14,-1,-1,-1
1136,86,346,163,85,56,-1,-1,-1
1136,88,432,110,24,15,-1,-1,-1
1137,86,361,160,81,53,-1,-1,-1
1137,88,428,110,24,15,-1,-1,-1
1138,86,373,157,79,51,-1,-1,-1
1138,88,423,111,26,15,-1,-1,-1
1139,86,384,154,75,49,-1,-1,-1
1139,88,417,111,28,15,-1,-1,-1
1140,86,396,151,72,48,-1,-1,-1
1140,88,411,112,29,15,-1,-1,-1
1141,86,406,148,69,48,-1,-1,-1
1141,88,406,113,29,15,-1,-1,-1
1142,86,415,144,67,48,-1,-1,-1
1142,88,401,113,28,15,-1,-1,-1
1143,86,423,142,64,46,-1,-1,-1
1143,88,396,114,27,15,-1,-1,-1
1144,86,432,140,61,44,-1,-1,-1
1144,88,390,115,28,15,-1,-1,-1
1145,86,440,138,58,42,-1,-1,-1
1145,88,384,116,28,16,-1,-1,-1
1146,86,447,136,56,40,-1,-1,-1
1146,88,377,116,30,17,-1,-1,-1
1147,86,455,135,54,39,-1,-1,-1
1147,88,370,117,31,17,-1,-1,-1
1148,86,462,133,51,37,-1,-1,-1
1148,88,361,118,32,18,-1,-1,-1
1148,89,548,91,19,16,-1,-1,-1
1149,86,469,132,49,36,-1,-1,-1
1149,88,353,120,34,18,-1,-1,-1
1149,89,547,91,20,16,-1,-1,-1
1150,86,476,130,46,35,-1,-1,-1
1150,88,345,121,35,18,-1,-1,-1
1150,89,546,91,20,16,-1,-1,-1
1151,86,483,129,43,34,-1,-1,-1
1151,88,337,122,37,19,-1,-1,-1
1151,89,546,91,20,16,-1,-1,-1
1152,86,489,128,40,33,-1,-1,-1
1152,88,328,122,39,20,-1,-1,-1
1152,89,545,91,20,15,-1,-1,-1
1153,86,493,127,39,32,-1,-1,-1
1153,88,318,123,41,20,-1,-1,-1
1153,89,544,91,19,15,-1,-1,-1
1154,86,498,126,37,30,-1,-1,-1
1154,88,308,124,41,21,-1,-1,-1
1154,89,543,91,19,15,-1,-1,-1
1155,86,503,126,36,27,-1,-1,-1
1155,88,298,126,41,21,-1,-1,-1
1155,89,542,91,19,15,-1,-1,-1
1156,86,505,126,35,26,-1,-1,-1
1156,88,288,127,41,21,-1,-1,-1
1156,89,540,91,19,14,-1,-1,-1
1157,86,507,126,34,25,-1,-1,-1
1157,88,277,128,43,22,-1,-1,-1
1157,89,539,91,19,14,-1,-1,-1
1158,88,266,129,45,23,-1,-1,-1
1158,89,537,91,19,14,-1,-1,-1
1159,88,254,130,48,24,-1,-1,-1
1159,89,536,91,19,14,-1,-1,-1
1160,88,240,132,49,25,-1,-1,-1
1160,89,535,91,19,14,-1,-1,-1
1161,88,226,133,51,27,-1,-1,-1
1161,89,534,92,19,14,-1,-1,-1
1162,88,211,134,52,28,-1,-1,-1
1162,89,533,92,19,14,-1,-1,-1
1163,88,195,136,52,30,-1,-1,-1
1163,89,531,92,19,14,-1,-1,-1
1164,87,223,184,136,79,-1,-1,-1
1164,88,180,138,52,30,-1,-1,-1
1164,89,530,92,19,15,-1,-1,-1
1165,87,242,180,128,78,-1,-1,-1
1165,88,162,140,55,30,-1,-1,-1
1165,89,528,92,19,15,-1,-1,-1
1166,87,254,176,125,76,-1,-1,-1
1166,88,143,142,58,31,-1,-1,-1
1166,89,527,92,19,15,-1,-1,-1
1167,87,272,171,117,73,-1,-1,-1
1167,88,124,145,64,32,-1,-1,-1
1167,89,525,92,19,15,-1,-1,-1
1168,87,290,167,108,69,-1,-1,-1
1168,88,104,147,67,34,-1,-1,-1
1168,89,524,92,19,15,-1,-1,-1
1169,87,309,165,100,63,-1,-1,-1
1169,88,95,148,69,35,-1,-1,-1
1169,89,522,93,19,15,-1,-1,-1
1170,87,328,163,92,57,-1,-1,-1
1170,88,88,149,69,35,-1,-1,-1
1170,89,519,93,20,15,-1,-1,-1
1171,87,344,160,86,54,-1,-1,-1
1171,89,517,93,20,15,-1,-1,-1
1172,87,358,157,80,52,-1,-1,-1
1172,89,515,93,20,15,-1,-1,-1
1173,87,371,154,77,51,-1,-1,-1
1173,89,512,93,21,15,-1,-1,-1
1174,87,383,152,75,49,-1,-1,-1
1174,89,510,93,22,16,-1,-1,-1
1175,87,393,149,74,48,-1,-1,-1
1175,89,507,93,23,16,-1,-1,-1
1176,87,402,146,73,48,-1,-1,-1
1176,89,505,93,23,16,-1,-1,-1
1177,87,411,143,71,48,-1,-1,-1
1177,89,504,93,23,16,-1,-1,-1
1178,87,421,141,67,47,-1,-1,-1
1178,89,502,92,24,17,-1,-1,-1
1179,87,430,140,64,44,-1,-1,-1
1179,89,500,92,25,17,-1,-1,-1
1180,87,438,138,61,42,-1,-1,-1
1180,89,497,92,25,18,-1,-1,-1
1181,87,445,137,60,39,-1,-1,-1
1181,89,495,92,25,18,-1,-1,-1
1182,87,453,135,57,38,-1,-1,-1
1182,89,493,92,26,18,-1,-1,-1
1183,87,460,134,55,37,-1,-1,-1
1183,89,490,93,26,18,-1,-1,-1
1184,87,467,132,53,36,-1,-1,-1
1184,89,488,93,27,18,-1,-1,-1
1185,87,473,131,51,35,-1,-1,-1
1185,89,486,93,27,18,-1,-1,-1
1186,87,480,130,47,34,-1,-1,-1
1186,89,484,94,27,18,-1,-1,-1
1187,87,487,129,43,32,-1,-1,-1
1187,89,482,94,27,18,-1,-1,-1
1188,87,494,128,40,30,-1,-1,-1
1188,89,479,94,27,18,-1,-1,-1
1189,87,497,127,38,28,-1,-1,-1
1189,89,476,95,26,18,-1,-1,-1
1190,87,499,127,38,28,-1,-1,-1
1190,89,474,95,26,18,-1,-1,-1
1191,89,471,95,27,19,-1,-1,-1
1192,89,468,95,27,19,-1,-1,-1
1193,89,464,95,28,19,-1,-1,-1
1194,89,461,96,28,19,-1,-1,-1
1195,89,458,96,30,20,-1,-1,-1
1196,89,454,96,31,20,-1,-1,-1
1197,89,451,95,32,20,-1,-1,-1
1198,89,447,95,33,21,-1,-1,-1
1199,89,443,95,34,22,-1,-1,-1
1200,89,440,96,35,22,-1,-1,-1
1201,89,436,96,36,23,-1,-1,-1
1202,89,432,96,37,23,-1,-1,-1
1203,89,428,96,38,24,-1,-1,-1
1204,89,424,97,38,24,-1,-1,-1
1205,89,420,97,38,24,-1,-1,-1
1206,89,416,97,38,25,-1,-1,-1
1207,89,412,98,38,25,-1,-1,-1
1208,89,408,99,39,25,-1,-1,-1
1209,89,403,100,40,25,-1,-1,-1
1210,89,398,100,42,26,-1,-1,-1
1211,89,391,100,44,27,-1,-1,-1
1212,89,384,100,47,28,-1,-1,-1
1213,89,378,100,49,29,-1,-1,-1
1214,89,371,101,51,30,-1,-1,-1
1215,89,365,101,52,30,-1,-1,-1
1216,89,360,101,53,31,-1,-1,-1
1217,89,354,102,54,31,-1,-1,-1
1218,89,347,103,56,32,-1,-1,-1
1219,89,340,103,58,33,-1,-1,-1
1219,90,584,106,22,16,-1,-1,-1
1220,89,333,103,60,34,-1,-1,-1
1220,90,584,106,22,16,-1,-1,-1
1220,91,458,147,21,15,-1,-1,-1
1221,89,325,104,64,35,-1,-1,-1
1221,90,584,106,22,16,-1,-1,-1
1221,91,463,145,21,15,-1,-1,-1
1222,89,316,104,66,36,-1,-1,-1
1222,91,467,143,20,15,-1,-1,-1
1223,89,309,105,68,36,-1,-1,-1
1223,91,473,141,20,15,-1,-1,-1
1224,89,301,105,68,37,-1,-1,-1
1224,91,479,140,19,14,-1,-1,-1
1225,89,293,106,69,38,-1,-1,-1
1225,91,485,138,19,14,-1,-1,-1
1226,89,284,106,69,39,-1,-1,-1
1226,91,490,136,19,14,-1,-1,-1
1227,89,276,107,69,40,-1,-1,-1
1227,91,495,134,19,14,-1,-1,-1
1228,89,267,108,70,41,-1,-1,-1
1228,91,500,132,19,14,-1,-1,-1
1229,89,257,109,71,41,-1,-1,-1
1229,91,505,130,18,14,-1,-1,-1
1230,89,249,110,70,41,-1,-1,-1
1230,91,507,129,18,14,-1,-1,-1
1231,89,245,111,70,41,-1,-1,-1
1231,91,509,129,18,14,-1,-1,-1
1232,89,243,111,70,41,-1,-1,-1
1233,92,602,102,21,16,-1,-1,-1
1234,92,602,102,21,16,-1,-1,-1
1234,94,478,141,19,15,-1,-1,-1
1235,92,602,102,21,16,-1,-1,-1
1235,94,483,140,18,14,-1,-1,-1
1235,99,431,154,24,17,-1,-1,-1
1236,94,486,138,18,14,-1,-1,-1
1236,99,437,153,22,17,-1,-1,-1
1237,93,146,128,70,39,-1,-1,-1
1237,94,491,137,19,14,-1,-1,-1
1237,99,440,152,22,17,-1,-1,-1
1238,93,135,128,75,39,-1,-1,-1
1238,94,495,135,19,14,-1,-1,-1
1238,99,444,151,22,17,-1,-1,-1
1239,93,133,128,77,40,-1,-1,-1
1239,94,499,133,19,14,-1,-1,-1
1239,99,448,150,21,16,-1,-1,-1
1240,93,128,129,79,39,-1,-1,-1
1240,94,504,132,18,14,-1,-1,-1
1240,99,451,149,21,16,-1,-1,-1
1241,94,509,130,18,13,-1,-1,-1
1241,99,455,148,21,16,-1,-1,-1
1242,94,514,129,17,13,-1,-1,-1
1242,99,458,147,21,16,-1,-1,-1
1243,94,517,128,17,12,-1,-1,-1
1243,99,462,147,21,16,-1,-1,-1
1244,94,521,127,16,12,-1,-1,-1
1244,99,465,146,21,16,-1,-1,-1
1245,94,525,126,16,12,-1,-1,-1
1245,99,468,145,20,16,-1,-1,-1
1246,94,528,125,16,11,-1,-1,-1
1246,95,507,132,17,13,-1,-1,-1
1246,99,472,144,20,16,-1,-1,-1
1247,94,532,124,15,11,-1,-1,-1
1247,95,510,131,17,12,-1,-1,-1
1247,99,475,143,20,16,-1,-1,-1
1248,94,535,123,15,11,-1,-1,-1
1248,95,513,130,16,12,-1,-1,-1
1248,97,540,124,14,11,-1,-1,-1
1248,99,478,142,20,16,-1,-1,-1
1249,94,538,123,15,11,-1,-1,-1
1249,95,516,129,16,12,-1,-1,-1
1249,97,542,123,14,11,-1,-1,-1
1249,99,482,142,20,16,-1,-1,-1
1250,94,542,122,15,11,-1,-1,-1
1250,95,519,128,16,12,-1,-1,-1
1250,97,543,123,14,11,-1,-1,-1
1250,99,485,141,20,16,-1,-1,-1
1251,94,545,121,15,11,-1,-1,-1
1251,95,523,127,16,12,-1,-1,-1
1251,97,544,123,14,11,-1,-1,-1
1251,99,488,140,20,16,-1,-1,-1
1252,94,548,120,15,11,-1,-1,-1
1252,95,527,126,16,12,-1,-1,-1
1252,97,545,123,14,11,-1,-1,-1
1252,99,492,139,20,16,-1,-1,-1
1253,94,551,119,15,11,-1,-1,-1
1253,95,531,126,16,11,-1,-1,-1
1253,97,546,122,14,11,-1,-1,-1
1253,99,495,138,19,16,-1,-1,-1
1254,94,554,118,14,11,-1,-1,-1
1254,95,534,125,15,11,-1,-1,-1
1254,97,547,122,14,11,-1,-1,-1
1254,99,498,137,19,16,-1,-1,-1
1255,94,556,117,14,11,-1,-1,-1
1255,95,536,124,15,11,-1,-1,-1
1255,97,547,121,14,11,-1,-1,-1
1255,99,502,137,19,16,-1,-1,-1
1256,94,559,117,14,11,-1,-1,-1
1256,95,537,124,15,11,-1,-1,-1
1256,96,503,138,19,16,-1,-1,-1
1256,97,548,121,14,11,-1,-1,-1
1256,99,505,136,19,16,-1,-1,-1
1257,94,562,116,13,11,-1,-1,-1
1257,96,505,138,19,15,-1,-1,-1
1257,97,549,120,14,11,-1,-1,-1
1257,99,508,135,19,16,-1,-1,-1
1258,94,564,116,13,10,-1,-1,-1
1258,96,505,138,19,15,-1,-1,-1
1258,97,550,120,14,11,-1,-1,-1
1258,99,512,134,19,16,-1,-1,-1
1259,94,567,115,13,10,-1,-1,-1
1259,97,551,120,14,11,-1,-1,-1
1259,99,515,133,19,16,-1,-1,-1
1260,94,569,114,13,10,-1,-1,-1
1260,97,553,119,14,11,-1,-1,-1
1260,99,519,132,19,16,-1,-1,-1
1261,94,570,114,13,10,-1,-1,-1
1261,97,555,118,14,11,-1,-1,-1
1261,99,522,131,19,16,-1,-1,-1
1262,94,570,114,13,10,-1,-1,-1
1262,97,558,117,14,11,-1,-1,-1
1262,99,526,130,19,15,-1,-1,-1
1263,97,561,116,13,11,-1,-1,-1
1263,99,530,129,20,15,-1,-1,-1
1264,97,564,115,13,11,-1,-1,-1
1264,99,533,128,20,15,-1,-1,-1
1265,97,566,114,13,11,-1,-1,-1
1265,99,536,127,19,15,-1,-1,-1
1266,97,566,114,13,11,-1,-1,-1
1266,99,540,126,19,15,-1,-1,-1
1267,97,567,114,12,11,-1,-1,-1
1267,99,543,125,19,15,-1,-1,-1
1268,99,546,124,18,15,-1,-1,-1
1269,99,550,124,18,15,-1,-1,-1
1270,99,552,123,18,14,-1,-1,-1
1271,98,477,104,17,11,-1,-1,-1
1271,99,555,122,18,14,-1,-1,-1
1272,98,474,104,18,11,-1,-1,-1
1272,99,558,122,18,13,-1,-1,-1
1273,98,472,104,17,11,-1,-1,-1
1273,99,561,121,17,13,-1,-1,-1
1274,98,469,104,17,12,-1,-1,-1
1274,99,563,120,17,13,-1,-1,-1
1275,98,466,105,17,12,-1,-1,-1
1275,99,566,120,17,13,-1,-1,-1
1276,98,463,106,17,12,-1,-1,-1
1276,99,568,119,17,13,-1,-1,-1
1277,98,460,106,17,12,-1,-1,-1
1277,99,570,118,17,13,-1,-1,-1
1278,98,457,107,17,13,-1,-1,-1
1278,99,572,117,16,13,-1,-1,-1
1279,98,453,107,17,13,-1,-1,-1
1279,99,574,116,16,13,-1,-1,-1
1280,98,449,108,18,13,-1,-1,-1
1280,99,576,116,15,12,-1,-1,-1
1281,98,445,108,18,13,-1,-1,-1
1281,99,578,115,15,12,-1,-1,-1
1282,98,441,108,19,13,-1,-1,-1
1282,99,580,114,15,12,-1,-1,-1
1283,98,438,109,19,13,-1,-1,-1
1283,99,582,114,14,12,-1,-1,-1
1284,98,433,109,19,13,-1,-1,-1
1284,99,584,113,14,12,-1,-1,-1
1285,98,429,110,19,13,-1,-1,-1
1285,99,586,112,14,12,-1,-1,-1
1286,98,424,111,19,13,-1,-1,-1
1286,99,587,112,14,12,-1,-1,-1
1287,98,419,111,19,13,-1,-1,-1
1287,99,588,112,14,12,-1,-1,-1
1288,98,413,112,19,13,-1,-1,-1
1289,98,408,112,19,13,-1,-1,-1
1290,98,403,113,20,13,-1,-1,-1
1291,98,397,114,20,13,-1,-1,-1
1292,98,391,115,21,13,-1,-1,-1
1293,98,388,115,21,13,-1,-1,-1
1293,100,35,271,105,79,-1,-1,-1
1294,98,386,115,21,13,-1,-1,-1
1294,100,39,268,110,78,-1,-1,-1
1295,100,42,267,109,78,-1,-1,-1
1296,101,360,119,21,13,-1,-1,-1
1297,101,355,120,21,13,-1,-1,-1
1298,101,350,121,21,13,-1,-1,-1
1299,101,347,122,21,13,-1,-1,-1
1300,101,345,122,22,13,-1,-1,-1
1301,102,278,197,74,51,-1,-1,-1
1302,102,296,192,69,49,-1,-1,-1
1303,102,309,188,66,47,-1,-1,-1
1304,102,329,183,60,45,-1,-1,-1
1305,102,344,177,57,44,-1,-1,-1
1306,102,359,172,54,43,-1,-1,-1
1307,102,372,168,52,40,-1,-1,-1
1308,102,385,164,50,38,-1,-1,-1
1309,102,396,162,49,36,-1,-1,-1
1310,102,408,158,46,36,-1,-1,-1
1311,102,419,155,43,35,-1,-1,-1
1312,102,429,151,39,35,-1,-1,-1
1313,102,434,149,38,34,-1,-1,-1
1314,102,437,148,37,34,-1,-1,-1
1316,103,474,140,29,26,-1,-1,-1
1317,103,480,138,27,25,-1,-1,-1
1318,103,484,137,27,25,-1,-1,-1
1319,103,490,135,26,25,-1,-1,-1
1320,103,495,133,25,24,-1,-1,-1
1321,103,501,131,25,23,-1,-1,-1
1322,103,505,130,25,23,-1,-1,-1
1323,103,509,129,25,22,-1,-1,-1
1324,103,513,129,26,21,-1,-1,-1
1325,103,514,128,26,20,-1,-1,-1
1326,103,516,128,26,20,-1,-1,-1
1359,104,488,104,19,11,-1,-1,-1
1360,104,487,104,19,11,-1,-1,-1
1361,104,486,104,19,12,-1,-1,-1
1362,104,484,104,19,12,-1,-1,-1
1363,104,483,104,19,12,-1,-1,-1
1364,104,481,103,19,13,-1,-1,-1
1365,104,480,103,19,13,-1,-1,-1
1366,104,478,103,19,13,-1,-1,-1
1367,104,477,103,19,13,-1,-1,-1
1368,104,475,103,19,13,-1,-1,-1
1369,104,473,103,20,13,-1,-1,-1
1370,104,471,103,20,13,-1,-1,-1
1371,104,469,104,20,14,-1,-1,-1
1372,104,468,104,20,14,-1,-1,-1
1373,104,466,105,20,14,-1,-1,-1
1374,104,464,105,20,14,-1,-1,-1
1375,104,462,106,20,14,-1,-1,-1
1376,104,461,106,20,14,-1,-1,-1
1377,104,459,106,20,14,-1,-1,-1
1378,104,457,106,20,14,-1,-1,-1
1379,104,455,106,20,14,-1,-1,-1
1380,104,453,106,20,14,-1,-1,-1
1381,104,451,106,20,14,-1,-1,-1
1382,104,449,107,20,14,-1,-1,-1
1383,104,447,107,21,14,-1,-1,-1
1384,104,445,107,21,15,-1,-1,-1
1385,104,443,108,21,15,-1,-1,-1
1386,104,441,108,21,16,-1,-1,-1
1387,104,438,108,22,16,-1,-1,-1
1388,104,436,108,21,16,-1,-1,-1
1389,104,435,108,21,16,-1,-1,-1
1390,104,433,109,21,16,-1,-1,-1
1391,104,433,109,21,16,-1,-1,-1
1392,104,431,109,21,17,-1,-1,-1
1393,104,429,109,21,17,-1,-1,-1
1394,104,427,109,21,17,-1,-1,-1
1395,104,424,109,22,17,-1,-1,-1
1396,104,422,110,23,17,-1,-1,-1
1397,104,419,110,23,17,-1,-1,-1
1398,104,416,111,24,17,-1,-1,-1
1399,104,413,111,25,17,-1,-1,-1
1400,104,411,110,25,18,-1,-1,-1
1401,104,408,110,25,18,-1,-1,-1
1402,104,406,110,25,19,-1,-1,-1
1403,104,404,111,25,18,-1,-1,-1
1404,104,403,111,25,18,-1,-1,-1
1405,104,401,112,25,18,-1,-1,-1
1406,104,399,113,25,18,-1,-1,-1
1407,104,396,113,25,19,-1,-1,-1
1408,104,394,114,25,18,-1,-1,-1
1408,105,481,140,17,14,-1,-1,-1
1408,108,202,178,153,89,-1,-1,-1
1409,104,392,115,24,18,-1,-1,-1
1409,105,485,139,17,13,-1,-1,-1
1409,108,221,173,147,90,-1,-1,-1
1410,104,389,115,25,18,-1,-1,-1
1410,105,488,138,17,13,-1,-1,-1
1410,108,233,171,142,88,-1,-1,-1
1411,104,387,115,25,19,-1,-1,-1
1411,105,492,137,17,13,-1,-1,-1
1411,108,251,167,136,86,-1,-1,-1
1412,104,384,115,26,19,-1,-1,-1
1412,105,496,135,17,13,-1,-1,-1
1412,108,268,163,128,84,-1,-1,-1
1413,104,381,114,28,20,-1,-1,-1
1413,105,500,134,17,13,-1,-1,-1
1413,108,288,159,120,81,-1,-1,-1
1414,104,377,114,30,20,-1,-1,-1
1414,105,502,133,17,13,-1,-1,-1
1414,108,305,155,112,78,-1,-1,-1
1415,104,373,113,32,22,-1,-1,-1
1415,105,504,133,17,13,-1,-1,-1
1415,108,322,153,106,73,-1,-1,-1
1416,104,370,114,32,22,-1,-1,-1
1416,108,337,151,101,70,-1,-1,-1
1417,104,368,114,31,22,-1,-1,-1
1417,106,520,129,18,12,-1,-1,-1
1417,107,493,102,17,11,-1,-1,-1
1417,108,353,149,95,64,-1,-1,-1
1418,104,365,115,31,22,-1,-1,-1
1418,106,521,128,18,12,-1,-1,-1
1418,107,491,103,17,11,-1,-1,-1
1418,108,368,148,89,59,-1,-1,-1
1419,104,363,116,32,22,-1,-1,-1
1419,106,521,128,18,12,-1,-1,-1
1419,107,489,103,17,11,-1,-1,-1
1419,108,381,146,83,55,-1,-1,-1
1420,104,360,117,32,22,-1,-1,-1
1420,107,487,103,17,11,-1,-1,-1
1420,108,393,143,79,54,-1,-1,-1
1421,104,357,118,32,22,-1,-1,-1
1421,107,484,104,17,11,-1,-1,-1
1421,108,402,140,76,53,-1,-1,-1
1422,104,354,119,31,21,-1,-1,-1
1422,107,483,104,18,11,-1,-1,-1
1422,108,412,138,73,52,-1,-1,-1
1423,104,351,120,30,21,-1,-1,-1
1423,107,481,104,18,11,-1,-1,-1
1423,108,421,136,71,51,-1,-1,-1
1424,104,348,120,31,21,-1,-1,-1
1424,108,430,135,68,50,-1,-1,-1
1425,104,345,121,31,21,-1,-1,-1
1425,108,438,133,65,48,-1,-1,-1
1426,104,342,122,31,21,-1,-1,-1
1426,108,445,132,63,47,-1,-1,-1
1427,104,338,123,32,21,-1,-1,-1
1427,108,451,130,61,47,-1,-1,-1
1428,104,335,124,32,21,-1,-1,-1
1428,108,458,129,60,46,-1,-1,-1
1428,109,457,108,19,12,-1,-1,-1
1429,104,331,124,33,21,-1,-1,-1
1429,108,463,127,58,45,-1,-1,-1
1429,109,454,108,19,13,-1,-1,-1
1430,104,328,124,33,21,-1,-1,-1
1430,108,469,126,56,43,-1,-1,-1
1430,109,452,108,19,13,-1,-1,-1
1431,104,325,125,34,21,-1,-1,-1
1431,108,475,124,55,42,-1,-1,-1
1431,109,448,108,19,13,-1,-1,-1
1432,104,320,125,35,22,-1,-1,-1
1432,108,481,123,53,41,-1,-1,-1
1432,109,445,109,20,13,-1,-1,-1
1433,104,316,126,36,22,-1,-1,-1
1433,108,486,122,51,39,-1,-1,-1
1433,109,441,109,20,14,-1,-1,-1
1434,104,312,125,36,23,-1,-1,-1
1434,108,492,121,50,38,-1,-1,-1
1434,109,437,110,20,14,-1,-1,-1
1434,111,491,102,15,10,-1,-1,-1
1435,104,309,126,36,23,-1,-1,-1
1435,108,497,119,48,37,-1,-1,-1
1435,109,433,110,20,14,-1,-1,-1
1435,111,489,102,15,10,-1,-1,-1
1436,104,306,126,36,23,-1,-1,-1
1436,108,501,118,46,36,-1,-1,-1
1436,109,428,111,20,14,-1,-1,-1
1436,111,487,102,15,10,-1,-1,-1
1437,104,303,127,35,23,-1,-1,-1
1437,108,506,117,45,35,-1,-1,-1
1437,109,423,112,21,14,-1,-1,-1
1437,111,485,103,15,10,-1,-1,-1
1438,104,300,127,35,23,-1,-1,-1
1438,108,510,117,43,33,-1,-1,-1
1438,109,418,112,21,14,-1,-1,-1
1438,111,482,103,16,11,-1,-1,-1
1438,115,190,180,149,88,-1,-1,-1
1439,104,297,127,35,23,-1,-1,-1
1439,108,514,116,41,32,-1,-1,-1
1439,109,413,113,21,14,-1,-1,-1
1439,111,480,103,17,11,-1,-1,-1
1439,115,212,174,144,89,-1,-1,-1
1440,104,293,127,35,24,-1,-1,-1
1440,108,518,115,40,31,-1,-1,-1
1440,109,408,113,21,14,-1,-1,-1
1440,111,477,103,17,11,-1,-1,-1
1440,115,226,171,140,88,-1,-1,-1
1441,104,290,127,35,24,-1,-1,-1
1441,108,523,115,38,29,-1,-1,-1
1441,109,403,114,21,14,-1,-1,-1
1441,111,474,103,18,11,-1,-1,-1
1441,115,248,167,133,86,-1,-1,-1
1442,104,287,128,35,24,-1,-1,-1
1442,108,527,114,36,28,-1,-1,-1
1442,109,398,115,21,14,-1,-1,-1
1442,111,471,103,18,11,-1,-1,-1
1442,115,268,162,125,84,-1,-1,-1
1443,104,284,128,35,24,-1,-1,-1
1443,108,531,114,35,26,-1,-1,-1
1443,109,392,115,21,14,-1,-1,-1
1443,111,468,103,18,11,-1,-1,-1
1443,115,289,159,116,80,-1,-1,-1
1444,104,279,129,36,24,-1,-1,-1
1444,108,535,113,33,25,-1,-1,-1
1444,109,386,116,22,15,-1,-1,-1
1444,111,465,104,18,11,-1,-1,-1
1444,115,307,156,110,77,-1,-1,-1
1445,104,275,130,36,24,-1,-1,-1
1445,108,539,113,31,24,-1,-1,-1
1445,109,380,116,23,15,-1,-1,-1
1445,111,463,104,17,11,-1,-1,-1
1445,115,324,154,105,72,-1,-1,-1
1446,104,269,131,38,24,-1,-1,-1
1446,108,542,113,30,23,-1,-1,-1
1446,109,373,117,24,15,-1,-1,-1
1446,111,460,104,18,11,-1,-1,-1
1446,115,343,152,97,66,-1,-1,-1
1447,104,264,132,40,24,-1,-1,-1
1447,108,544,113,30,23,-1,-1,-1
1447,109,366,118,24,15,-1,-1,-1
1447,111,458,105,18,11,-1,-1,-1
1447,115,358,151,93,61,-1,-1,-1
1448,104,259,133,41,24,-1,-1,-1
1448,108,545,113,29,22,-1,-1,-1
1448,109,359,119,25,15,-1,-1,-1
1448,111,454,105,18,11,-1,-1,-1
1448,115,372,149,87,55,-1,-1,-1
1449,104,254,134,41,25,-1,-1,-1
1449,109,352,121,25,15,-1,-1,-1
1449,110,480,102,17,12,-1,-1,-1
1449,111,451,106,19,11,-1,-1,-1
1449,115,383,147,84,53,-1,-1,-1
1450,104,251,135,41,24,-1,-1,-1
1450,109,344,122,25,15,-1,-1,-1
1450,110,479,102,18,12,-1,-1,-1
1450,111,447,107,20,11,-1,-1,-1
1450,115,394,144,79,51,-1,-1,-1
1451,104,246,135,42,25,-1,-1,-1
1451,109,336,123,25,16,-1,-1,-1
1451,110,479,102,18,12,-1,-1,-1
1451,111,444,108,20,11,-1,-1,-1
1451,115,403,142,76,51,-1,-1,-1
1452,104,241,135,43,25,-1,-1,-1
1452,109,328,125,25,16,-1,-1,-1
1452,111,441,108,21,11,-1,-1,-1
1452,115,412,139,73,51,-1,-1,-1
1453,104,236,136,45,26,-1,-1,-1
1453,109,319,126,25,16,-1,-1,-1
1453,111,437,109,21,11,-1,-1,-1
1453,115,420,137,71,50,-1,-1,-1
1454,104,231,137,46,26,-1,-1,-1
1454,109,309,127,25,17,-1,-1,-1
1454,111,434,109,20,11,-1,-1,-1
1454,115,428,135,67,48,-1,-1,-1
1455,104,226,137,47,27,-1,-1,-1
1455,109,300,128,26,17,-1,-1,-1
1455,111,431,110,20,11,-1,-1,-1
1455,114,462,104,18,11,-1,-1,-1
1455,115,436,134,64,47,-1,-1,-1
1456,104,221,138,48,27,-1,-1,-1
1456,109,291,129,27,18,-1,-1,-1
1456,111,428,110,20,12,-1,-1,-1
1456,114,459,104,19,11,-1,-1,-1
1456,115,443,132,61,46,-1,-1,-1
1457,104,218,138,49,28,-1,-1,-1
1457,109,286,130,27,18,-1,-1,-1
1457,111,424,110,20,12,-1,-1,-1
1457,114,457,105,19,12,-1,-1,-1
1457,115,451,131,59,46,-1,-1,-1
1458,104,217,139,49,28,-1,-1,-1
1458,109,283,130,27,18,-1,-1,-1
1458,111,420,111,20,13,-1,-1,-1
1458,114,455,105,19,12,-1,-1,-1
1458,115,458,129,57,45,-1,-1,-1
1459,111,416,111,20,13,-1,-1,-1
1459,114,452,106,19,12,-1,-1,-1
1459,115,466,128,54,43,-1,-1,-1
1460,111,411,112,20,13,-1,-1,-1
1460,112,575,103,27,22,-1,-1,-1
1460,114,449,107,19,12,-1,-1,-1
1460,115,472,126,52,41,-1,-1,-1
1461,111,406,112,20,13,-1,-1,-1
1461,112,576,103,26,22,-1,-1,-1
1461,114,446,107,19,11,-1,-1,-1
1461,115,479,125,50,40,-1,-1,-1
1462,111,402,113,20,13,-1,-1,-1
1462,112,577,103,26,21,-1,-1,-1
1462,113,186,138,56,35,-1,-1,-1
1462,114,442,107,19,12,-1,-1,-1
1462,115,485,123,47,40,-1,-1,-1
1463,111,397,114,21,13,-1,-1,-1
1463,112,579,103,26,21,-1,-1,-1
1463,113,182,138,55,35,-1,-1,-1
1463,114,439,108,19,12,-1,-1,-1
1463,115,491,122,46,39,-1,-1,-1
1464,111,392,114,21,13,-1,-1,-1
1464,112,579,103,26,21,-1,-1,-1
1464,113,176,138,57,36,-1,-1,-1
1464,114,436,108,19,12,-1,-1,-1
1464,115,496,121,45,38,-1,-1,-1
1465,111,387,114,21,14,-1,-1,-1
1465,112,580,103,25,21,-1,-1,-1
1465,113,168,137,62,37,-1,-1,-1
1465,114,433,109,19,12,-1,-1,-1
1465,115,501,120,44,37,-1,-1,-1
1466,111,382,115,22,14,-1,-1,-1
1466,113,164,138,63,37,-1,-1,-1
1466,114,429,109,19,12,-1,-1,-1
1466,115,505,119,42,37,-1,-1,-1
1467,111,376,116,22,14,-1,-1,-1
1467,113,163,139,62,37,-1,-1,-1
1467,114,425,109,19,13,-1,-1,-1
1467,115,511,118,40,36,-1,-1,-1
1468,111,371,117,22,14,-1,-1,-1
1468,113,162,140,60,37,-1,-1,-1
1468,114,421,110,19,13,-1,-1,-1
1468,115,515,117,38,36,-1,-1,-1
1469,111,365,117,22,14,-1,-1,-1
1469,113,159,141,58,38,-1,-1,-1
1469,114,417,110,20,14,-1,-1,-1
1469,115,519,116,37,34,-1,-1,-1
1470,111,359,119,23,14,-1,-1,-1
1470,113,154,141,58,39,-1,-1,-1
1470,114,413,110,20,14,-1,-1,-1
1470,115,523,115,36,33,-1,-1,-1
1471,111,353,120,23,14,-1,-1,-1
1471,113,149,142,57,39,-1,-1,-1
1471,114,409,110,20,14,-1,-1,-1
1471,115,527,115,35,31,-1,-1,-1
1472,111,346,121,24,15,-1,-1,-1
1472,113,143,143,57,39,-1,-1,-1
1472,114,404,111,21,14,-1,-1,-1
1472,115,530,115,34,31,-1,-1,-1
1473,111,340,122,24,15,-1,-1,-1
1473,113,137,144,59,39,-1,-1,-1
1473,114,399,112,21,14,-1,-1,-1
1473,115,533,115,33,30,-1,-1,-1
1474,111,333,123,25,15,-1,-1,-1
1474,113,131,145,61,39,-1,-1,-1
1474,114,394,113,21,14,-1,-1,-1
1474,115,537,114,32,28,-1,-1,-1
1475,111,326,124,25,15,-1,-1,-1
1475,113,125,146,63,39,-1,-1,-1
1475,114,389,113,21,14,-1,-1,-1
1475,115,540,114,31,26,-1,-1,-1
1476,111,319,125,25,15,-1,-1,-1
1476,113,120,147,65,39,-1,-1,-1
1476,114,384,114,21,14,-1,-1,-1
1476,115,544,114,30,25,-1,-1,-1
1477,111,311,126,25,15,-1,-1,-1
1477,113,115,147,66,39,-1,-1,-1
1477,114,379,115,22,14,-1,-1,-1
1477,115,546,113,29,24,-1,-1,-1
1478,111,304,127,25,15,-1,-1,-1
1478,113,110,148,67,39,-1,-1,-1
1478,114,374,116,22,14,-1,-1,-1
1478,115,549,113,29,23,-1,-1,-1
1478,117,504,130,18,15,-1,-1,-1
1479,111,295,128,25,15,-1,-1,-1
1479,113,104,149,67,40,-1,-1,-1
1479,114,368,117,22,14,-1,-1,-1
1479,115,552,112,28,23,-1,-1,-1
1479,117,508,129,18,14,-1,-1,-1
1480,111,286,129,26,16,-1,-1,-1
1480,113,99,149,67,40,-1,-1,-1
1480,114,362,117,22,14,-1,-1,-1
1480,115,555,111,28,23,-1,-1,-1
1480,117,511,129,18,14,-1,-1,-1
1481,111,276,130,26,16,-1,-1,-1
1481,113,94,150,67,40,-1,-1,-1
1481,114,355,118,21,14,-1,-1,-1
1481,115,557,111,28,22,-1,-1,-1
1481,117,515,128,17,14,-1,-1,-1
1482,111,267,131,27,16,-1,-1,-1
1482,113,89,151,68,41,-1,-1,-1
1482,114,348,119,22,14,-1,-1,-1
1482,115,559,111,27,21,-1,-1,-1
1482,117,518,127,17,14,-1,-1,-1
1483,111,257,133,27,17,-1,-1,-1
1483,113,83,152,66,40,-1,-1,-1
1483,114,341,119,23,15,-1,-1,-1
1483,115,561,111,27,21,-1,-1,-1
1483,117,521,126,17,13,-1,-1,-1
1484,111,247,135,28,17,-1,-1,-1
1484,113,78,154,65,40,-1,-1,-1
1484,114,334,119,25,16,-1,-1,-1
1484,115,562,111,27,21,-1,-1,-1
1484,117,525,125,17,13,-1,-1,-1
1485,111,236,136,29,18,-1,-1,-1
1485,113,72,155,65,40,-1,-1,-1
1485,114,326,120,27,16,-1,-1,-1
1485,115,563,111,27,21,-1,-1,-1
1485,117,528,124,17,13,-1,-1,-1
1486,111,225,137,30,19,-1,-1,-1
1486,113,66,155,66,41,-1,-1,-1
1486,114,318,121,28,17,-1,-1,-1
1486,117,531,123,17,13,-1,-1,-1
1487,111,213,138,31,20,-1,-1,-1
1487,113,61,155,67,42,-1,-1,-1
1487,114,314,122,29,18,-1,-1,-1
1487,117,534,123,17,13,-1,-1,-1
1488,111,199,139,33,21,-1,-1,-1
1488,113,57,156,66,42,-1,-1,-1
1488,114,311,123,28,18,-1,-1,-1
1488,117,538,122,17,13,-1,-1,-1
1489,111,185,141,34,21,-1,-1,-1
1489,113,54,155,67,44,-1,-1,-1
1489,116,574,105,27,20,-1,-1,-1
1489,117,541,121,17,13,-1,-1,-1
1490,111,172,142,34,22,-1,-1,-1
1490,113,51,155,66,45,-1,-1,-1
1490,116,576,105,26,20,-1,-1,-1
1490,117,544,120,17,13,-1,-1,-1
1491,111,158,143,33,22,-1,-1,-1
1491,113,48,156,65,45,-1,-1,-1
1491,116,577,105,26,20,-1,-1,-1
1491,117,546,119,17,13,-1,-1,-1
1492,111,144,145,34,22,-1,-1,-1
1492,113,45,157,64,44,-1,-1,-1
1492,116,578,104,26,20,-1,-1,-1
1492,117,548,118,17,12,-1,-1,-1
1493,111,136,146,35,22,-1,-1,-1
1493,113,40,158,64,44,-1,-1,-1
1493,116,579,104,26,20,-1,-1,-1
1493,117,551,117,17,12,-1,-1,-1
1494,111,131,147,36,22,-1,-1,-1
1494,113,37,159,64,43,-1,-1,-1
1494,116,580,104,26,20,-1,-1,-1
1494,117,552,117,17,12,-1,-1,-1
1495,113,33,160,65,43,-1,-1,-1
1495,117,553,116,17,12,-1,-1,-1
1496,113,28,160,66,45,-1,-1,-1
1497,113,23,160,68,47,-1,-1,-1
1498,113,19,160,69,49,-1,-1,-1
1499,113,15,160,70,50,-1,-1,-1
1500,113,11,161,70,50,-1,-1,-1
1501,113,9,161,69,50,-1,-1,-1
1502,113,6,161,69,51,-1,-1,-1
1503,113,5,161,67,51,-1,-1,-1
1504,113,5,162,65,51,-1,-1,-1
1505,113,6,163,61,50,-1,-1,-1
1505,118,535,129,20,13,-1,-1,-1
1506,113,6,164,59,49,-1,-1,-1
1506,118,536,129,20,13,-1,-1,-1
1507,113,7,163,57,49,-1,-1,-1
1507,118,536,129,20,13,-1,-1,-1
1508,113,7,161,56,50,-1,-1,-1
1509,113,7,162,53,49,-1,-1,-1
1510,113,7,166,48,46,-1,-1,-1
1511,113,7,170,44,43,-1,-1,-1
1511,120,463,151,22,17,-1,-1,-1
1512,113,7,172,40,40,-1,-1,-1
1512,120,468,149,21,17,-1,-1,-1
1513,113,7,174,37,38,-1,-1,-1
1513,120,472,148,21,16,-1,-1,-1
1514,113,7,174,35,37,-1,-1,-1
1514,120,478,146,21,16,-1,-1,-1
1515,113,7,174,35,36,-1,-1,-1
1515,120,484,145,20,15,-1,-1,-1
1516,120,489,143,20,15,-1,-1,-1
1517,120,494,141,20,15,-1,-1,-1
1518,120,500,139,20,15,-1,-1,-1
1519,120,505,137,20,15,-1,-1,-1
1520,119,444,158,26,18,-1,-1,-1
1520,120,510,135,20,15,-1,-1,-1
1521,119,450,156,25,17,-1,-1,-1
1521,120,514,134,20,15,-1,-1,-1
1522,119,455,154,24,17,-1,-1,-1
1522,120,516,133,20,15,-1,-1,-1
1523,119,462,152,24,17,-1,-1,-1
1523,120,518,132,20,15,-1,-1,-1
1524,119,468,150,23,17,-1,-1,-1
1525,119,475,148,22,17,-1,-1,-1
1526,119,482,146,21,17,-1,-1,-1
1527,119,488,144,21,17,-1,-1,-1
1528,119,494,141,20,17,-1,-1,-1
1529,119,500,139,20,17,-1,-1,-1
1530,119,505,138,19,16,-1,-1,-1
1531,119,510,136,19,16,-1,-1,-1
1532,119,515,135,19,16,-1,-1,-1
1533,119,520,133,19,15,-1,-1,-1
1534,119,524,131,19,15,-1,-1,-1
1535,119,528,130,19,15,-1,-1,-1
1536,119,531,129,19,15,-1,-1,-1
1537,119,535,128,19,15,-1,-1,-1
1538,119,536,128,18,14,-1,-1,-1
1539,119,538,127,18,14,-1,-1,-1
1542,121,229,174,133,88,-1,-1,-1
1543,121,247,170,126,87,-1,-1,-1
1544,121,260,166,123,85,-1,-1,-1
1545,121,278,161,116,82,-1,-1,-1
1546,121,295,156,110,78,-1,-1,-1
1547,121,311,153,105,74,-1,-1,-1
1548,121,327,151,102,69,-1,-1,-1
1549,121,343,149,98,65,-1,-1,-1
1550,121,359,147,94,60,-1,-1,-1
1551,121,374,145,89,56,-1,-1,-1
1552,121,386,141,86,55,-1,-1,-1
1553,121,398,138,81,54,-1,-1,-1
1554,121,409,136,76,53,-1,-1,-1
1555,121,420,135,72,51,-1,-1,-1
1556,121,430,133,68,49,-1,-1,-1
1557,121,439,131,64,47,-1,-1,-1
1558,121,449,130,60,45,-1,-1,-1
1559,121,457,128,56,44,-1,-1,-1
1560,121,465,127,53,42,-1,-1,-1
1561,121,472,127,51,40,-1,-1,-1
1562,121,479,126,50,38,-1,-1,-1
1563,121,485,124,48,37,-1,-1,-1
1564,121,488,123,48,36,-1,-1,-1
1565,121,490,123,48,36,-1,-1,-1
1588,122,511,129,18,14,-1,-1,-1
1589,122,514,128,18,13,-1,-1,-1
1590,122,515,128,18,13,-1,-1,-1
1591,122,516,128,18,13,-1,-1,-1
1607,123,479,139,19,15,-1,-1,-1
1608,123,484,137,19,15,-1,-1,-1
1609,123,488,136,19,15,-1,-1,-1
1610,123,493,134,19,15,-1,-1,-1
1611,123,498,132,19,15,-1,-1,-1
1612,123,503,131,19,15,-1,-1,-1
1613,123,508,129,18,14,-1,-1,-1
1614,123,512,128,18,14,-1,-1,-1
1615,123,517,127,18,13,-1,-1,-1
1616,123,521,126,18,13,-1,-1,-1
1617,123,525,125,18,13,-1,-1,-1
1618,123,528,124,18,13,-1,-1,-1
1619,123,531,123,19,12,-1,-1,-1
1620,123,534,123,19,12,-1,-1,-1
1620,127,476,145,22,18,-1,-1,-1
1621,123,537,122,19,12,-1,-1,-1
1621,127,481,144,22,17,-1,-1,-1
1622,123,540,121,19,12,-1,-1,-1
1622,127,485,143,21,17,-1,-1,-1
1623,123,544,120,19,12,-1,-1,-1
1623,127,489,141,21,16,-1,-1,-1
1624,123,547,119,18,13,-1,-1,-1
1624,127,495,139,21,16,-1,-1,-1
1625,123,550,118,18,13,-1,-1,-1
1625,127,500,137,20,16,-1,-1,-1
1626,123,553,117,18,13,-1,-1,-1
1626,127,506,136,20,16,-1,-1,-1
1627,123,555,116,17,13,-1,-1,-1
1627,127,510,134,20,16,-1,-1,-1
1628,123,558,115,17,13,-1,-1,-1
1628,127,515,133,20,16,-1,-1,-1
1629,123,561,114,16,12,-1,-1,-1
1629,127,519,131,20,16,-1,-1,-1
1630,123,563,113,16,12,-1,-1,-1
1630,127,522,129,20,16,-1,-1,-1
1631,123,565,113,16,12,-1,-1,-1
1631,127,526,128,20,15,-1,-1,-1
1632,123,567,112,16,12,-1,-1,-1
1632,127,530,127,20,15,-1,-1,-1
1633,123,568,112,16,12,-1,-1,-1
1633,127,533,126,20,15,-1,-1,-1
1634,123,569,111,16,12,-1,-1,-1
1634,127,536,125,20,14,-1,-1,-1
1635,127,539,124,20,15,-1,-1,-1
1636,127,542,124,20,15,-1,-1,-1
1637,124,550,122,19,14,-1,-1,-1
1637,127,545,123,20,15,-1,-1,-1
1638,124,551,122,19,14,-1,-1,-1
1638,125,503,141,20,16,-1,-1,-1
1638,127,548,122,19,15,-1,-1,-1
1639,124,551,122,19,14,-1,-1,-1
1639,125,505,140,19,16,-1,-1,-1
1639,127,551,121,19,15,-1,-1,-1
1640,125,505,140,19,16,-1,-1,-1
1640,127,554,120,19,15,-1,-1,-1
1641,127,557,119,18,15,-1,-1,-1
1642,127,560,119,18,15,-1,-1,-1
1643,127,563,118,18,15,-1,-1,-1
1644,127,565,118,18,15,-1,-1,-1
1645,127,567,117,18,15,-1,-1,-1
1646,127,570,117,18,15,-1,-1,-1
1647,126,7,290,38,37,-1,-1,-1
1647,127,572,116,17,15,-1,-1,-1
1648,126,8,291,44,41,-1,-1,-1
1648,127,575,115,16,14,-1,-1,-1
1649,126,9,290,49,45,-1,-1,-1
1649,127,577,115,16,14,-1,-1,-1
1650,126,10,291,56,50,-1,-1,-1
1650,127,578,114,16,14,-1,-1,-1
1651,126,12,291,63,54,-1,-1,-1
1651,127,580,113,16,14,-1,-1,-1
1651,128,551,124,17,13,-1,-1,-1
1652,126,13,286,70,62,-1,-1,-1
1652,127,582,113,16,14,-1,-1,-1
1652,128,553,124,17,13,-1,-1,-1
1653,126,13,279,77,69,-1,-1,-1
1653,127,584,112,16,14,-1,-1,-1
1653,128,554,123,17,14,-1,-1,-1
1654,126,13,274,84,77,-1,-1,-1
1654,127,586,111,15,13,-1,-1,-1
1654,128,554,123,17,14,-1,-1,-1
1655,126,14,273,88,79,-1,-1,-1
1655,127,587,111,15,13,-1,-1,-1
1656,126,15,274,90,79,-1,-1,-1
1656,127,587,111,15,13,-1,-1,-1
1658,129,24,269,112,89,-1,-1,-1
1659,129,29,271,114,87,-1,-1,-1
1659,130,467,150,24,17,-1,-1,-1
1660,129,34,273,116,86,-1,-1,-1
1660,130,472,148,24,16,-1,-1,-1
1661,129,42,277,119,84,-1,-1,-1
1661,130,477,146,23,16,-1,-1,-1
1662,129,50,282,122,82,-1,-1,-1
1662,130,480,145,23,16,-1,-1,-1
1663,129,59,286,126,82,-1,-1,-1
1663,130,482,145,22,16,-1,-1,-1
1664,129,70,290,127,80,-1,-1,-1
1665,129,80,292,131,80,-1,-1,-1
1666,129,91,295,132,80,-1,-1,-1
1667,129,103,296,134,82,-1,-1,-1
1668,129,116,297,132,86,-1,-1,-1
1669,129,132,297,132,89,-1,-1,-1
1670,129,145,298,132,92,-1,-1,-1
1671,129,161,301,133,91,-1,-1,-1
1672,129,173,304,135,89,-1,-1,-1
1673,129,180,307,136,87,-1,-1,-1
1674,129,182,308,138,86,-1,-1,-1
1694,131,505,100,19,12,-1,-1,-1
1695,131,504,100,19,12,-1,-1,-1
1696,131,503,100,18,12,-1,-1,-1
1697,131,502,100,18,12,-1,-1,-1
1698,131,500,100,17,11,-1,-1,-1
1699,131,498,100,17,11,-1,-1,-1
1700,131,496,101,17,11,-1,-1,-1
1701,131,494,101,17,11,-1,-1,-1
1702,131,492,102,17,11,-1,-1,-1
1703,131,489,102,17,11,-1,-1,-1
1704,131,487,103,17,12,-1,-1,-1
1705,131,484,103,17,12,-1,-1,-1
1706,131,482,104,17,12,-1,-1,-1
1707,131,479,104,17,12,-1,-1,-1
1708,131,476,104,17,12,-1,-1,-1
1709,131,473,104,17,13,-1,-1,-1
1710,131,470,104,17,12,-1,-1,-1
1711,131,468,105,17,13,-1,-1,-1
1712,131,465,105,17,13,-1,-1,-1
1713,131,461,106,17,13,-1,-1,-1
1714,131,458,106,18,13,-1,-1,-1
1715,131,454,107,18,13,-1,-1,-1
1716,131,451,107,19,13,-1,-1,-1
1717,131,448,107,19,13,-1,-1,-1
1718,131,445,108,19,14,-1,-1,-1
1719,131,441,108,20,14,-1,-1,-1
1720,131,437,109,20,14,-1,-1,-1
1721,131,434,109,20,14,-1,-1,-1
1722,131,430,109,20,14,-1,-1,-1
1723,131,426,110,21,14,-1,-1,-1
1724,131,421,110,21,14,-1,-1,-1
1725,131,417,111,21,14,-1,-1,-1
1726,131,412,112,21,14,-1,-1,-1
1727,131,407,112,22,14,-1,-1,-1
1728,131,402,113,22,14,-1,-1,-1
1729,131,397,114,22,14,-1,-1,-1
1730,131,391,114,23,15,-1,-1,-1
1731,131,385,114,24,15,-1,-1,-1
1732,131,380,115,25,15,-1,-1,-1
1733,131,375,115,25,16,-1,-1,-1
1734,131,369,116,24,16,-1,-1,-1
1735,131,364,117,24,16,-1,-1,-1
1736,131,358,117,24,15,-1,-1,-1
1737,131,352,118,24,15,-1,-1,-1
1738,131,345,120,25,15,-1,-1,-1
1739,131,337,121,26,16,-1,-1,-1
1740,131,329,122,26,16,-1,-1,-1
1741,131,321,123,27,17,-1,-1,-1
1742,131,312,124,27,17,-1,-1,-1
1743,131,304,125,28,18,-1,-1,-1
1744,131,296,126,29,18,-1,-1,-1
1744,132,492,99,20,12,-1,-1,-1
1745,131,288,127,28,18,-1,-1,-1
1745,132,490,100,20,12,-1,-1,-1
1746,131,279,128,28,18,-1,-1,-1
1746,132,488,100,20,12,-1,-1,-1
1747,131,270,129,28,18,-1,-1,-1
1747,132,486,101,19,12,-1,-1,-1
1748,131,260,131,28,18,-1,-1,-1
1748,132,483,101,19,12,-1,-1,-1
1749,131,249,132,30,19,-1,-1,-1
1749,132,480,101,19,12,-1,-1,-1
1749,133,431,149,28,21,-1,-1,-1
1750,131,238,134,31,20,-1,-1,-1
1750,132,478,101,20,12,-1,-1,-1
1750,133,436,147,27,20,-1,-1,-1
1751,131,226,135,33,20,-1,-1,-1
1751,132,476,102,20,12,-1,-1,-1
1751,133,441,146,26,19,-1,-1,-1
1752,131,213,137,34,21,-1,-1,-1
1752,132,475,102,20,12,-1,-1,-1
1752,133,447,145,25,18,-1,-1,-1
1753,131,199,139,36,22,-1,-1,-1
1753,132,474,102,20,12,-1,-1,-1
1753,133,454,143,24,18,-1,-1,-1
1754,131,186,141,37,22,-1,-1,-1
1754,133,460,141,23,17,-1,-1,-1
1755,131,171,142,39,23,-1,-1,-1
1755,133,467,140,22,16,-1,-1,-1
1756,131,155,145,40,23,-1,-1,-1
1756,133,473,138,21,16,-1,-1,-1
1757,131,139,147,42,23,-1,-1,-1
1757,133,479,136,20,15,-1,-1,-1
1758,131,121,149,43,24,-1,-1,-1
1758,133,485,134,20,15,-1,-1,-1
1759,131,112,150,44,24,-1,-1,-1
1759,133,489,133,20,15,-1,-1,-1
1760,131,104,151,45,24,-1,-1,-1
1760,133,494,132,21,15,-1,-1,-1
1760,136,445,103,22,16,-1,-1,-1
1761,133,499,130,20,15,-1,-1,-1
1761,136,442,103,22,16,-1,-1,-1
1762,133,501,130,20,15,-1,-1,-1
1762,136,440,104,22,16,-1,-1,-1
1763,133,503,129,20,15,-1,-1,-1
1763,136,436,105,22,15,-1,-1,-1
1764,136,433,106,22,15,-1,-1,-1
1765,134,521,125,18,13,-1,-1,-1
1765,136,430,107,22,15,-1,-1,-1
1765,137,496,103,15,10,-1,-1,-1
1766,134,522,125,18,13,-1,-1,-1
1766,136,426,107,22,15,-1,-1,-1
1766,137,494,103,15,10,-1,-1,-1
1767,134,523,125,18,13,-1,-1,-1
1767,135,192,180,128,68,-1,-1,-1
1767,136,422,108,23,15,-1,-1,-1
1767,137,492,103,15,10,-1,-1,-1
1768,135,212,173,123,70,-1,-1,-1
1768,136,417,108,25,15,-1,-1,-1
1768,137,489,103,15,11,-1,-1,-1
1769,135,227,169,119,70,-1,-1,-1
1769,136,412,108,26,16,-1,-1,-1
1769,137,487,104,15,11,-1,-1,-1
1770,135,246,163,112,70,-1,-1,-1
1770,136,407,109,28,16,-1,-1,-1
1770,137,484,104,16,12,-1,-1,-1
1771,135,267,160,104,65,-1,-1,-1
1771,136,403,109,29,16,-1,-1,-1
1771,137,481,104,17,11,-1,-1,-1
1772,135,286,157,96,61,-1,-1,-1
1772,136,398,109,30,16,-1,-1,-1
1772,137,478,104,17,12,-1,-1,-1
1773,135,306,154,89,55,-1,-1,-1
1773,136,393,109,32,17,-1,-1,-1
1773,137,475,105,18,11,-1,-1,-1
1774,135,322,151,84,52,-1,-1,-1
1774,136,388,110,34,18,-1,-1,-1
1774,137,471,105,19,11,-1,-1,-1
1774,139,548,118,19,14,-1,-1,-1
1775,135,338,148,80,49,-1,-1,-1
1775,136,382,110,36,19,-1,-1,-1
1775,137,468,106,19,11,-1,-1,-1
1775,139,550,117,19,14,-1,-1,-1
1776,135,353,146,77,48,-1,-1,-1
1776,136,376,110,38,19,-1,-1,-1
1776,137,466,106,19,11,-1,-1,-1
1776,138,174,202,139,80,-1,-1,-1
1776,139,551,117,19,13,-1,-1,-1
1777,135,367,143,74,46,-1,-1,-1
1777,136,371,110,39,20,-1,-1,-1
1777,137,463,107,20,11,-1,-1,-1
1777,138,195,196,133,80,-1,-1,-1
1777,139,553,116,18,13,-1,-1,-1
1778,135,381,141,71,43,-1,-1,-1
1778,136,366,111,40,21,-1,-1,-1
1778,137,460,107,20,11,-1,-1,-1
1778,138,212,192,128,79,-1,-1,-1
1778,139,556,115,18,13,-1,-1,-1
1779,135,392,139,67,40,-1,-1,-1
1779,136,359,112,39,21,-1,-1,-1
1779,137,457,107,20,11,-1,-1,-1
1779,138,235,187,118,78,-1,-1,-1
1779,139,558,115,17,13,-1,-1,-1
1780,135,402,137,64,38,-1,-1,-1
1780,136,354,113,40,21,-1,-1,-1
1780,137,454,108,20,11,-1,-1,-1
1780,138,254,183,112,74,-1,-1,-1
1780,139,561,114,17,13,-1,-1,-1
1781,135,412,135,61,37,-1,-1,-1
1781,136,348,114,40,21,-1,-1,-1
1781,137,451,108,21,11,-1,-1,-1
1781,138,272,176,105,73,-1,-1,-1
1781,139,563,113,17,13,-1,-1,-1
1782,135,421,133,58,37,-1,-1,-1
1782,136,342,114,40,21,-1,-1,-1
1782,137,447,108,22,12,-1,-1,-1
1782,138,292,172,100,69,-1,-1,-1
1782,139,566,112,17,13,-1,-1,-1
1783,135,429,131,56,36,-1,-1,-1
1783,136,335,115,39,21,-1,-1,-1
1783,137,443,109,23,12,-1,-1,-1
1783,138,309,166,93,65,-1,-1,-1
1783,139,568,112,17,12,-1,-1,-1
1784,135,438,129,53,36,-1,-1,-1
1784,136,326,115,41,22,-1,-1,-1
1784,137,439,109,23,13,-1,-1,-1
1784,138,326,165,88,58,-1,-1,-1
1784,139,569,111,18,12,-1,-1,-1
1785,135,446,128,52,35,-1,-1,-1
1785,136,318,116,43,23,-1,-1,-1
1785,137,436,110,23,13,-1,-1,-1
1785,138,341,162,83,55,-1,-1,-1
1785,139,571,110,18,12,-1,-1,-1
1786,135,453,126,50,33,-1,-1,-1
1786,136,309,117,47,24,-1,-1,-1
1786,137,432,110,24,14,-1,-1,-1
1786,138,356,160,79,52,-1,-1,-1
1786,139,573,110,18,12,-1,-1,-1
1787,135,460,125,50,32,-1,-1,-1
1787,136,301,117,49,25,-1,-1,-1
1787,137,428,111,24,14,-1,-1,-1
1787,138,369,157,74,50,-1,-1,-1
1787,139,575,109,18,12,-1,-1,-1
1788,135,462,124,49,32,-1,-1,-1
1788,136,293,117,51,26,-1,-1,-1
1788,137,424,111,24,14,-1,-1,-1
1788,138,380,154,72,47,-1,-1,-1
1788,139,577,108,18,12,-1,-1,-1
1789,135,465,123,49,31,-1,-1,-1
1789,136,285,117,52,27,-1,-1,-1
1789,137,420,112,24,14,-1,-1,-1
1789,138,392,152,70,45,-1,-1,-1
1789,139,579,108,17,12,-1,-1,-1
1790,136,276,119,53,27,-1,-1,-1
1790,137,416,113,24,14,-1,-1,-1
1790,138,402,149,68,44,-1,-1,-1
1790,139,580,108,17,12,-1,-1,-1
1791,136,268,120,55,28,-1,-1,-1
1791,137,411,114,23,14,-1,-1,-1
1791,138,412,148,65,42,-1,-1,-1
1791,139,580,108,17,12,-1,-1,-1
1792,136,258,121,57,29,-1,-1,-1
1792,137,407,114,23,14,-1,-1,-1
1792,138,421,146,61,41,-1,-1,-1
1793,136,248,121,58,30,-1,-1,-1
1793,137,401,115,23,14,-1,-1,-1
1793,138,430,145,58,38,-1,-1,-1
1794,136,236,123,59,31,-1,-1,-1
1794,137,396,116,23,14,-1,-1,-1
1794,138,439,143,55,37,-1,-1,-1
1794,140,512,117,31,23,-1,-1,-1
1795,136,224,124,58,31,-1,-1,-1
1795,137,391,116,23,14,-1,-1,-1
1795,138,447,141,53,35,-1,-1,-1
1795,140,513,116,30,22,-1,-1,-1
1796,136,210,126,60,32,-1,-1,-1
1796,137,385,117,23,14,-1,-1,-1
1796,138,455,138,51,35,-1,-1,-1
1796,140,514,116,29,22,-1,-1,-1
1797,136,198,127,62,34,-1,-1,-1
1797,137,380,117,23,14,-1,-1,-1
1797,138,463,135,47,34,-1,-1,-1
1798,136,185,128,64,35,-1,-1,-1
1798,137,375,118,22,15,-1,-1,-1
1798,138,470,133,43,34,-1,-1,-1
1799,136,172,130,65,35,-1,-1,-1
1799,137,369,119,22,15,-1,-1,-1
1799,138,477,132,39,33,-1,-1,-1
1800,136,157,132,67,35,-1,-1,-1
1800,137,363,121,22,15,-1,-1,-1
1800,138,483,132,37,31,-1,-1,-1
1801,136,141,133,72,37,-1,-1,-1
1801,137,356,122,22,15,-1,-1,-1
1801,138,489,131,35,29,-1,-1,-1
1802,136,124,134,76,38,-1,-1,-1
1802,137,350,123,23,15,-1,-1,-1
1802,138,494,130,34,26,-1,-1,-1
1803,136,108,136,78,39,-1,-1,-1
1803,137,343,124,24,15,-1,-1,-1
1803,138,499,129,33,25,-1,-1,-1
1804,136,92,137,79,40,-1,-1,-1
1804,137,335,125,24,16,-1,-1,-1
1804,138,504,128,32,24,-1,-1,-1
1804,141,444,109,18,12,-1,-1,-1
1804,142,601,104,16,11,-1,-1,-1
1805,136,84,138,78,41,-1,-1,-1
1805,137,328,127,24,16,-1,-1,-1
1805,138,509,127,32,24,-1,-1,-1
1805,141,441,109,18,12,-1,-1,-1
1805,142,601,104,16,11,-1,-1,-1
1806,136,79,139,79,40,-1,-1,-1
1806,137,319,128,24,16,-1,-1,-1
1806,138,511,126,32,24,-1,-1,-1
1806,141,438,109,19,12,-1,-1,-1
1806,142,601,104,16,11,-1,-1,-1
1807,137,311,129,24,16,-1,-1,-1
1807,138,512,125,31,24,-1,-1,-1
1807,141,435,109,19,12,-1,-1,-1
1807,142,601,104,16,11,-1,-1,-1
1808,137,301,130,24,16,-1,-1,-1
1808,141,431,110,20,12,-1,-1,-1
1809,137,292,131,25,17,-1,-1,-1
1809,141,427,111,20,12,-1,-1,-1
1810,137,282,132,26,17,-1,-1,-1
1810,141,423,111,19,12,-1,-1,-1
1811,137,271,133,27,18,-1,-1,-1
1811,141,418,112,19,12,-1,-1,-1
1812,137,261,135,28,18,-1,-1,-1
1812,141,413,113,19,12,-1,-1,-1
1813,137,250,136,28,19,-1,-1,-1
1813,141,408,113,19,12,-1,-1,-1
1814,137,245,137,29,19,-1,-1,-1
1814,141,403,114,19,13,-1,-1,-1
1815,137,240,138,29,19,-1,-1,-1
1815,141,397,115,20,13,-1,-1,-1
1816,141,392,115,21,14,-1,-1,-1
1817,141,386,116,21,14,-1,-1,-1
1818,141,380,116,22,14,-1,-1,-1
1819,141,374,117,22,14,-1,-1,-1
1820,141,368,118,21,14,-1,-1,-1
1820,143,412,156,27,19,-1,-1,-1
1821,141,362,119,21,14,-1,-1,-1
1821,143,418,154,26,19,-1,-1,-1
1821,144,560,116,24,17,-1,-1,-1
1822,141,358,120,21,14,-1,-1,-1
1822,143,424,152,26,18,-1,-1,-1
1822,144,562,115,25,17,-1,-1,-1
1823,141,356,120,21,14,-1,-1,-1
1823,143,431,149,25,18,-1,-1,-1
1823,144,562,115,25,17,-1,-1,-1
1824,143,438,147,24,18,-1,-1,-1
1824,144,563,115,25,17,-1,-1,-1
1825,143,445,145,24,18,-1,-1,-1
1826,143,452,143,23,18,-1,-1,-1
1827,143,458,141,22,17,-1,-1,-1
1828,143,465,139,22,17,-1,-1,-1
1828,145,298,130,24,15,-1,-1,-1
1829,143,471,137,21,16,-1,-1,-1
1829,145,295,130,24,15,-1,-1,-1
1830,143,477,135,21,16,-1,-1,-1
1830,145,294,130,24,15,-1,-1,-1
1831,143,483,133,21,16,-1,-1,-1
1832,143,488,132,20,16,-1,-1,-1
1833,143,494,130,20,16,-1,-1,-1
1834,143,498,129,19,16,-1,-1,-1
1835,143,503,128,19,15,-1,-1,-1
1836,143,508,127,18,15,-1,-1,-1
1837,143,512,125,18,15,-1,-1,-1
1837,147,443,158,26,18,-1,-1,-1
1838,143,515,124,19,15,-1,-1,-1
1838,147,448,156,26,18,-1,-1,-1
1839,143,518,123,20,15,-1,-1,-1
1839,147,453,155,25,17,-1,-1,-1
1840,143,519,123,20,15,-1,-1,-1
1840,147,459,153,25,17,-1,-1,-1
1841,143,521,123,20,15,-1,-1,-1
1841,147,465,151,24,17,-1,-1,-1
1842,147,471,149,23,16,-1,-1,-1
1843,147,477,147,22,16,-1,-1,-1
1844,147,483,145,22,16,-1,-1,-1
1845,147,488,143,21,16,-1,-1,-1
1846,146,461,145,21,15,-1,-1,-1
1846,147,494,141,21,16,-1,-1,-1
1847,146,466,143,21,15,-1,-1,-1
1847,147,499,139,21,16,-1,-1,-1
1848,146,470,142,21,15,-1,-1,-1
1848,147,504,138,21,15,-1,-1,-1
1849,146,475,140,20,15,-1,-1,-1
1849,147,509,137,20,15,-1,-1,-1
1850,146,481,138,19,15,-1,-1,-1
1850,147,514,135,20,15,-1,-1,-1
1851,146,487,136,19,14,-1,-1,-1
1851,147,519,133,20,15,-1,-1,-1
1852,146,492,134,19,14,-1,-1,-1
1852,147,524,132,19,15,-1,-1,-1
1853,146,497,133,19,14,-1,-1,-1
1853,147,528,130,19,15,-1,-1,-1
1854,146,499,132,19,14,-1,-1,-1
1854,147,531,129,19,15,-1,-1,-1
1855,146,501,132,19,14,-1,-1,-1
1855,147,535,129,19,15,-1,-1,-1
1856,147,538,129,19,15,-1,-1,-1
1857,147,541,127,19,15,-1,-1,-1
1858,147,542,127,19,15,-1,-1,-1
1859,147,543,126,19,15,-1,-1,-1
1876,148,588,111,14,13,-1,-1,-1
1877,148,589,111,14,13,-1,-1,-1
1878,148,589,111,14,13,-1,-1,-1
1941,149,502,137,21,17,-1,-1,-1
1942,149,504,137,21,17,-1,-1,-1
1943,149,504,137,21,17,-1,-1,-1
