9,1,101,189,61,48,-1,-1,-1
10,1,102,188,58,48,-1,-1,-1
11,1,102,188,57,48,-1,-1,-1
23,2,354,93,36,27,-1,-1,-1
24,2,351,94,36,27,-1,-1,-1
25,2,349,94,36,27,-1,-1,-1
45,3,565,145,33,37,-1,-1,-1
46,3,567,144,32,36,-1,-1,-1
47,3,568,144,32,36,-1,-1,-1
60,4,543,120,33,29,-1,-1,-1
61,4,546,116,32,29,-1,-1,-1
62,4,547,115,32,30,-1,-1,-1
63,4,548,112,32,30,-1,-1,-1
82,5,383,84,50,29,-1,-1,-1
83,5,376,85,49,29,-1,-1,-1
83,6,559,156,35,36,-1,-1,-1
84,5,371,86,49,30,-1,-1,-1
84,6,563,152,34,34,-1,-1,-1
85,5,363,89,48,30,-1,-1,-1
85,6,566,148,34,34,-1,-1,-1
86,5,355,91,45,30,-1,-1,-1
86,6,571,144,33,32,-1,-1,-1
87,5,347,94,44,31,-1,-1,-1
87,6,576,139,33,32,-1,-1,-1
88,5,337,96,44,32,-1,-1,-1
88,6,580,134,33,31,-1,-1,-1
89,5,326,98,46,33,-1,-1,-1
89,6,584,129,33,30,-1,-1,-1
90,5,321,100,46,33,-1,-1,-1
90,6,588,125,32,28,-1,-1,-1
91,5,317,101,47,33,-1,-1,-1
91,6,592,121,31,27,-1,-1,-1
92,6,596,117,31,27,-1,-1,-1
93,6,599,113,31,26,-1,-1,-1
94,6,601,110,31,26,-1,-1,-1
95,6,602,108,31,25,-1,-1,-1
96,6,604,107,30,24,-1,-1,-1
97,6,606,104,29,23,-1,-1,-1
98,6,608,102,28,22,-1,-1,-1
98,7,254,129,53,45,-1,-1,-1
99,6,610,99,26,21,-1,-1,-1
99,7,253,129,55,47,-1,-1,-1
100,6,613,96,25,21,-1,-1,-1
100,7,250,130,56,49,-1,-1,-1
101,6,615,93,24,20,-1,-1,-1
101,7,246,132,57,50,-1,-1,-1
102,6,618,90,23,20,-1,-1,-1
102,7,246,132,55,46,-1,-1,-1
103,6,620,88,23,19,-1,-1,-1
103,7,250,132,51,40,-1,-1,-1
104,6,622,85,22,18,-1,-1,-1
104,7,257,130,46,32,-1,-1,-1
105,6,623,84,22,18,-1,-1,-1
105,7,260,129,43,30,-1,-1,-1
106,6,624,84,22,18,-1,-1,-1
106,7,261,129,43,29,-1,-1,-1
141,8,579,139,28,25,-1,-1,-1
142,8,582,135,28,25,-1,-1,-1
143,8,584,132,27,24,-1,-1,-1
144,8,587,128,27,24,-1,-1,-1
145,8,591,124,26,23,-1,-1,-1
146,8,592,121,25,23,-1,-1,-1
147,8,593,120,25,23,-1,-1,-1
157,9,354,94,24,19,-1,-1,-1
158,9,354,94,24,19,-1,-1,-1
159,9,354,94,24,19,-1,-1,-1
160,9,354,95,24,19,-1,-1,-1
176,10,377,95,42,25,-1,-1,-1
177,10,372,98,38,25,-1,-1,-1
178,10,366,98,37,27,-1,-1,-1
179,10,359,98,36,29,-1,-1,-1
180,10,350,98,38,32,-1,-1,-1
181,10,343,98,40,33,-1,-1,-1
182,10,338,98,42,35,-1,-1,-1
183,10,337,99,42,35,-1,-1,-1
184,10,336,99,41,35,-1,-1,-1
185,10,336,99,39,35,-1,-1,-1
186,10,337,100,38,35,-1,-1,-1
187,10,337,100,36,34,-1,-1,-1
188,10,337,101,36,34,-1,-1,-1
189,10,337,101,35,34,-1,-1,-1
194,11,552,125,27,24,-1,-1,-1
195,11,556,123,26,23,-1,-1,-1
196,11,559,120,25,23,-1,-1,-1
197,11,562,117,25,22,-1,-1,-1
198,11,564,116,25,22,-1,-1,-1
199,11,565,115,24,21,-1,-1,-1
201,12,534,115,23,19,-1,-1,-1
202,12,537,112,23,18,-1,-1,-1
202,13,466,57,40,23,-1,-1,-1
203,12,540,110,24,18,-1,-1,-1
203,13,462,57,41,24,-1,-1,-1
203,14,413,92,39,20,-1,-1,-1
204,12,544,107,24,18,-1,-1,-1
204,13,459,56,43,26,-1,-1,-1
204,14,407,94,40,20,-1,-1,-1
205,12,547,105,25,17,-1,-1,-1
205,13,455,56,45,28,-1,-1,-1
205,14,402,95,40,20,-1,-1,-1
206,12,550,102,25,17,-1,-1,-1
206,13,451,56,46,30,-1,-1,-1
206,14,395,98,40,20,-1,-1,-1
207,12,552,100,25,17,-1,-1,-1
207,13,449,56,46,31,-1,-1,-1
207,14,387,100,41,21,-1,-1,-1
208,12,553,99,26,17,-1,-1,-1
208,13,447,57,47,31,-1,-1,-1
208,14,379,102,42,21,-1,-1,-1
209,14,371,105,42,22,-1,-1,-1
210,14,363,107,44,23,-1,-1,-1
211,14,354,108,46,24,-1,-1,-1
212,14,345,110,48,26,-1,-1,-1
212,16,417,63,53,33,-1,-1,-1
213,14,335,112,49,28,-1,-1,-1
213,16,413,64,53,34,-1,-1,-1
214,14,324,114,51,30,-1,-1,-1
214,16,410,65,54,34,-1,-1,-1
215,14,313,118,54,32,-1,-1,-1
215,16,405,65,56,36,-1,-1,-1
216,14,300,121,54,34,-1,-1,-1
216,16,398,66,58,37,-1,-1,-1
217,14,287,125,55,37,-1,-1,-1
217,16,392,66,60,38,-1,-1,-1
218,14,272,128,55,39,-1,-1,-1
218,16,386,68,60,37,-1,-1,-1
219,14,257,132,55,40,-1,-1,-1
219,16,380,70,55,37,-1,-1,-1
220,14,242,136,56,41,-1,-1,-1
220,16,373,72,52,36,-1,-1,-1
221,14,234,138,56,42,-1,-1,-1
221,16,364,74,48,35,-1,-1,-1
222,14,228,139,57,43,-1,-1,-1
222,16,354,76,48,35,-1,-1,-1
223,15,453,81,32,19,-1,-1,-1
223,16,346,78,47,35,-1,-1,-1
224,15,452,81,32,19,-1,-1,-1
224,16,338,80,46,35,-1,-1,-1
225,15,451,82,32,19,-1,-1,-1
225,16,329,82,46,35,-1,-1,-1
226,16,320,84,44,35,-1,-1,-1
227,16,311,86,45,36,-1,-1,-1
228,16,300,87,46,38,-1,-1,-1
229,16,289,89,48,40,-1,-1,-1
230,16,277,91,49,42,-1,-1,-1
231,16,265,94,51,44,-1,-1,-1
232,16,258,95,52,46,-1,-1,-1
232,17,386,98,34,26,-1,-1,-1
233,16,253,96,53,46,-1,-1,-1
233,17,383,99,35,25,-1,-1,-1
234,17,382,100,34,25,-1,-1,-1
264,18,424,80,29,21,-1,-1,-1
265,18,420,81,29,20,-1,-1,-1
265,20,539,136,27,27,-1,-1,-1
266,18,418,81,30,20,-1,-1,-1
266,20,544,132,26,26,-1,-1,-1
267,18,417,82,30,20,-1,-1,-1
267,20,548,129,26,25,-1,-1,-1
268,19,263,138,45,27,-1,-1,-1
268,20,553,125,25,24,-1,-1,-1
268,21,326,105,35,25,-1,-1,-1
269,19,258,138,46,28,-1,-1,-1
269,20,558,121,24,23,-1,-1,-1
269,21,320,106,36,25,-1,-1,-1
270,19,256,139,46,29,-1,-1,-1
270,20,563,117,24,22,-1,-1,-1
270,21,314,108,36,25,-1,-1,-1
270,23,608,75,23,19,-1,-1,-1
271,20,567,113,24,21,-1,-1,-1
271,21,306,110,37,26,-1,-1,-1
271,22,719,259,54,26,-1,-1,-1
271,23,609,75,23,18,-1,-1,-1
272,20,571,110,23,20,-1,-1,-1
272,21,298,112,37,28,-1,-1,-1
272,22,707,257,52,26,-1,-1,-1
272,23,610,74,23,18,-1,-1,-1
273,20,576,107,22,19,-1,-1,-1
273,21,289,114,37,29,-1,-1,-1
273,22,697,255,51,26,-1,-1,-1
273,23,612,73,23,18,-1,-1,-1
273,24,417,91,32,22,-1,-1,-1
274,20,578,106,21,18,-1,-1,-1
274,21,284,116,37,29,-1,-1,-1
274,22,690,254,51,27,-1,-1,-1
274,23,613,72,23,19,-1,-1,-1
274,24,412,93,32,22,-1,-1,-1
275,20,579,105,21,18,-1,-1,-1
275,21,281,117,37,29,-1,-1,-1
275,22,685,253,51,27,-1,-1,-1
275,23,614,70,24,20,-1,-1,-1
275,24,407,94,31,22,-1,-1,-1
276,23,615,69,24,20,-1,-1,-1
276,24,400,96,32,23,-1,-1,-1
277,23,617,68,24,20,-1,-1,-1
277,24,393,98,32,24,-1,-1,-1
278,23,619,67,24,20,-1,-1,-1
278,24,385,100,32,24,-1,-1,-1
279,23,620,66,24,20,-1,-1,-1
279,24,377,102,33,24,-1,-1,-1
280,23,621,66,24,20,-1,-1,-1
280,24,368,105,34,25,-1,-1,-1
280,25,311,105,50,30,-1,-1,-1
281,23,621,65,25,20,-1,-1,-1
281,24,359,107,34,25,-1,-1,-1
281,25,308,106,50,30,-1,-1,-1
281,27,596,87,25,19,-1,-1,-1
282,23,621,65,25,20,-1,-1,-1
282,24,354,108,34,25,-1,-1,-1
282,25,307,106,51,30,-1,-1,-1
282,27,597,86,25,19,-1,-1,-1
283,24,351,109,34,26,-1,-1,-1
283,27,599,84,25,18,-1,-1,-1
283,29,433,77,31,19,-1,-1,-1
284,26,736,263,49,26,-1,-1,-1
284,27,602,83,24,17,-1,-1,-1
284,29,429,77,32,20,-1,-1,-1
285,26,719,261,51,25,-1,-1,-1
285,27,604,80,23,17,-1,-1,-1
285,29,425,76,34,21,-1,-1,-1
286,26,707,259,50,25,-1,-1,-1
286,27,605,80,23,17,-1,-1,-1
286,29,419,76,37,22,-1,-1,-1
287,26,698,258,50,25,-1,-1,-1
287,27,606,79,23,16,-1,-1,-1
287,28,554,164,38,38,-1,-1,-1
287,29,413,77,42,24,-1,-1,-1
288,26,693,257,49,25,-1,-1,-1
288,28,558,160,35,35,-1,-1,-1
288,29,407,78,46,25,-1,-1,-1
289,28,562,157,33,32,-1,-1,-1
289,29,401,78,50,27,-1,-1,-1
290,28,567,153,30,30,-1,-1,-1
290,29,396,80,51,27,-1,-1,-1
290,32,550,106,24,18,-1,-1,-1
291,28,571,148,29,28,-1,-1,-1
291,29,390,82,50,27,-1,-1,-1
291,32,551,105,24,18,-1,-1,-1
292,28,575,143,28,28,-1,-1,-1
292,29,383,86,46,25,-1,-1,-1
292,32,551,105,24,18,-1,-1,-1
293,28,579,138,28,27,-1,-1,-1
293,29,377,89,43,25,-1,-1,-1
294,28,583,133,28,26,-1,-1,-1
294,29,371,91,40,24,-1,-1,-1
294,30,509,204,50,47,-1,-1,-1
295,28,587,128,27,25,-1,-1,-1
295,29,366,93,39,25,-1,-1,-1
295,30,517,197,47,45,-1,-1,-1
296,28,591,124,27,24,-1,-1,-1
296,29,359,96,37,24,-1,-1,-1
296,30,523,191,46,43,-1,-1,-1
297,28,595,120,26,23,-1,-1,-1
297,29,353,98,37,24,-1,-1,-1
297,30,532,183,42,40,-1,-1,-1
298,28,599,116,26,22,-1,-1,-1
298,29,345,99,37,25,-1,-1,-1
298,30,538,175,41,38,-1,-1,-1
299,28,602,112,26,22,-1,-1,-1
299,29,338,100,38,26,-1,-1,-1
299,30,546,168,37,36,-1,-1,-1
300,28,605,110,25,21,-1,-1,-1
300,29,330,101,38,28,-1,-1,-1
300,30,553,161,36,35,-1,-1,-1
301,28,607,107,25,20,-1,-1,-1
301,29,323,102,39,29,-1,-1,-1
301,30,559,156,34,33,-1,-1,-1
302,28,609,105,24,19,-1,-1,-1
302,29,319,103,37,30,-1,-1,-1
302,30,564,151,33,31,-1,-1,-1
303,28,612,102,24,19,-1,-1,-1
303,29,317,103,38,30,-1,-1,-1
303,30,567,148,32,30,-1,-1,-1
304,28,614,99,24,20,-1,-1,-1
304,30,568,147,31,29,-1,-1,-1
305,28,615,96,25,20,-1,-1,-1
305,31,264,120,45,28,-1,-1,-1
306,28,617,93,25,20,-1,-1,-1
306,31,254,124,45,28,-1,-1,-1
307,28,619,91,25,20,-1,-1,-1
307,31,251,125,45,28,-1,-1,-1
308,28,620,90,25,20,-1,-1,-1
308,31,247,126,45,27,-1,-1,-1
309,28,621,89,25,20,-1,-1,-1
311,33,761,266,38,26,-1,-1,-1
312,33,760,266,39,26,-1,-1,-1
312,34,589,118,31,33,-1,-1,-1
313,33,760,266,40,25,-1,-1,-1
313,34,590,117,31,33,-1,-1,-1
314,33,760,266,40,25,-1,-1,-1
314,34,592,117,29,30,-1,-1,-1
315,34,593,117,28,28,-1,-1,-1
316,34,594,117,26,27,-1,-1,-1
324,35,246,131,50,38,-1,-1,-1
325,35,233,134,51,38,-1,-1,-1
326,35,223,137,52,39,-1,-1,-1
327,35,216,139,52,38,-1,-1,-1
328,35,212,140,53,39,-1,-1,-1
329,36,491,50,49,36,-1,-1,-1
330,36,490,49,50,37,-1,-1,-1
331,36,490,49,51,37,-1,-1,-1
332,36,490,49,52,37,-1,-1,-1
335,37,434,95,29,23,-1,-1,-1
336,37,428,97,29,23,-1,-1,-1
336,38,103,106,49,44,-1,-1,-1
336,39,346,103,47,29,-1,-1,-1
337,37,423,99,30,23,-1,-1,-1
337,38,102,107,50,45,-1,-1,-1
337,39,337,105,48,30,-1,-1,-1
338,37,420,101,30,23,-1,-1,-1
338,38,102,107,50,46,-1,-1,-1
338,39,330,107,49,30,-1,-1,-1
339,37,417,102,31,23,-1,-1,-1
339,38,102,107,50,46,-1,-1,-1
339,39,319,110,51,31,-1,-1,-1
340,39,307,114,53,31,-1,-1,-1
341,39,295,118,54,30,-1,-1,-1
342,39,282,123,56,30,-1,-1,-1
343,39,268,127,58,30,-1,-1,-1
344,39,254,131,60,31,-1,-1,-1
345,39,238,135,62,32,-1,-1,-1
346,39,230,137,63,33,-1,-1,-1
347,39,223,139,64,33,-1,-1,-1
375,40,307,102,48,36,-1,-1,-1
376,40,299,106,48,35,-1,-1,-1
377,40,292,108,47,35,-1,-1,-1
378,40,282,111,47,35,-1,-1,-1
379,40,270,115,47,35,-1,-1,-1
380,40,265,117,47,34,-1,-1,-1
381,40,260,119,47,33,-1,-1,-1
399,41,505,127,31,24,-1,-1,-1
400,41,510,125,31,23,-1,-1,-1
401,41,514,123,30,23,-1,-1,-1
401,42,358,96,26,20,-1,-1,-1
402,41,519,119,29,22,-1,-1,-1
402,42,358,96,26,20,-1,-1,-1
403,41,524,116,28,22,-1,-1,-1
403,42,358,96,26,20,-1,-1,-1
404,41,528,113,28,22,-1,-1,-1
405,41,533,110,27,21,-1,-1,-1
406,41,538,108,26,20,-1,-1,-1
407,41,543,106,24,19,-1,-1,-1
408,41,547,103,23,19,-1,-1,-1
409,41,551,101,23,19,-1,-1,-1
410,41,554,99,24,19,-1,-1,-1
411,41,558,96,24,20,-1,-1,-1
412,41,559,95,24,20,-1,-1,-1
413,41,560,94,25,21,-1,-1,-1
426,43,567,149,31,36,-1,-1,-1
426,47,456,63,33,29,-1,-1,-1
427,43,571,145,31,35,-1,-1,-1
427,47,452,63,33,31,-1,-1,-1
428,43,574,142,31,35,-1,-1,-1
428,44,475,148,59,59,-1,-1,-1
428,47,449,63,34,32,-1,-1,-1
429,43,576,140,30,34,-1,-1,-1
429,44,479,145,57,59,-1,-1,-1
429,47,444,63,34,33,-1,-1,-1
430,43,577,139,30,33,-1,-1,-1
430,44,480,144,58,59,-1,-1,-1
430,47,440,64,35,33,-1,-1,-1
431,47,435,65,35,33,-1,-1,-1
432,47,430,66,35,33,-1,-1,-1
433,47,425,68,35,32,-1,-1,-1
434,47,420,71,35,31,-1,-1,-1
435,47,415,72,35,30,-1,-1,-1
436,47,408,74,38,31,-1,-1,-1
437,46,609,104,22,19,-1,-1,-1
437,47,402,73,42,33,-1,-1,-1
438,46,610,102,22,19,-1,-1,-1
438,47,395,74,47,33,-1,-1,-1
439,46,610,102,22,19,-1,-1,-1
439,47,388,74,48,34,-1,-1,-1
440,46,610,101,22,19,-1,-1,-1
440,47,381,77,46,34,-1,-1,-1
441,47,374,80,45,33,-1,-1,-1
442,45,540,104,24,18,-1,-1,-1
442,47,366,82,44,33,-1,-1,-1
443,45,542,101,25,18,-1,-1,-1
443,47,357,85,45,33,-1,-1,-1
444,45,543,100,26,19,-1,-1,-1
444,47,347,87,45,33,-1,-1,-1
445,45,544,99,26,19,-1,-1,-1
445,47,336,89,46,33,-1,-1,-1
446,47,326,91,47,34,-1,-1,-1
447,47,321,92,48,35,-1,-1,-1
448,47,318,93,48,36,-1,-1,-1
452,48,624,93,24,16,-1,-1,-1
452,49,595,121,24,17,-1,-1,-1
453,48,625,93,24,16,-1,-1,-1
453,49,598,117,23,17,-1,-1,-1
454,48,625,92,23,16,-1,-1,-1
454,49,600,115,22,17,-1,-1,-1
455,49,603,112,21,17,-1,-1,-1
456,49,606,108,20,17,-1,-1,-1
457,49,609,104,20,17,-1,-1,-1
458,49,611,101,21,17,-1,-1,-1
459,49,613,98,21,17,-1,-1,-1
459,50,357,89,27,25,-1,-1,-1
460,49,615,96,21,16,-1,-1,-1
460,50,357,89,26,24,-1,-1,-1
461,49,616,94,22,16,-1,-1,-1
461,50,358,89,25,24,-1,-1,-1
462,49,617,93,22,16,-1,-1,-1
462,50,358,89,25,24,-1,-1,-1
463,49,618,92,22,16,-1,-1,-1
463,50,358,89,25,24,-1,-1,-1
464,51,515,122,33,25,-1,-1,-1
465,51,519,119,32,24,-1,-1,-1
466,51,522,117,31,23,-1,-1,-1
467,51,526,114,31,23,-1,-1,-1
468,51,531,112,29,22,-1,-1,-1
469,51,536,108,28,21,-1,-1,-1
470,51,542,105,26,21,-1,-1,-1
471,51,545,102,27,22,-1,-1,-1
472,51,546,100,28,23,-1,-1,-1
473,51,547,99,29,22,-1,-1,-1
491,52,552,176,31,31,-1,-1,-1
492,52,556,170,31,30,-1,-1,-1
493,52,557,168,31,31,-1,-1,-1
494,52,558,167,31,30,-1,-1,-1
495,54,575,148,29,26,-1,-1,-1
496,54,579,143,28,25,-1,-1,-1
497,54,583,139,26,24,-1,-1,-1
498,54,587,135,25,23,-1,-1,-1
499,54,591,131,25,22,-1,-1,-1
500,54,594,126,24,21,-1,-1,-1
501,54,598,122,23,20,-1,-1,-1
502,53,355,106,34,28,-1,-1,-1
502,54,601,118,22,20,-1,-1,-1
503,53,353,106,34,29,-1,-1,-1
503,54,604,114,22,19,-1,-1,-1
504,53,352,107,33,28,-1,-1,-1
504,54,605,112,22,19,-1,-1,-1
505,54,606,110,22,19,-1,-1,-1
505,55,597,129,23,23,-1,-1,-1
506,55,598,126,23,23,-1,-1,-1
507,55,600,124,23,23,-1,-1,-1
508,55,601,123,23,23,-1,-1,-1
509,55,602,122,22,22,-1,-1,-1
513,56,556,121,26,21,-1,-1,-1
513,57,617,99,23,20,-1,-1,-1
514,56,560,118,25,21,-1,-1,-1
514,57,618,97,24,20,-1,-1,-1
515,56,562,116,24,20,-1,-1,-1
515,57,618,94,24,20,-1,-1,-1
516,56,567,112,23,20,-1,-1,-1
516,57,619,93,25,20,-1,-1,-1
516,58,556,164,30,30,-1,-1,-1
517,56,571,109,22,20,-1,-1,-1
517,57,620,92,25,20,-1,-1,-1
517,58,561,158,29,28,-1,-1,-1
518,56,573,108,21,19,-1,-1,-1
518,58,563,156,28,28,-1,-1,-1
518,59,629,82,27,20,-1,-1,-1
519,56,574,107,21,19,-1,-1,-1
519,58,565,154,28,27,-1,-1,-1
519,59,630,82,26,19,-1,-1,-1
519,60,272,238,103,74,-1,-1,-1
520,59,630,82,26,19,-1,-1,-1
520,60,283,233,97,72,-1,-1,-1
521,60,287,230,96,72,-1,-1,-1
524,61,597,121,22,19,-1,-1,-1
524,62,596,92,19,16,-1,-1,-1
525,61,599,118,21,19,-1,-1,-1
525,62,597,90,19,16,-1,-1,-1
526,61,601,115,21,19,-1,-1,-1
526,62,598,89,19,15,-1,-1,-1
527,61,603,112,21,19,-1,-1,-1
527,62,598,88,19,15,-1,-1,-1
527,63,637,74,23,16,-1,-1,-1
528,61,606,109,22,19,-1,-1,-1
528,62,599,88,19,15,-1,-1,-1
528,63,637,74,23,16,-1,-1,-1
528,66,471,144,43,32,-1,-1,-1
529,61,608,106,22,19,-1,-1,-1
529,63,638,74,23,16,-1,-1,-1
529,66,480,140,40,30,-1,-1,-1
530,61,611,103,23,18,-1,-1,-1
530,66,487,136,38,28,-1,-1,-1
531,61,612,101,23,18,-1,-1,-1
531,66,497,131,35,26,-1,-1,-1
532,61,613,100,23,18,-1,-1,-1
532,66,507,125,33,24,-1,-1,-1
533,66,516,120,31,23,-1,-1,-1
534,66,524,115,30,22,-1,-1,-1
535,66,530,111,30,21,-1,-1,-1
536,65,590,127,22,20,-1,-1,-1
536,66,536,107,29,21,-1,-1,-1
537,65,594,124,21,19,-1,-1,-1
537,66,542,103,29,21,-1,-1,-1
538,65,596,121,22,19,-1,-1,-1
538,66,547,100,28,20,-1,-1,-1
539,65,599,118,21,18,-1,-1,-1
539,66,552,97,28,19,-1,-1,-1
540,65,602,114,21,18,-1,-1,-1
540,66,557,95,26,18,-1,-1,-1
541,65,605,110,21,18,-1,-1,-1
541,66,562,93,25,18,-1,-1,-1
542,65,607,107,20,17,-1,-1,-1
542,66,566,91,24,17,-1,-1,-1
543,64,551,108,22,18,-1,-1,-1
543,65,610,104,21,17,-1,-1,-1
543,66,570,88,24,17,-1,-1,-1
544,64,555,106,21,17,-1,-1,-1
544,65,612,102,21,17,-1,-1,-1
544,66,573,87,24,17,-1,-1,-1
545,64,558,104,21,17,-1,-1,-1
545,65,614,99,21,16,-1,-1,-1
545,66,576,85,24,16,-1,-1,-1
546,64,563,102,21,17,-1,-1,-1
546,65,616,97,20,15,-1,-1,-1
546,66,578,83,23,16,-1,-1,-1
547,64,567,99,21,17,-1,-1,-1
547,65,618,95,20,15,-1,-1,-1
547,66,580,83,23,16,-1,-1,-1
548,64,571,96,21,16,-1,-1,-1
548,65,621,93,19,14,-1,-1,-1
548,66,581,82,23,16,-1,-1,-1
549,64,576,92,21,15,-1,-1,-1
549,65,622,92,19,14,-1,-1,-1
550,64,580,89,22,15,-1,-1,-1
550,65,623,91,18,13,-1,-1,-1
551,64,584,85,23,15,-1,-1,-1
552,64,588,82,23,15,-1,-1,-1
553,64,591,79,23,16,-1,-1,-1
554,64,594,76,23,16,-1,-1,-1
555,64,597,74,23,17,-1,-1,-1
556,64,600,72,23,17,-1,-1,-1
557,64,602,71,23,17,-1,-1,-1
558,64,604,69,23,18,-1,-1,-1
559,64,605,68,24,17,-1,-1,-1
560,64,607,68,24,18,-1,-1,-1
561,64,609,68,24,18,-1,-1,-1
562,64,610,67,24,18,-1,-1,-1
563,64,610,67,24,18,-1,-1,-1
566,67,564,95,23,16,-1,-1,-1
567,67,566,93,22,16,-1,-1,-1
567,76,609,111,21,20,-1,-1,-1
568,67,568,91,21,16,-1,-1,-1
568,76,610,109,21,20,-1,-1,-1
569,67,571,89,20,16,-1,-1,-1
569,68,553,133,23,20,-1,-1,-1
569,76,611,108,20,19,-1,-1,-1
570,67,574,87,20,15,-1,-1,-1
570,68,556,130,22,19,-1,-1,-1
570,76,613,105,20,19,-1,-1,-1
571,67,577,85,19,15,-1,-1,-1
571,68,559,127,22,19,-1,-1,-1
571,76,615,103,19,18,-1,-1,-1
572,67,580,84,19,15,-1,-1,-1
572,68,563,124,21,18,-1,-1,-1
572,76,617,100,19,17,-1,-1,-1
573,67,581,83,19,15,-1,-1,-1
573,68,566,120,21,18,-1,-1,-1
573,76,618,99,19,17,-1,-1,-1
574,67,582,82,19,15,-1,-1,-1
574,68,570,116,21,18,-1,-1,-1
574,76,618,98,20,17,-1,-1,-1
575,68,574,112,20,18,-1,-1,-1
575,76,619,97,20,17,-1,-1,-1
576,68,577,108,20,18,-1,-1,-1
576,76,619,96,20,17,-1,-1,-1
577,68,581,105,20,17,-1,-1,-1
577,76,620,96,20,17,-1,-1,-1
578,68,584,102,20,17,-1,-1,-1
578,76,620,95,20,17,-1,-1,-1
579,68,587,99,21,17,-1,-1,-1
579,76,620,95,20,17,-1,-1,-1
580,68,590,97,21,18,-1,-1,-1
580,76,621,94,20,17,-1,-1,-1
581,68,591,93,21,17,-1,-1,-1
581,76,621,94,20,17,-1,-1,-1
582,68,592,90,20,17,-1,-1,-1
582,76,621,93,20,17,-1,-1,-1
583,68,594,88,20,17,-1,-1,-1
583,76,621,93,20,17,-1,-1,-1
584,68,596,86,20,17,-1,-1,-1
584,76,622,92,20,17,-1,-1,-1
585,68,598,86,20,17,-1,-1,-1
585,76,622,92,20,17,-1,-1,-1
586,68,598,85,20,17,-1,-1,-1
586,76,622,91,20,17,-1,-1,-1
587,69,423,99,35,25,-1,-1,-1
587,76,623,91,20,17,-1,-1,-1
588,69,417,101,33,25,-1,-1,-1
588,76,623,90,21,17,-1,-1,-1
589,69,411,104,32,25,-1,-1,-1
589,76,623,90,21,17,-1,-1,-1
590,69,403,107,32,25,-1,-1,-1
590,76,624,89,21,17,-1,-1,-1
591,69,399,108,31,25,-1,-1,-1
591,76,624,89,21,17,-1,-1,-1
592,69,396,109,32,26,-1,-1,-1
592,74,568,151,27,29,-1,-1,-1
592,76,624,88,21,17,-1,-1,-1
593,74,570,147,27,29,-1,-1,-1
593,76,624,88,21,17,-1,-1,-1
594,74,573,144,26,29,-1,-1,-1
594,76,625,87,21,17,-1,-1,-1
595,74,576,140,26,29,-1,-1,-1
595,76,625,87,21,17,-1,-1,-1
596,74,580,136,26,28,-1,-1,-1
596,76,625,86,21,17,-1,-1,-1
597,71,592,92,21,19,-1,-1,-1
597,74,585,131,25,28,-1,-1,-1
597,76,626,86,21,17,-1,-1,-1
598,71,593,91,21,18,-1,-1,-1
598,74,589,127,24,27,-1,-1,-1
598,76,626,85,21,17,-1,-1,-1
599,71,593,90,22,17,-1,-1,-1
599,74,591,124,24,26,-1,-1,-1
599,76,626,85,21,17,-1,-1,-1
600,71,594,88,22,17,-1,-1,-1
600,74,593,122,24,26,-1,-1,-1
600,76,626,84,21,17,-1,-1,-1
601,70,621,61,22,18,-1,-1,-1
601,71,594,87,23,17,-1,-1,-1
601,74,595,120,23,25,-1,-1,-1
601,76,627,84,21,17,-1,-1,-1
602,70,621,61,22,18,-1,-1,-1
602,71,595,86,24,16,-1,-1,-1
602,72,545,181,31,27,-1,-1,-1
602,73,278,155,36,36,-1,-1,-1
602,74,596,119,23,25,-1,-1,-1
602,76,627,83,21,17,-1,-1,-1
603,70,621,61,22,18,-1,-1,-1
603,71,595,85,24,16,-1,-1,-1
603,72,545,181,31,27,-1,-1,-1
603,73,277,156,36,36,-1,-1,-1
603,74,597,117,23,24,-1,-1,-1
603,76,627,83,22,17,-1,-1,-1
604,70,621,61,22,18,-1,-1,-1
604,71,595,85,24,16,-1,-1,-1
604,72,545,181,31,27,-1,-1,-1
604,73,277,156,36,36,-1,-1,-1
604,74,598,116,23,23,-1,-1,-1
604,76,628,82,22,17,-1,-1,-1
605,70,621,61,22,18,-1,-1,-1
605,71,595,85,24,16,-1,-1,-1
605,72,545,181,31,27,-1,-1,-1
605,73,278,156,36,36,-1,-1,-1
605,74,599,115,23,23,-1,-1,-1
605,76,628,82,22,17,-1,-1,-1
606,70,621,61,22,18,-1,-1,-1
606,71,595,85,25,16,-1,-1,-1
606,72,545,181,31,27,-1,-1,-1
606,73,279,155,36,36,-1,-1,-1
606,74,599,114,23,22,-1,-1,-1
606,76,628,81,22,17,-1,-1,-1
607,70,621,61,22,18,-1,-1,-1
607,71,595,85,25,16,-1,-1,-1
607,72,545,181,31,27,-1,-1,-1
607,73,280,154,36,35,-1,-1,-1
607,74,600,113,23,22,-1,-1,-1
607,76,629,81,22,17,-1,-1,-1
608,70,621,61,22,18,-1,-1,-1
608,71,595,85,25,16,-1,-1,-1
608,72,545,181,31,27,-1,-1,-1
608,73,281,153,36,35,-1,-1,-1
608,74,600,113,23,22,-1,-1,-1
608,76,629,80,22,17,-1,-1,-1
609,70,621,61,22,18,-1,-1,-1
609,71,595,85,25,16,-1,-1,-1
609,72,545,181,31,27,-1,-1,-1
609,73,281,153,36,35,-1,-1,-1
609,74,600,113,23,22,-1,-1,-1
609,76,629,80,22,17,-1,-1,-1
610,70,621,61,22,18,-1,-1,-1
610,71,595,85,25,16,-1,-1,-1
610,72,545,181,31,27,-1,-1,-1
610,73,281,153,36,35,-1,-1,-1
610,74,600,113,23,22,-1,-1,-1
610,76,629,79,22,17,-1,-1,-1
611,70,621,61,22,18,-1,-1,-1
611,71,595,85,25,16,-1,-1,-1
611,72,545,181,31,27,-1,-1,-1
611,73,281,153,36,35,-1,-1,-1
611,74,600,113,23,22,-1,-1,-1
611,76,630,79,22,17,-1,-1,-1
612,70,621,61,22,18,-1,-1,-1
612,71,595,85,25,16,-1,-1,-1
612,72,545,181,31,27,-1,-1,-1
612,73,281,153,36,35,-1,-1,-1
612,74,600,113,23,22,-1,-1,-1
612,76,630,78,22,17,-1,-1,-1
613,70,621,61,22,18,-1,-1,-1
613,71,595,85,25,16,-1,-1,-1
613,72,545,181,31,27,-1,-1,-1
613,73,281,153,36,35,-1,-1,-1
613,74,600,113,23,22,-1,-1,-1
613,76,630,78,22,17,-1,-1,-1
614,70,621,61,22,18,-1,-1,-1
614,71,595,85,25,16,-1,-1,-1
614,72,545,181,31,27,-1,-1,-1
614,73,281,153,36,35,-1,-1,-1
614,74,601,113,22,21,-1,-1,-1
614,76,631,77,22,17,-1,-1,-1
615,70,621,61,22,18,-1,-1,-1
615,71,595,85,25,16,-1,-1,-1
615,72,545,181,31,27,-1,-1,-1
615,73,281,153,36,35,-1,-1,-1
615,74,601,113,21,19,-1,-1,-1
615,76,631,77,22,17,-1,-1,-1
616,74,602,113,20,18,-1,-1,-1
616,76,631,76,22,18,-1,-1,-1
617,74,602,114,19,18,-1,-1,-1
617,75,614,96,24,18,-1,-1,-1
617,76,631,75,22,18,-1,-1,-1
618,74,601,114,19,17,-1,-1,-1
618,75,614,95,24,18,-1,-1,-1
618,76,631,75,22,18,-1,-1,-1
619,74,601,115,19,17,-1,-1,-1
619,75,614,95,24,18,-1,-1,-1
619,76,631,74,22,19,-1,-1,-1
620,74,600,115,19,17,-1,-1,-1
621,74,600,116,20,18,-1,-1,-1
622,74,600,116,20,18,-1,-1,-1
623,74,599,116,20,18,-1,-1,-1
624,74,599,117,20,18,-1,-1,-1
625,74,598,117,20,18,-1,-1,-1
626,74,598,118,21,19,-1,-1,-1
626,77,324,108,43,26,-1,-1,-1
627,74,597,118,21,19,-1,-1,-1
627,77,320,108,43,27,-1,-1,-1
628,74,597,118,21,19,-1,-1,-1
628,77,318,109,44,27,-1,-1,-1
629,74,596,119,21,19,-1,-1,-1
630,74,596,119,21,19,-1,-1,-1
631,74,595,120,22,20,-1,-1,-1
632,74,595,120,22,20,-1,-1,-1
633,74,594,121,22,20,-1,-1,-1
633,78,225,136,51,28,-1,-1,-1
633,79,398,92,41,25,-1,-1,-1
634,74,594,121,22,20,-1,-1,-1
634,78,210,140,52,29,-1,-1,-1
634,79,393,94,40,25,-1,-1,-1
635,74,593,121,22,20,-1,-1,-1
635,78,196,143,53,30,-1,-1,-1
635,79,387,96,40,25,-1,-1,-1
636,74,593,122,23,21,-1,-1,-1
636,78,176,149,54,30,-1,-1,-1
636,79,379,100,40,24,-1,-1,-1
637,74,592,122,23,21,-1,-1,-1
637,78,166,151,54,31,-1,-1,-1
637,79,371,102,40,24,-1,-1,-1
638,74,592,123,23,21,-1,-1,-1
638,78,160,154,53,31,-1,-1,-1
638,79,362,106,41,24,-1,-1,-1
639,74,591,123,23,21,-1,-1,-1
639,79,352,109,41,24,-1,-1,-1
640,74,591,123,23,21,-1,-1,-1
640,79,341,113,41,24,-1,-1,-1
641,74,590,124,24,22,-1,-1,-1
641,79,330,117,41,23,-1,-1,-1
642,74,590,124,24,22,-1,-1,-1
642,79,319,121,42,24,-1,-1,-1
643,74,589,125,24,22,-1,-1,-1
643,79,306,125,43,25,-1,-1,-1
644,74,589,124,24,22,-1,-1,-1
644,79,291,129,45,26,-1,-1,-1
645,74,590,123,25,22,-1,-1,-1
645,79,277,133,45,27,-1,-1,-1
645,80,406,104,40,23,-1,-1,-1
646,74,591,121,25,22,-1,-1,-1
646,79,270,135,46,27,-1,-1,-1
646,80,402,104,41,23,-1,-1,-1
647,74,593,118,25,22,-1,-1,-1
647,79,266,136,46,27,-1,-1,-1
647,80,403,105,39,23,-1,-1,-1
648,74,595,116,25,23,-1,-1,-1
649,74,597,113,25,23,-1,-1,-1
650,74,599,111,26,23,-1,-1,-1
651,74,601,108,26,23,-1,-1,-1
652,74,603,106,26,23,-1,-1,-1
652,81,489,236,48,45,-1,-1,-1
653,74,605,103,27,23,-1,-1,-1
653,81,498,226,48,43,-1,-1,-1
654,74,608,101,27,23,-1,-1,-1
654,81,506,218,46,42,-1,-1,-1
655,74,610,98,27,23,-1,-1,-1
655,81,517,207,43,40,-1,-1,-1
656,74,612,96,28,23,-1,-1,-1
656,81,527,197,40,39,-1,-1,-1
657,74,614,93,28,24,-1,-1,-1
657,81,536,186,38,38,-1,-1,-1
658,74,616,91,29,24,-1,-1,-1
658,81,544,177,37,37,-1,-1,-1
659,74,618,88,29,24,-1,-1,-1
659,81,553,169,35,35,-1,-1,-1
660,74,621,86,29,24,-1,-1,-1
660,81,559,162,34,34,-1,-1,-1
661,74,623,83,30,24,-1,-1,-1
661,81,566,154,33,33,-1,-1,-1
662,74,625,81,30,24,-1,-1,-1
662,81,571,148,33,33,-1,-1,-1
663,74,627,78,30,24,-1,-1,-1
663,81,577,142,32,32,-1,-1,-1
664,74,629,76,31,24,-1,-1,-1
664,81,581,137,32,32,-1,-1,-1
665,74,631,72,31,25,-1,-1,-1
665,81,585,131,32,32,-1,-1,-1
666,74,633,69,31,26,-1,-1,-1
666,81,589,127,32,30,-1,-1,-1
667,74,633,67,30,27,-1,-1,-1
667,81,592,125,32,28,-1,-1,-1
667,82,384,91,39,24,-1,-1,-1
668,74,634,67,30,28,-1,-1,-1
668,81,595,121,31,27,-1,-1,-1
668,82,378,92,38,26,-1,-1,-1
669,81,599,118,30,26,-1,-1,-1
669,82,372,93,38,27,-1,-1,-1
670,81,602,113,29,25,-1,-1,-1
670,82,364,94,37,29,-1,-1,-1
671,81,605,111,28,24,-1,-1,-1
671,82,356,97,37,30,-1,-1,-1
672,81,608,109,27,23,-1,-1,-1
672,82,347,100,37,30,-1,-1,-1
673,81,610,107,24,21,-1,-1,-1
673,82,343,102,37,29,-1,-1,-1
674,81,613,105,23,20,-1,-1,-1
674,82,339,104,37,28,-1,-1,-1
675,81,615,102,22,20,-1,-1,-1
676,81,617,98,22,20,-1,-1,-1
677,81,619,95,23,21,-1,-1,-1
678,81,620,93,23,21,-1,-1,-1
678,83,603,111,21,19,-1,-1,-1
679,81,620,93,23,21,-1,-1,-1
679,83,605,108,21,18,-1,-1,-1
680,83,606,106,21,19,-1,-1,-1
681,83,609,104,22,18,-1,-1,-1
682,83,611,101,22,19,-1,-1,-1
683,83,613,98,23,19,-1,-1,-1
684,83,614,95,23,19,-1,-1,-1
685,83,615,93,23,19,-1,-1,-1
686,83,616,91,24,20,-1,-1,-1
687,83,617,90,24,20,-1,-1,-1
718,84,599,107,32,26,-1,-1,-1
719,84,601,104,31,26,-1,-1,-1
720,84,603,101,31,27,-1,-1,-1
721,84,606,98,31,27,-1,-1,-1
722,84,609,95,30,27,-1,-1,-1
723,84,611,93,30,27,-1,-1,-1
724,84,613,91,31,27,-1,-1,-1
725,84,616,89,31,27,-1,-1,-1
726,84,618,87,31,25,-1,-1,-1
727,84,620,86,30,24,-1,-1,-1
728,84,622,84,29,23,-1,-1,-1
729,84,623,82,29,23,-1,-1,-1
730,84,625,81,28,22,-1,-1,-1
731,84,626,79,27,21,-1,-1,-1
732,84,627,79,27,21,-1,-1,-1
733,84,627,78,27,21,-1,-1,-1
737,85,404,71,54,32,-1,-1,-1
738,85,400,71,58,34,-1,-1,-1
738,86,572,132,46,45,-1,-1,-1
739,85,397,71,60,36,-1,-1,-1
739,86,576,129,42,43,-1,-1,-1
740,85,392,71,64,38,-1,-1,-1
740,86,579,127,39,41,-1,-1,-1
741,85,387,72,67,39,-1,-1,-1
741,86,583,123,36,39,-1,-1,-1
742,85,381,72,69,39,-1,-1,-1
742,86,587,120,34,36,-1,-1,-1
743,85,377,73,71,39,-1,-1,-1
743,86,591,117,32,33,-1,-1,-1
744,85,376,72,72,40,-1,-1,-1
744,86,594,114,31,32,-1,-1,-1
745,86,598,110,31,31,-1,-1,-1
746,86,601,107,31,30,-1,-1,-1
747,86,604,105,29,28,-1,-1,-1
748,86,607,102,28,27,-1,-1,-1
749,86,610,99,28,27,-1,-1,-1
750,86,612,96,29,27,-1,-1,-1
751,86,614,93,30,26,-1,-1,-1
752,86,616,91,30,26,-1,-1,-1
753,86,618,88,29,25,-1,-1,-1
754,86,620,86,29,25,-1,-1,-1
754,87,354,94,25,19,-1,-1,-1
755,86,622,84,28,25,-1,-1,-1
755,87,354,94,25,19,-1,-1,-1
756,86,624,82,26,24,-1,-1,-1
756,87,354,94,24,19,-1,-1,-1
757,86,626,81,25,23,-1,-1,-1
757,87,355,94,23,19,-1,-1,-1
758,86,627,80,24,22,-1,-1,-1
758,87,355,94,23,19,-1,-1,-1
759,86,628,79,25,22,-1,-1,-1
760,86,629,78,25,22,-1,-1,-1
761,86,629,77,25,22,-1,-1,-1
762,86,629,77,25,22,-1,-1,-1
781,88,535,137,31,25,-1,-1,-1
781,89,563,161,34,30,-1,-1,-1
782,88,539,134,30,24,-1,-1,-1
782,89,568,157,32,28,-1,-1,-1
783,88,540,133,30,24,-1,-1,-1
783,89,569,156,32,27,-1,-1,-1
784,88,541,132,30,24,-1,-1,-1
784,89,571,154,31,27,-1,-1,-1
796,90,583,93,27,22,-1,-1,-1
797,90,583,92,27,23,-1,-1,-1
798,90,584,91,27,24,-1,-1,-1
799,90,585,89,27,24,-1,-1,-1
800,90,587,88,27,24,-1,-1,-1
801,90,589,87,27,24,-1,-1,-1
802,90,592,85,26,24,-1,-1,-1
803,90,594,83,26,24,-1,-1,-1
803,91,517,143,37,33,-1,-1,-1
804,90,597,82,25,24,-1,-1,-1
804,91,523,138,35,33,-1,-1,-1
805,90,599,81,24,24,-1,-1,-1
805,91,528,135,35,33,-1,-1,-1
806,90,601,80,23,24,-1,-1,-1
806,91,534,131,34,32,-1,-1,-1
807,90,602,79,23,23,-1,-1,-1
807,91,539,128,34,30,-1,-1,-1
808,90,604,77,22,23,-1,-1,-1
808,91,544,123,33,29,-1,-1,-1
809,90,606,76,21,23,-1,-1,-1
809,91,550,119,32,28,-1,-1,-1
810,90,607,75,21,22,-1,-1,-1
810,91,555,115,31,27,-1,-1,-1
811,90,609,74,21,21,-1,-1,-1
811,91,560,111,30,26,-1,-1,-1
811,92,714,255,65,35,-1,-1,-1
812,90,610,74,20,21,-1,-1,-1
812,91,564,108,29,26,-1,-1,-1
812,92,696,253,68,35,-1,-1,-1
813,90,611,73,20,20,-1,-1,-1
813,91,568,104,28,26,-1,-1,-1
813,92,685,252,65,34,-1,-1,-1
814,90,613,72,20,19,-1,-1,-1
814,91,572,101,27,26,-1,-1,-1
814,92,675,251,65,33,-1,-1,-1
815,90,614,72,20,18,-1,-1,-1
815,91,576,99,26,25,-1,-1,-1
815,92,671,250,62,32,-1,-1,-1
816,90,615,71,20,18,-1,-1,-1
816,91,578,97,27,25,-1,-1,-1
817,90,616,70,19,17,-1,-1,-1
817,91,581,95,27,24,-1,-1,-1
818,90,617,70,19,18,-1,-1,-1
818,91,584,93,27,25,-1,-1,-1
819,90,618,70,19,18,-1,-1,-1
819,91,587,91,26,24,-1,-1,-1
820,90,618,69,18,18,-1,-1,-1
820,91,589,88,26,25,-1,-1,-1
821,91,592,85,25,25,-1,-1,-1
822,91,594,83,25,26,-1,-1,-1
823,91,596,80,25,26,-1,-1,-1
824,91,599,78,24,25,-1,-1,-1
825,91,601,77,23,24,-1,-1,-1
825,94,513,148,41,36,-1,-1,-1
826,91,603,76,23,24,-1,-1,-1
826,94,520,143,37,35,-1,-1,-1
827,91,605,75,23,25,-1,-1,-1
827,94,525,140,36,35,-1,-1,-1
828,91,607,74,23,25,-1,-1,-1
828,94,532,134,35,34,-1,-1,-1
829,91,608,73,23,24,-1,-1,-1
829,93,340,105,52,33,-1,-1,-1
829,94,539,128,34,33,-1,-1,-1
830,91,609,73,23,24,-1,-1,-1
830,93,330,108,54,33,-1,-1,-1
830,94,545,123,33,32,-1,-1,-1
831,93,322,110,55,33,-1,-1,-1
831,94,551,119,32,31,-1,-1,-1
832,93,316,113,55,32,-1,-1,-1
832,94,556,115,31,29,-1,-1,-1
833,93,313,114,55,32,-1,-1,-1
833,94,561,110,31,29,-1,-1,-1
834,94,565,106,30,28,-1,-1,-1
835,94,570,102,28,27,-1,-1,-1
836,94,574,99,26,26,-1,-1,-1
837,94,576,95,26,26,-1,-1,-1
838,94,579,93,26,25,-1,-1,-1
839,94,581,90,26,25,-1,-1,-1
840,94,585,88,26,24,-1,-1,-1
841,94,588,86,25,23,-1,-1,-1
842,94,591,84,24,22,-1,-1,-1
843,94,594,82,25,21,-1,-1,-1
844,94,595,81,25,20,-1,-1,-1
845,94,598,79,24,19,-1,-1,-1
846,94,600,78,23,19,-1,-1,-1
847,94,601,78,23,19,-1,-1,-1
847,95,338,96,35,32,-1,-1,-1
848,95,330,99,36,31,-1,-1,-1
848,96,430,74,38,22,-1,-1,-1
849,95,323,101,36,31,-1,-1,-1
849,96,425,75,39,23,-1,-1,-1
850,95,319,103,36,30,-1,-1,-1
850,96,421,75,39,23,-1,-1,-1
851,95,316,103,36,32,-1,-1,-1
851,96,415,77,40,24,-1,-1,-1
852,96,410,79,39,23,-1,-1,-1
853,96,404,81,39,23,-1,-1,-1
854,96,398,84,38,23,-1,-1,-1
855,96,392,86,38,23,-1,-1,-1
856,96,385,87,39,24,-1,-1,-1
857,96,376,89,39,24,-1,-1,-1
858,96,368,91,40,25,-1,-1,-1
859,96,359,93,41,25,-1,-1,-1
860,96,350,95,42,26,-1,-1,-1
861,96,341,97,43,26,-1,-1,-1
862,96,331,99,44,28,-1,-1,-1
863,96,326,100,45,28,-1,-1,-1
864,96,323,101,45,29,-1,-1,-1
871,97,398,78,59,39,-1,-1,-1
872,97,392,79,59,40,-1,-1,-1
873,97,388,79,59,40,-1,-1,-1
874,97,384,80,59,40,-1,-1,-1
875,97,382,80,59,41,-1,-1,-1
896,98,550,122,30,25,-1,-1,-1
897,98,554,118,30,25,-1,-1,-1
898,98,557,116,29,24,-1,-1,-1
899,98,560,112,29,24,-1,-1,-1
900,98,562,111,29,23,-1,-1,-1
901,98,563,110,29,23,-1,-1,-1
912,99,517,147,33,33,-1,-1,-1
913,99,524,143,32,32,-1,-1,-1
914,99,529,139,31,31,-1,-1,-1
915,99,535,135,29,29,-1,-1,-1
916,99,542,130,27,27,-1,-1,-1
917,99,548,124,26,27,-1,-1,-1
918,99,554,119,26,26,-1,-1,-1
919,99,559,114,25,26,-1,-1,-1
920,99,564,110,25,25,-1,-1,-1
921,99,570,107,24,24,-1,-1,-1
922,99,575,104,22,22,-1,-1,-1
923,99,579,101,22,21,-1,-1,-1
924,99,582,98,21,20,-1,-1,-1
925,99,585,95,22,20,-1,-1,-1
926,99,588,93,22,20,-1,-1,-1
927,99,591,91,22,21,-1,-1,-1
928,99,594,89,21,20,-1,-1,-1
928,100,593,132,26,22,-1,-1,-1
929,99,596,87,21,20,-1,-1,-1
929,100,594,131,25,22,-1,-1,-1
930,99,598,85,21,18,-1,-1,-1
930,100,594,130,26,22,-1,-1,-1
931,99,600,83,21,18,-1,-1,-1
932,99,602,81,21,18,-1,-1,-1
932,101,392,73,64,39,-1,-1,-1
933,99,604,79,21,18,-1,-1,-1
933,101,389,73,64,39,-1,-1,-1
934,99,605,77,22,17,-1,-1,-1
934,101,388,73,64,39,-1,-1,-1
935,99,607,76,22,18,-1,-1,-1
936,99,609,75,22,18,-1,-1,-1
937,99,611,73,22,18,-1,-1,-1
938,99,613,71,21,18,-1,-1,-1
939,99,615,70,21,17,-1,-1,-1
940,99,617,69,21,17,-1,-1,-1
941,99,619,68,21,17,-1,-1,-1
942,99,621,67,22,18,-1,-1,-1
943,99,622,66,22,18,-1,-1,-1
944,99,623,66,22,18,-1,-1,-1
964,102,363,109,34,22,-1,-1,-1
965,102,355,112,35,22,-1,-1,-1
966,102,353,112,36,22,-1,-1,-1
967,102,349,114,37,22,-1,-1,-1
980,103,592,131,22,23,-1,-1,-1
981,103,594,127,21,22,-1,-1,-1
982,103,596,125,21,21,-1,-1,-1
983,103,597,123,21,21,-1,-1,-1
984,103,598,122,21,21,-1,-1,-1
1008,104,341,95,48,30,-1,-1,-1
1008,105,491,67,33,25,-1,-1,-1
1009,104,337,96,48,30,-1,-1,-1
1009,105,488,67,32,25,-1,-1,-1
1010,104,336,96,48,30,-1,-1,-1
1010,105,485,68,31,25,-1,-1,-1
1011,105,481,69,32,25,-1,-1,-1
1012,105,476,70,32,25,-1,-1,-1
1013,105,471,72,32,25,-1,-1,-1
1014,105,466,73,33,25,-1,-1,-1
1015,105,461,75,33,25,-1,-1,-1
1016,105,456,77,34,25,-1,-1,-1
1017,105,450,78,34,24,-1,-1,-1
1018,105,445,80,35,24,-1,-1,-1
1019,105,440,82,35,24,-1,-1,-1
1020,105,434,83,36,24,-1,-1,-1
1021,105,429,85,36,24,-1,-1,-1
1022,105,424,85,37,25,-1,-1,-1
1023,105,418,85,39,28,-1,-1,-1
1024,105,412,83,42,31,-1,-1,-1
1025,105,404,81,48,35,-1,-1,-1
1026,105,400,80,51,37,-1,-1,-1
1027,105,398,80,53,39,-1,-1,-1
1058,106,669,250,34,24,-1,-1,-1
1059,106,669,249,34,25,-1,-1,-1
1060,106,668,249,33,25,-1,-1,-1
1061,106,668,249,33,26,-1,-1,-1
1062,106,668,249,32,26,-1,-1,-1
1063,106,668,249,32,26,-1,-1,-1
1064,106,668,249,32,26,-1,-1,-1
1065,106,668,249,32,27,-1,-1,-1
1066,106,668,249,33,28,-1,-1,-1
1067,106,668,248,34,29,-1,-1,-1
1068,106,669,249,34,29,-1,-1,-1
1079,107,620,83,30,30,-1,-1,-1
1080,107,621,82,31,30,-1,-1,-1
1081,107,622,81,32,31,-1,-1,-1
1082,107,623,81,31,30,-1,-1,-1
1083,107,624,80,30,28,-1,-1,-1
1084,107,626,80,29,27,-1,-1,-1
1085,107,628,78,29,26,-1,-1,-1
1086,107,630,76,29,25,-1,-1,-1
1087,107,633,75,29,25,-1,-1,-1
1088,107,635,74,29,25,-1,-1,-1
1088,108,579,138,30,26,-1,-1,-1
1089,107,635,73,29,24,-1,-1,-1
1089,108,582,134,30,26,-1,-1,-1
1090,107,636,73,29,24,-1,-1,-1
1090,108,585,131,30,26,-1,-1,-1
1091,108,589,127,30,25,-1,-1,-1
1092,108,592,124,30,24,-1,-1,-1
1093,108,595,120,30,24,-1,-1,-1
1093,109,560,96,32,21,-1,-1,-1
1094,108,598,116,29,23,-1,-1,-1
1094,109,563,94,31,21,-1,-1,-1
1095,108,602,112,28,23,-1,-1,-1
1095,109,566,93,31,21,-1,-1,-1
1095,112,577,144,27,27,-1,-1,-1
1096,108,605,110,28,22,-1,-1,-1
1096,109,569,90,29,21,-1,-1,-1
1096,110,352,101,37,21,-1,-1,-1
1096,112,581,140,25,25,-1,-1,-1
1097,108,608,107,27,21,-1,-1,-1
1097,109,571,89,29,21,-1,-1,-1
1097,110,350,102,37,21,-1,-1,-1
1097,112,584,137,24,24,-1,-1,-1
1098,108,610,105,26,20,-1,-1,-1
1098,109,572,88,29,21,-1,-1,-1
1098,110,349,103,37,21,-1,-1,-1
1098,112,589,133,23,22,-1,-1,-1
1099,108,613,103,25,19,-1,-1,-1
1099,111,418,344,31,34,-1,-1,-1
1099,112,592,128,22,21,-1,-1,-1
1100,108,615,100,25,19,-1,-1,-1
1100,111,417,344,32,35,-1,-1,-1
1100,112,595,123,23,21,-1,-1,-1
1101,108,617,98,25,18,-1,-1,-1
1101,111,417,345,32,35,-1,-1,-1
1101,112,598,118,23,22,-1,-1,-1
1102,108,617,97,25,19,-1,-1,-1
1102,111,416,346,32,36,-1,-1,-1
1102,112,602,114,23,21,-1,-1,-1
1103,111,417,347,31,36,-1,-1,-1
1103,112,605,111,22,20,-1,-1,-1
1104,112,609,109,21,19,-1,-1,-1
1105,112,611,106,21,19,-1,-1,-1
1106,112,612,104,22,19,-1,-1,-1
1107,112,613,103,22,20,-1,-1,-1
1108,113,577,148,33,35,-1,-1,-1
1109,113,580,144,33,33,-1,-1,-1
1109,114,413,78,42,28,-1,-1,-1
1110,113,582,141,32,31,-1,-1,-1
1110,114,409,78,44,29,-1,-1,-1
1111,113,586,137,31,28,-1,-1,-1
1111,114,405,80,45,30,-1,-1,-1
1112,113,589,133,31,27,-1,-1,-1
1112,114,400,82,46,30,-1,-1,-1
1112,115,486,57,27,26,-1,-1,-1
1113,113,593,128,30,27,-1,-1,-1
1113,114,394,84,46,30,-1,-1,-1
1113,115,483,57,28,26,-1,-1,-1
1114,113,597,124,30,27,-1,-1,-1
1114,114,387,85,44,31,-1,-1,-1
1114,115,481,58,28,26,-1,-1,-1
1115,113,601,120,28,27,-1,-1,-1
1115,114,379,87,42,31,-1,-1,-1
1115,115,478,59,28,25,-1,-1,-1
1116,113,604,116,26,26,-1,-1,-1
1116,114,371,89,38,30,-1,-1,-1
1116,115,475,60,28,25,-1,-1,-1
1117,113,606,112,25,25,-1,-1,-1
1117,114,367,90,38,30,-1,-1,-1
1117,115,472,61,28,25,-1,-1,-1
1118,113,608,110,24,23,-1,-1,-1
1118,114,365,92,37,29,-1,-1,-1
1118,115,468,63,28,25,-1,-1,-1
1119,113,609,107,24,22,-1,-1,-1
1119,115,463,64,29,25,-1,-1,-1
1120,113,610,105,23,21,-1,-1,-1
1120,115,458,66,29,25,-1,-1,-1
1121,113,611,104,22,20,-1,-1,-1
1121,115,453,68,31,26,-1,-1,-1
1122,115,446,70,32,26,-1,-1,-1
1123,115,439,71,33,27,-1,-1,-1
1124,115,432,72,35,28,-1,-1,-1
1125,115,425,74,36,29,-1,-1,-1
1126,115,418,75,38,30,-1,-1,-1
1127,115,410,76,39,31,-1,-1,-1
1128,115,403,77,41,32,-1,-1,-1
1129,115,395,78,42,33,-1,-1,-1
1130,115,388,79,42,34,-1,-1,-1
1131,115,378,81,43,34,-1,-1,-1
1132,115,368,84,43,34,-1,-1,-1
1133,115,357,88,44,34,-1,-1,-1
1134,115,346,92,45,34,-1,-1,-1
1135,115,334,95,46,34,-1,-1,-1
1136,115,320,98,47,34,-1,-1,-1
1137,115,314,100,47,35,-1,-1,-1
1138,115,309,101,48,35,-1,-1,-1
1149,116,498,151,46,40,-1,-1,-1
1150,116,505,147,45,38,-1,-1,-1
1151,116,511,144,45,37,-1,-1,-1
1152,116,517,140,44,36,-1,-1,-1
1153,116,524,136,42,35,-1,-1,-1
1154,116,530,132,41,34,-1,-1,-1
1155,116,536,128,39,32,-1,-1,-1
1156,116,543,124,38,31,-1,-1,-1
1157,116,549,120,36,29,-1,-1,-1
1158,116,554,116,34,28,-1,-1,-1
1159,116,560,113,32,26,-1,-1,-1
1160,116,565,110,28,24,-1,-1,-1
1161,116,570,107,26,22,-1,-1,-1
1162,116,573,106,25,21,-1,-1,-1
1162,117,595,124,21,20,-1,-1,-1
1163,116,574,104,25,21,-1,-1,-1
1163,117,596,123,21,20,-1,-1,-1
1164,117,596,123,21,20,-1,-1,-1
1166,119,525,118,24,20,-1,-1,-1
1167,119,530,114,23,20,-1,-1,-1
1168,119,534,112,22,19,-1,-1,-1
1169,118,357,90,25,25,-1,-1,-1
1169,119,539,109,21,18,-1,-1,-1
1170,118,356,90,25,25,-1,-1,-1
1170,119,544,106,21,18,-1,-1,-1
1171,118,356,90,26,26,-1,-1,-1
1171,119,548,102,22,18,-1,-1,-1
1172,118,356,89,27,26,-1,-1,-1
1172,119,552,99,23,19,-1,-1,-1
1172,120,572,153,30,29,-1,-1,-1
1173,118,356,89,27,26,-1,-1,-1
1173,119,555,97,24,19,-1,-1,-1
1173,120,576,150,28,27,-1,-1,-1
1174,119,559,94,25,19,-1,-1,-1
1174,120,578,147,27,27,-1,-1,-1
1175,119,562,92,25,19,-1,-1,-1
1175,120,582,143,27,27,-1,-1,-1
1176,119,563,91,26,19,-1,-1,-1
1176,120,585,140,27,26,-1,-1,-1
1177,119,564,91,25,19,-1,-1,-1
1177,120,589,136,27,25,-1,-1,-1
1178,120,593,132,27,25,-1,-1,-1
1178,121,541,132,30,26,-1,-1,-1
1179,120,597,127,27,25,-1,-1,-1
1179,121,545,128,29,24,-1,-1,-1
1180,120,599,124,27,24,-1,-1,-1
1180,121,549,125,28,23,-1,-1,-1
1181,120,602,120,26,22,-1,-1,-1
1181,121,554,122,28,22,-1,-1,-1
1182,120,604,117,26,21,-1,-1,-1
1182,121,559,118,27,21,-1,-1,-1
1183,120,607,114,24,20,-1,-1,-1
1183,121,563,114,27,21,-1,-1,-1
1184,120,608,113,24,20,-1,-1,-1
1184,121,568,110,27,21,-1,-1,-1
1185,120,609,111,24,21,-1,-1,-1
1185,121,572,107,27,20,-1,-1,-1
1186,121,575,105,26,19,-1,-1,-1
1187,121,578,102,25,18,-1,-1,-1
1188,121,581,99,25,18,-1,-1,-1
1188,122,563,156,28,26,-1,-1,-1
1189,121,585,97,25,18,-1,-1,-1
1189,122,567,152,27,26,-1,-1,-1
1190,121,587,96,25,18,-1,-1,-1
1190,122,569,149,27,25,-1,-1,-1
1191,121,588,95,24,18,-1,-1,-1
1191,122,573,144,27,25,-1,-1,-1
1192,122,577,141,27,25,-1,-1,-1
1192,123,597,86,24,16,-1,-1,-1
1193,122,580,137,27,25,-1,-1,-1
1193,123,599,84,23,16,-1,-1,-1
1194,122,584,133,27,24,-1,-1,-1
1194,123,600,84,22,16,-1,-1,-1
1195,122,588,129,26,23,-1,-1,-1
1195,123,601,83,22,16,-1,-1,-1
1195,124,547,104,24,19,-1,-1,-1
1196,122,591,126,25,22,-1,-1,-1
1196,124,550,102,23,18,-1,-1,-1
1197,122,595,122,24,21,-1,-1,-1
1197,124,553,100,23,18,-1,-1,-1
1198,122,598,119,23,20,-1,-1,-1
1198,124,557,98,23,18,-1,-1,-1
1199,122,601,115,22,19,-1,-1,-1
1199,124,560,96,22,18,-1,-1,-1
1200,122,603,112,22,19,-1,-1,-1
1200,124,564,94,21,17,-1,-1,-1
1201,122,605,109,22,18,-1,-1,-1
1201,124,568,92,20,16,-1,-1,-1
1202,122,607,107,22,17,-1,-1,-1
1202,124,572,90,19,15,-1,-1,-1
1202,125,583,141,28,25,-1,-1,-1
1203,122,610,105,21,17,-1,-1,-1
1203,124,576,87,18,15,-1,-1,-1
1203,125,586,139,28,25,-1,-1,-1
1204,122,612,103,20,16,-1,-1,-1
1204,124,579,85,18,14,-1,-1,-1
1204,125,589,136,27,24,-1,-1,-1
1205,122,614,100,20,16,-1,-1,-1
1205,124,581,84,17,14,-1,-1,-1
1205,125,592,133,26,23,-1,-1,-1
1206,122,615,99,20,16,-1,-1,-1
1206,124,582,83,17,13,-1,-1,-1
1206,125,595,129,27,23,-1,-1,-1
1207,122,616,97,20,15,-1,-1,-1
1207,125,596,125,28,23,-1,-1,-1
1208,125,597,124,29,23,-1,-1,-1
1208,127,557,169,34,33,-1,-1,-1
1209,125,598,123,30,24,-1,-1,-1
1209,127,560,165,34,31,-1,-1,-1
1210,126,325,121,42,25,-1,-1,-1
1210,127,562,162,34,30,-1,-1,-1
1211,126,321,122,43,25,-1,-1,-1
1211,127,566,157,34,29,-1,-1,-1
1212,126,318,122,44,25,-1,-1,-1
1212,127,570,153,33,28,-1,-1,-1
1213,127,574,148,33,28,-1,-1,-1
1214,127,578,143,33,27,-1,-1,-1
1215,127,581,139,32,27,-1,-1,-1
1216,127,585,135,32,26,-1,-1,-1
1217,127,589,131,31,25,-1,-1,-1
1218,127,592,126,31,25,-1,-1,-1
1218,128,249,365,47,36,-1,-1,-1
1219,127,596,123,31,24,-1,-1,-1
1219,128,248,364,47,36,-1,-1,-1
1220,127,599,119,31,24,-1,-1,-1
1220,128,248,364,47,36,-1,-1,-1
1220,129,635,67,27,17,-1,-1,-1
1221,127,602,116,30,24,-1,-1,-1
1221,129,635,67,27,16,-1,-1,-1
1221,130,543,132,34,26,-1,-1,-1
1222,127,605,112,30,24,-1,-1,-1
1222,129,635,67,27,16,-1,-1,-1
1222,130,547,128,34,25,-1,-1,-1
1223,127,607,109,29,22,-1,-1,-1
1223,130,549,126,34,25,-1,-1,-1
1224,127,609,106,29,22,-1,-1,-1
1224,130,554,122,34,25,-1,-1,-1
1225,127,611,104,28,20,-1,-1,-1
1225,130,557,118,33,24,-1,-1,-1
1226,127,612,103,27,20,-1,-1,-1
1226,130,562,115,32,23,-1,-1,-1
1227,127,613,102,27,20,-1,-1,-1
1227,130,566,112,30,22,-1,-1,-1
1228,130,571,110,29,20,-1,-1,-1
1229,130,573,109,28,20,-1,-1,-1
1230,130,574,108,28,19,-1,-1,-1
1230,131,639,69,23,17,-1,-1,-1
1231,131,639,69,22,17,-1,-1,-1
1232,131,639,69,22,17,-1,-1,-1
1234,132,557,126,27,20,-1,-1,-1
1235,132,559,123,27,19,-1,-1,-1
1236,132,562,121,26,19,-1,-1,-1
1237,132,564,118,26,19,-1,-1,-1
1238,132,567,115,26,19,-1,-1,-1
1239,132,570,112,26,19,-1,-1,-1
1240,132,574,109,26,19,-1,-1,-1
1241,132,578,106,26,20,-1,-1,-1
1242,132,581,103,25,20,-1,-1,-1
1243,132,582,101,25,21,-1,-1,-1
1244,132,583,101,24,20,-1,-1,-1
1285,133,425,76,43,33,-1,-1,-1
1286,133,421,76,46,34,-1,-1,-1
1287,133,417,76,47,34,-1,-1,-1
1288,133,412,76,50,36,-1,-1,-1
1289,133,405,77,52,38,-1,-1,-1
1290,133,397,78,54,39,-1,-1,-1
1291,133,393,79,55,41,-1,-1,-1
1292,133,390,79,56,40,-1,-1,-1
1319,134,355,93,24,20,-1,-1,-1
1320,134,355,93,24,20,-1,-1,-1
1320,135,716,257,50,28,-1,-1,-1
1321,134,355,93,24,20,-1,-1,-1
1321,135,710,256,50,28,-1,-1,-1
1322,135,707,256,50,27,-1,-1,-1
1377,136,350,116,35,19,-1,-1,-1
1377,137,415,62,49,31,-1,-1,-1
1378,136,347,117,36,19,-1,-1,-1
1378,137,413,62,50,32,-1,-1,-1
1379,136,345,118,36,20,-1,-1,-1
1379,137,413,62,50,32,-1,-1,-1
1381,138,391,70,40,35,-1,-1,-1
1382,138,388,71,41,35,-1,-1,-1
1382,139,12,156,35,28,-1,-1,-1
1383,138,387,72,42,34,-1,-1,-1
1383,139,10,156,35,27,-1,-1,-1
1384,139,9,156,35,27,-1,-1,-1
1385,141,363,89,45,28,-1,-1,-1
1386,141,357,88,46,30,-1,-1,-1
1387,141,353,88,46,30,-1,-1,-1
1388,141,346,89,47,31,-1,-1,-1
1389,140,417,90,34,20,-1,-1,-1
1389,141,339,92,45,30,-1,-1,-1
1390,140,411,90,35,21,-1,-1,-1
1390,141,331,97,44,28,-1,-1,-1
1391,140,407,91,36,21,-1,-1,-1
1391,141,322,102,45,27,-1,-1,-1
1392,140,401,93,35,22,-1,-1,-1
1392,141,313,104,46,28,-1,-1,-1
1393,140,396,96,35,22,-1,-1,-1
1393,141,304,104,48,30,-1,-1,-1
1394,140,389,99,35,22,-1,-1,-1
1394,141,295,104,49,31,-1,-1,-1
1395,140,385,101,35,22,-1,-1,-1
1395,141,286,106,51,32,-1,-1,-1
1396,140,382,102,36,22,-1,-1,-1
1396,141,275,109,51,32,-1,-1,-1
1397,141,264,113,52,32,-1,-1,-1
1398,141,252,115,52,33,-1,-1,-1
1399,141,247,116,52,34,-1,-1,-1
1400,141,243,117,52,35,-1,-1,-1
1401,142,423,75,33,22,-1,-1,-1
1402,142,419,74,35,24,-1,-1,-1
1403,142,416,74,38,27,-1,-1,-1
1404,142,410,74,41,30,-1,-1,-1
1405,142,405,74,46,31,-1,-1,-1
1406,142,399,75,49,33,-1,-1,-1
1407,142,394,76,51,33,-1,-1,-1
1408,142,388,77,54,34,-1,-1,-1
1409,142,383,79,54,33,-1,-1,-1
1410,142,380,80,54,32,-1,-1,-1
1411,142,377,82,53,32,-1,-1,-1
1453,143,394,75,58,35,-1,-1,-1
1454,143,392,75,59,35,-1,-1,-1
1455,143,392,75,59,35,-1,-1,-1
1458,144,355,96,36,25,-1,-1,-1
1459,144,348,98,38,26,-1,-1,-1
1460,144,341,98,40,26,-1,-1,-1
1461,144,337,98,42,28,-1,-1,-1
1462,144,334,98,43,28,-1,-1,-1
1490,145,351,91,36,32,-1,-1,-1
1491,145,344,94,36,30,-1,-1,-1
1492,145,342,95,36,29,-1,-1,-1
1493,145,340,97,36,28,-1,-1,-1
1514,147,582,131,28,27,-1,-1,-1
1515,147,585,127,28,27,-1,-1,-1
1516,147,587,124,27,27,-1,-1,-1
1517,147,590,121,26,26,-1,-1,-1
1518,147,592,119,26,25,-1,-1,-1
1519,147,594,116,25,24,-1,-1,-1
1520,147,596,112,24,24,-1,-1,-1
1521,147,599,108,24,23,-1,-1,-1
1522,146,636,74,27,22,-1,-1,-1
1522,147,603,105,23,23,-1,-1,-1
1523,146,636,73,27,22,-1,-1,-1
1523,147,605,101,23,22,-1,-1,-1
1524,146,636,73,27,22,-1,-1,-1
1524,147,608,98,24,22,-1,-1,-1
1525,147,609,94,25,22,-1,-1,-1
1526,147,611,92,25,21,-1,-1,-1
1527,147,612,89,25,21,-1,-1,-1
1527,148,589,125,26,22,-1,-1,-1
1528,147,614,87,24,20,-1,-1,-1
1528,148,592,121,25,22,-1,-1,-1
1529,147,615,85,24,20,-1,-1,-1
1529,148,594,119,25,22,-1,-1,-1
1530,147,616,83,25,19,-1,-1,-1
1530,148,597,115,25,22,-1,-1,-1
1531,147,618,81,25,19,-1,-1,-1
1531,148,600,111,25,21,-1,-1,-1
1532,147,619,79,26,19,-1,-1,-1
1532,148,603,108,25,21,-1,-1,-1
1533,147,619,78,26,20,-1,-1,-1
1533,148,606,105,25,20,-1,-1,-1
1534,147,619,78,27,20,-1,-1,-1
1534,148,608,102,25,20,-1,-1,-1
1535,148,610,99,25,20,-1,-1,-1
1536,148,613,96,25,20,-1,-1,-1
1537,148,614,95,25,20,-1,-1,-1
1538,148,614,94,25,20,-1,-1,-1
1549,149,354,94,23,18,-1,-1,-1
1550,149,353,94,24,20,-1,-1,-1
1551,149,353,94,24,21,-1,-1,-1
1552,149,353,94,25,21,-1,-1,-1
1553,149,353,94,26,22,-1,-1,-1
1554,149,354,93,27,23,-1,-1,-1
1555,149,354,93,28,24,-1,-1,-1
1556,149,354,92,29,25,-1,-1,-1
1557,149,355,92,30,25,-1,-1,-1
1558,149,355,92,30,25,-1,-1,-1
1559,149,355,91,30,25,-1,-1,-1
1560,149,356,90,30,25,-1,-1,-1
1561,149,356,89,30,25,-1,-1,-1
1562,149,356,89,29,25,-1,-1,-1
1563,149,356,89,29,25,-1,-1,-1
1564,149,357,89,28,24,-1,-1,-1
1565,149,357,90,28,23,-1,-1,-1
1566,149,358,90,28,22,-1,-1,-1
1567,149,358,90,29,22,-1,-1,-1
1568,149,358,90,30,22,-1,-1,-1
1569,149,358,90,30,22,-1,-1,-1
1570,149,358,90,30,22,-1,-1,-1
1574,150,407,108,36,22,-1,-1,-1
1575,150,404,108,36,22,-1,-1,-1
1576,150,403,108,36,23,-1,-1,-1
1584,151,391,103,35,23,-1,-1,-1
1585,151,385,104,36,23,-1,-1,-1
1586,151,378,106,37,24,-1,-1,-1
1587,151,370,108,37,24,-1,-1,-1
1588,151,361,111,37,24,-1,-1,-1
1589,151,352,114,37,24,-1,-1,-1
1590,151,346,116,37,23,-1,-1,-1
1591,151,343,117,38,23,-1,-1,-1
1594,152,626,78,29,20,-1,-1,-1
1595,152,626,77,29,20,-1,-1,-1
1596,152,626,77,29,20,-1,-1,-1
1597,153,306,110,45,28,-1,-1,-1
1598,153,298,114,43,27,-1,-1,-1
1599,153,291,116,42,27,-1,-1,-1
1600,153,287,118,42,27,-1,-1,-1
1601,153,283,118,42,28,-1,-1,-1
1609,154,557,95,36,21,-1,-1,-1
1610,154,560,94,34,20,-1,-1,-1
1611,154,560,94,33,20,-1,-1,-1
1612,154,561,93,33,20,-1,-1,-1
1612,155,358,91,27,23,-1,-1,-1
1613,155,356,92,25,23,-1,-1,-1
1614,155,355,92,25,23,-1,-1,-1
1615,155,355,92,25,24,-1,-1,-1
1622,156,469,253,57,54,-1,-1,-1
1622,157,554,165,33,34,-1,-1,-1
1623,156,480,242,55,51,-1,-1,-1
1623,157,558,161,33,33,-1,-1,-1
1624,156,489,232,53,47,-1,-1,-1
1624,157,562,158,32,32,-1,-1,-1
1625,156,501,220,48,43,-1,-1,-1
1625,157,567,152,31,31,-1,-1,-1
1626,156,507,214,46,41,-1,-1,-1
1626,157,572,147,30,29,-1,-1,-1
1627,156,511,211,44,39,-1,-1,-1
1627,157,576,142,30,28,-1,-1,-1
1628,157,580,137,30,28,-1,-1,-1
1629,157,584,133,31,27,-1,-1,-1
1630,157,587,129,31,26,-1,-1,-1
1631,157,590,125,30,25,-1,-1,-1
1632,157,594,121,29,25,-1,-1,-1
1633,157,598,117,28,25,-1,-1,-1
1634,157,602,113,27,25,-1,-1,-1
1635,157,605,110,26,24,-1,-1,-1
1636,157,607,107,25,23,-1,-1,-1
1637,157,610,104,25,23,-1,-1,-1
1638,157,612,102,24,22,-1,-1,-1
1639,157,613,100,24,22,-1,-1,-1
1640,157,614,99,23,22,-1,-1,-1
1640,158,561,116,23,18,-1,-1,-1
1641,158,563,113,23,18,-1,-1,-1
1642,158,563,113,23,18,-1,-1,-1
1643,158,564,112,23,18,-1,-1,-1
1643,159,385,239,46,36,-1,-1,-1
1644,159,385,239,49,36,-1,-1,-1
1644,160,399,71,55,38,-1,-1,-1
1645,159,386,239,48,36,-1,-1,-1
1645,160,397,72,56,37,-1,-1,-1
1646,159,386,239,48,36,-1,-1,-1
1646,160,397,72,55,37,-1,-1,-1
1647,159,387,239,48,36,-1,-1,-1
1648,159,387,239,48,36,-1,-1,-1
1649,159,387,239,47,36,-1,-1,-1
1663,161,106,109,49,44,-1,-1,-1
1664,161,106,109,49,45,-1,-1,-1
1665,161,107,109,50,45,-1,-1,-1
1671,162,358,96,24,21,-1,-1,-1
1672,162,357,96,24,21,-1,-1,-1
1673,162,357,96,24,21,-1,-1,-1
1674,162,357,96,24,21,-1,-1,-1
1686,163,390,80,57,42,-1,-1,-1
1687,163,387,80,58,42,-1,-1,-1
1688,163,386,81,59,41,-1,-1,-1
1718,164,322,98,46,31,-1,-1,-1
1719,164,318,99,46,31,-1,-1,-1
1720,164,317,99,46,31,-1,-1,-1
1724,165,43,154,38,23,-1,-1,-1
1725,165,36,152,37,23,-1,-1,-1
1726,165,31,151,36,23,-1,-1,-1
1727,165,24,150,36,23,-1,-1,-1
1728,165,21,150,36,23,-1,-1,-1
1729,165,18,150,36,23,-1,-1,-1
1769,167,532,194,31,29,-1,-1,-1
1770,167,537,190,29,27,-1,-1,-1
1771,166,354,88,26,23,-1,-1,-1
1771,167,541,185,28,27,-1,-1,-1
1772,166,355,88,26,23,-1,-1,-1
1772,167,547,179,27,26,-1,-1,-1
1773,166,355,88,25,23,-1,-1,-1
1773,167,553,171,27,26,-1,-1,-1
1774,166,355,88,25,23,-1,-1,-1
1774,167,558,165,26,25,-1,-1,-1
1775,167,564,159,26,25,-1,-1,-1
1776,167,569,154,25,25,-1,-1,-1
1777,167,574,149,25,24,-1,-1,-1
1778,167,577,145,25,24,-1,-1,-1
1778,170,530,191,34,35,-1,-1,-1
1779,167,582,141,24,24,-1,-1,-1
1779,170,536,186,32,33,-1,-1,-1
1780,167,585,136,24,24,-1,-1,-1
1780,170,540,181,31,32,-1,-1,-1
1781,167,589,132,23,23,-1,-1,-1
1781,168,564,118,22,22,-1,-1,-1
1781,169,357,90,26,23,-1,-1,-1
1781,170,546,176,30,31,-1,-1,-1
1782,167,592,128,23,23,-1,-1,-1
1782,168,567,115,21,21,-1,-1,-1
1782,169,357,90,26,23,-1,-1,-1
1782,170,552,169,29,30,-1,-1,-1
1783,167,595,125,22,22,-1,-1,-1
1783,168,570,113,21,20,-1,-1,-1
1783,169,357,90,27,24,-1,-1,-1
1783,170,558,163,28,28,-1,-1,-1
1784,167,598,121,22,21,-1,-1,-1
1784,168,571,111,20,20,-1,-1,-1
1784,169,357,90,27,25,-1,-1,-1
1784,170,563,158,27,28,-1,-1,-1
1785,167,601,117,21,21,-1,-1,-1
1785,168,572,110,20,19,-1,-1,-1
1785,169,356,90,28,26,-1,-1,-1
1785,170,568,152,27,27,-1,-1,-1
1786,167,603,115,21,21,-1,-1,-1
1786,169,356,90,28,26,-1,-1,-1
1786,170,574,146,25,27,-1,-1,-1
1787,167,603,113,21,21,-1,-1,-1
1787,169,357,89,29,26,-1,-1,-1
1787,170,579,140,25,28,-1,-1,-1
1788,169,358,89,30,26,-1,-1,-1
1788,170,583,134,25,28,-1,-1,-1
1789,169,358,89,30,26,-1,-1,-1
1789,170,587,129,25,28,-1,-1,-1
1790,169,359,89,29,26,-1,-1,-1
1790,170,590,125,24,27,-1,-1,-1
1791,169,359,89,29,26,-1,-1,-1
1791,170,592,123,23,27,-1,-1,-1
1792,169,359,89,29,25,-1,-1,-1
1792,170,593,121,23,27,-1,-1,-1
1795,172,525,112,31,24,-1,-1,-1
1796,172,529,110,30,22,-1,-1,-1
1797,172,533,107,28,21,-1,-1,-1
1798,172,539,104,26,21,-1,-1,-1
1799,172,543,101,24,21,-1,-1,-1
1800,172,547,98,23,20,-1,-1,-1
1800,173,544,126,25,24,-1,-1,-1
1801,172,551,96,23,20,-1,-1,-1
1801,173,548,123,24,23,-1,-1,-1
1802,172,555,94,22,19,-1,-1,-1
1802,173,552,120,23,22,-1,-1,-1
1803,172,559,93,22,19,-1,-1,-1
1803,173,558,117,22,22,-1,-1,-1
1804,171,589,136,26,24,-1,-1,-1
1804,172,562,90,22,19,-1,-1,-1
1804,173,562,113,22,21,-1,-1,-1
1805,171,592,133,25,23,-1,-1,-1
1805,172,563,89,22,19,-1,-1,-1
1805,173,566,110,22,21,-1,-1,-1
1806,171,594,130,25,22,-1,-1,-1
1806,172,564,88,22,19,-1,-1,-1
1806,173,570,106,22,20,-1,-1,-1
1807,171,595,128,25,21,-1,-1,-1
1807,173,573,103,22,19,-1,-1,-1
1808,171,595,127,25,21,-1,-1,-1
1808,173,576,99,23,19,-1,-1,-1
1809,173,579,96,23,19,-1,-1,-1
1810,173,580,94,23,19,-1,-1,-1
1811,173,581,94,22,18,-1,-1,-1
1811,174,634,76,25,21,-1,-1,-1
1811,175,583,80,23,18,-1,-1,-1
1812,174,634,76,25,21,-1,-1,-1
1812,175,583,80,23,18,-1,-1,-1
1813,174,633,75,25,21,-1,-1,-1
1813,175,583,79,23,18,-1,-1,-1
1814,174,633,75,25,21,-1,-1,-1
1815,174,632,75,24,21,-1,-1,-1
1847,176,356,91,26,25,-1,-1,-1
1848,176,356,91,26,25,-1,-1,-1
1849,176,356,91,26,25,-1,-1,-1
1850,176,355,91,27,25,-1,-1,-1
1851,176,355,91,27,25,-1,-1,-1
1852,176,354,91,27,25,-1,-1,-1
1854,178,522,117,28,23,-1,-1,-1
1855,177,616,100,21,16,-1,-1,-1
1855,178,526,114,28,24,-1,-1,-1
1856,177,617,99,21,16,-1,-1,-1
1856,178,530,112,27,23,-1,-1,-1
1857,177,617,99,21,16,-1,-1,-1
1857,178,535,109,26,22,-1,-1,-1
1858,178,540,106,26,21,-1,-1,-1
1859,178,544,103,26,21,-1,-1,-1
1860,178,547,101,27,21,-1,-1,-1
1861,178,552,98,27,21,-1,-1,-1
1862,178,554,97,27,21,-1,-1,-1
1863,178,556,96,27,21,-1,-1,-1
1864,182,541,137,31,25,-1,-1,-1
1865,182,545,133,29,25,-1,-1,-1
1866,179,465,65,34,34,-1,-1,-1
1866,182,548,130,29,24,-1,-1,-1
1867,179,461,68,33,32,-1,-1,-1
1867,180,579,81,19,15,-1,-1,-1
1867,182,553,126,27,23,-1,-1,-1
1868,179,459,70,33,30,-1,-1,-1
1868,180,579,81,19,15,-1,-1,-1
1868,182,558,123,27,22,-1,-1,-1
1869,179,455,72,33,30,-1,-1,-1
1869,180,579,80,18,14,-1,-1,-1
1869,182,563,119,26,22,-1,-1,-1
1870,179,451,75,32,29,-1,-1,-1
1870,182,567,115,26,21,-1,-1,-1
1871,179,446,75,32,31,-1,-1,-1
1871,182,571,112,25,21,-1,-1,-1
1872,179,440,79,30,30,-1,-1,-1
1872,181,341,114,37,25,-1,-1,-1
1872,182,575,109,25,20,-1,-1,-1
1873,179,434,81,31,29,-1,-1,-1
1873,181,337,115,37,25,-1,-1,-1
1873,182,578,107,24,20,-1,-1,-1
1874,179,427,84,31,29,-1,-1,-1
1874,181,336,116,37,25,-1,-1,-1
1874,182,582,104,25,19,-1,-1,-1
1875,179,418,85,33,31,-1,-1,-1
1875,182,585,101,25,19,-1,-1,-1
1876,179,410,86,36,32,-1,-1,-1
1876,182,588,98,26,18,-1,-1,-1
1877,179,401,89,37,33,-1,-1,-1
1877,182,590,95,26,18,-1,-1,-1
1877,183,539,140,30,23,-1,-1,-1
1878,179,393,92,38,33,-1,-1,-1
1878,182,591,94,27,18,-1,-1,-1
1878,183,542,137,29,22,-1,-1,-1
1879,179,385,95,37,33,-1,-1,-1
1879,182,592,94,27,17,-1,-1,-1
1879,183,545,134,29,21,-1,-1,-1
1880,179,375,97,37,35,-1,-1,-1
1880,183,549,130,28,20,-1,-1,-1
1881,179,365,100,37,35,-1,-1,-1
1881,183,553,127,28,19,-1,-1,-1
1882,179,354,104,37,36,-1,-1,-1
1882,183,557,123,27,19,-1,-1,-1
1883,179,348,106,37,36,-1,-1,-1
1883,183,560,121,27,18,-1,-1,-1
1884,179,345,108,37,36,-1,-1,-1
1884,183,561,119,26,18,-1,-1,-1
1885,184,557,99,32,17,-1,-1,-1
1886,184,562,98,32,18,-1,-1,-1
1887,184,567,98,31,18,-1,-1,-1
1888,184,574,99,29,19,-1,-1,-1
1889,184,579,101,27,18,-1,-1,-1
1890,184,584,104,26,19,-1,-1,-1
1891,184,589,107,25,19,-1,-1,-1
1892,184,593,107,24,19,-1,-1,-1
1893,184,597,106,24,20,-1,-1,-1
1894,184,599,102,24,19,-1,-1,-1
1895,184,600,96,23,18,-1,-1,-1
1896,184,601,90,23,18,-1,-1,-1
1897,184,603,87,23,18,-1,-1,-1
1898,184,607,85,23,18,-1,-1,-1
1899,184,610,84,22,18,-1,-1,-1
1900,184,612,82,22,18,-1,-1,-1
1900,185,563,162,32,26,-1,-1,-1
1901,184,613,80,23,17,-1,-1,-1
1901,185,568,157,30,26,-1,-1,-1
1902,184,613,79,23,17,-1,-1,-1
1902,185,571,153,29,26,-1,-1,-1
1903,184,614,79,23,17,-1,-1,-1
1903,185,576,147,29,25,-1,-1,-1
1904,184,613,78,23,17,-1,-1,-1
1904,185,580,142,28,24,-1,-1,-1
1905,184,613,78,23,17,-1,-1,-1
1905,185,584,138,27,23,-1,-1,-1
1906,184,613,78,23,17,-1,-1,-1
1906,185,586,136,27,23,-1,-1,-1
1907,184,612,77,23,17,-1,-1,-1
1907,185,587,134,26,22,-1,-1,-1
1908,184,612,77,23,17,-1,-1,-1
1909,184,611,77,23,17,-1,-1,-1
1909,186,560,97,24,14,-1,-1,-1
1910,184,611,77,23,17,-1,-1,-1
1910,186,561,96,23,14,-1,-1,-1
1911,184,610,76,24,17,-1,-1,-1
1911,186,561,96,23,14,-1,-1,-1
1912,184,609,76,24,17,-1,-1,-1
1913,184,609,76,24,17,-1,-1,-1
1914,184,608,75,24,17,-1,-1,-1
1915,184,608,75,24,17,-1,-1,-1
1916,184,607,75,24,18,-1,-1,-1
1917,184,607,75,24,18,-1,-1,-1
1918,184,606,74,24,18,-1,-1,-1
1919,184,605,74,25,18,-1,-1,-1
1920,184,605,74,25,18,-1,-1,-1
1921,184,604,73,25,18,-1,-1,-1
1922,184,604,73,25,18,-1,-1,-1
1922,187,513,57,38,24,-1,-1,-1
1923,184,603,73,25,18,-1,-1,-1
1923,187,512,57,38,24,-1,-1,-1
1924,184,603,73,25,18,-1,-1,-1
1924,187,512,57,38,24,-1,-1,-1
1925,184,602,72,25,18,-1,-1,-1
1925,188,519,103,58,36,-1,-1,-1
1926,184,602,72,25,18,-1,-1,-1
1926,188,526,101,56,37,-1,-1,-1
1927,184,601,72,26,18,-1,-1,-1
1927,188,531,98,54,36,-1,-1,-1
1928,184,600,71,26,18,-1,-1,-1
1928,188,538,95,51,35,-1,-1,-1
1929,184,600,71,26,19,-1,-1,-1
1929,188,544,93,49,34,-1,-1,-1
1930,184,599,71,26,19,-1,-1,-1
1930,188,546,92,48,33,-1,-1,-1
1931,184,599,71,26,19,-1,-1,-1
1931,188,548,92,48,33,-1,-1,-1
1932,184,598,70,26,19,-1,-1,-1
1933,184,598,70,26,19,-1,-1,-1
1934,184,597,70,26,19,-1,-1,-1
1935,184,596,69,27,19,-1,-1,-1
1936,184,596,69,27,19,-1,-1,-1
1937,184,595,69,27,19,-1,-1,-1
1937,189,533,109,28,19,-1,-1,-1
1938,184,595,69,27,19,-1,-1,-1
1938,189,535,108,28,18,-1,-1,-1
1939,184,594,68,27,19,-1,-1,-1
1939,189,535,108,27,18,-1,-1,-1
1940,184,594,68,27,19,-1,-1,-1
1941,184,593,68,28,20,-1,-1,-1
1942,184,594,67,28,20,-1,-1,-1
1943,184,595,67,29,20,-1,-1,-1
1944,184,595,67,29,20,-1,-1,-1
1964,190,356,88,28,28,-1,-1,-1
1965,190,356,88,28,28,-1,-1,-1
1966,190,356,88,28,28,-1,-1,-1
1967,194,595,122,24,23,-1,-1,-1
1968,194,595,121,25,23,-1,-1,-1
1969,194,595,121,25,23,-1,-1,-1
1975,192,531,105,37,49,-1,-1,-1
1976,192,535,103,36,48,-1,-1,-1
1977,192,539,100,36,48,-1,-1,-1
1978,192,544,97,36,49,-1,-1,-1
1979,192,548,93,35,47,-1,-1,-1
1980,192,553,90,34,46,-1,-1,-1
1981,192,558,88,34,43,-1,-1,-1
1982,192,562,85,34,42,-1,-1,-1
1983,192,566,83,34,41,-1,-1,-1
1984,191,541,168,50,48,-1,-1,-1
1984,192,569,81,33,40,-1,-1,-1
1985,191,547,162,48,46,-1,-1,-1
1985,192,572,80,31,40,-1,-1,-1
1986,191,554,157,44,45,-1,-1,-1
1986,192,576,80,29,38,-1,-1,-1
1987,191,561,151,41,43,-1,-1,-1
1987,192,579,79,28,35,-1,-1,-1
1988,191,566,148,38,41,-1,-1,-1
1988,192,582,78,26,31,-1,-1,-1
1989,191,569,146,37,39,-1,-1,-1
1989,192,584,77,25,29,-1,-1,-1
1990,191,570,146,35,35,-1,-1,-1
1990,192,585,76,24,28,-1,-1,-1
1991,191,571,146,34,34,-1,-1,-1
1991,192,587,75,24,27,-1,-1,-1
1992,191,571,147,34,32,-1,-1,-1
1992,192,589,74,24,26,-1,-1,-1
1993,192,591,73,23,26,-1,-1,-1
1994,192,593,72,23,25,-1,-1,-1
1995,192,595,71,23,25,-1,-1,-1
1995,193,604,110,28,26,-1,-1,-1
1996,192,597,70,23,25,-1,-1,-1
1996,193,605,109,27,26,-1,-1,-1
1997,192,599,69,23,24,-1,-1,-1
1997,193,605,107,27,26,-1,-1,-1
1998,192,601,68,23,24,-1,-1,-1
1998,193,606,106,27,27,-1,-1,-1
1999,192,602,67,22,24,-1,-1,-1
1999,193,608,103,27,27,-1,-1,-1
2000,192,604,66,22,24,-1,-1,-1
2000,193,610,100,28,26,-1,-1,-1
2001,192,606,65,22,23,-1,-1,-1
2001,193,611,98,28,26,-1,-1,-1
2002,192,608,64,22,23,-1,-1,-1
2002,193,613,96,28,26,-1,-1,-1
2003,192,610,63,22,23,-1,-1,-1
2003,193,615,93,27,26,-1,-1,-1
2004,192,612,62,22,22,-1,-1,-1
2004,193,617,90,26,25,-1,-1,-1
2005,192,614,61,22,22,-1,-1,-1
2005,193,618,88,25,25,-1,-1,-1
2006,192,616,60,23,22,-1,-1,-1
2006,193,620,87,25,23,-1,-1,-1
2007,192,617,59,23,22,-1,-1,-1
2007,193,622,85,24,23,-1,-1,-1
2008,192,619,58,24,22,-1,-1,-1
2008,193,624,83,23,21,-1,-1,-1
2009,192,620,58,24,22,-1,-1,-1
2009,193,625,81,22,21,-1,-1,-1
2010,192,620,58,24,22,-1,-1,-1
2010,193,627,80,22,21,-1,-1,-1
2011,192,621,58,24,22,-1,-1,-1
2011,193,627,79,22,21,-1,-1,-1
2012,193,627,78,22,21,-1,-1,-1
2013,195,391,82,56,37,-1,-1,-1
2014,195,385,83,59,38,-1,-1,-1
2015,195,382,84,60,38,-1,-1,-1
2016,195,381,84,61,38,-1,-1,-1
2036,196,734,265,50,24,-1,-1,-1
2037,196,728,264,52,24,-1,-1,-1
2038,196,726,264,52,24,-1,-1,-1
2053,197,414,72,45,31,-1,-1,-1
2054,197,408,73,50,32,-1,-1,-1
2055,197,404,74,53,33,-1,-1,-1
2056,197,397,74,58,36,-1,-1,-1
2057,197,395,74,60,37,-1,-1,-1
2058,197,393,74,62,38,-1,-1,-1
2061,198,740,251,46,26,-1,-1,-1
2062,198,726,250,50,25,-1,-1,-1
2063,198,723,250,50,25,-1,-1,-1
2063,199,333,95,47,31,-1,-1,-1
2064,198,718,249,51,24,-1,-1,-1
2064,199,327,96,48,33,-1,-1,-1
2065,199,320,98,48,33,-1,-1,-1
2066,199,310,101,48,33,-1,-1,-1
2067,199,298,105,47,33,-1,-1,-1
2068,199,286,109,47,33,-1,-1,-1
2069,199,272,113,47,33,-1,-1,-1
2070,199,258,118,47,33,-1,-1,-1
2071,199,242,123,47,32,-1,-1,-1
2072,199,225,128,48,32,-1,-1,-1
2073,199,217,130,49,33,-1,-1,-1
2074,199,211,131,50,34,-1,-1,-1
