45,1,379,57,29,23,-1,-1,-1
46,1,378,58,29,22,-1,-1,-1
47,1,377,58,29,22,-1,-1,-1
48,1,375,58,29,22,-1,-1,-1
49,1,374,59,30,23,-1,-1,-1
50,1,372,59,30,23,-1,-1,-1
51,1,371,59,30,23,-1,-1,-1
52,1,369,60,30,24,-1,-1,-1
53,1,366,60,31,24,-1,-1,-1
54,1,363,61,32,25,-1,-1,-1
55,1,361,62,32,25,-1,-1,-1
56,1,360,62,32,26,-1,-1,-1
57,1,359,63,32,26,-1,-1,-1
107,2,397,47,28,20,-1,-1,-1
108,2,396,47,29,21,-1,-1,-1
109,2,395,48,29,22,-1,-1,-1
110,2,394,49,29,23,-1,-1,-1
111,2,392,49,30,25,-1,-1,-1
112,2,390,50,30,26,-1,-1,-1
113,2,389,50,31,27,-1,-1,-1
114,2,387,50,31,29,-1,-1,-1
115,2,385,51,32,30,-1,-1,-1
116,2,383,51,32,32,-1,-1,-1
117,2,382,51,33,33,-1,-1,-1
118,2,380,52,34,33,-1,-1,-1
119,2,378,52,34,33,-1,-1,-1
120,2,375,52,34,32,-1,-1,-1
121,2,373,54,34,31,-1,-1,-1
122,2,372,55,34,29,-1,-1,-1
123,2,371,56,34,30,-1,-1,-1
124,2,369,56,33,31,-1,-1,-1
125,2,368,55,33,32,-1,-1,-1
126,2,365,56,33,33,-1,-1,-1
127,2,363,57,33,34,-1,-1,-1
128,2,360,58,34,33,-1,-1,-1
129,2,358,59,34,33,-1,-1,-1
130,2,356,60,34,33,-1,-1,-1
131,2,353,60,33,32,-1,-1,-1
132,2,351,60,33,32,-1,-1,-1
133,2,349,60,33,32,-1,-1,-1
134,2,348,59,33,33,-1,-1,-1
135,2,348,60,33,33,-1,-1,-1
139,5,268,62,28,20,-1,-1,-1
140,5,266,62,27,20,-1,-1,-1
141,5,264,62,28,20,-1,-1,-1
142,5,261,62,29,20,-1,-1,-1
143,5,258,62,29,20,-1,-1,-1
144,5,256,62,29,20,-1,-1,-1
145,5,253,63,30,19,-1,-1,-1
146,5,251,64,30,19,-1,-1,-1
147,4,200,72,31,23,-1,-1,-1
147,5,247,65,30,19,-1,-1,-1
148,4,198,73,30,23,-1,-1,-1
148,5,244,65,31,19,-1,-1,-1
149,4,197,73,30,23,-1,-1,-1
149,5,241,66,31,20,-1,-1,-1
150,4,196,73,30,23,-1,-1,-1
150,5,238,65,30,20,-1,-1,-1
151,5,235,65,30,20,-1,-1,-1
152,5,231,65,30,21,-1,-1,-1
153,5,228,65,30,21,-1,-1,-1
154,5,224,65,30,21,-1,-1,-1
155,5,220,65,30,22,-1,-1,-1
156,5,217,66,30,22,-1,-1,-1
157,3,476,65,32,24,-1,-1,-1
157,5,213,66,30,22,-1,-1,-1
158,3,477,64,32,23,-1,-1,-1
158,5,210,67,29,21,-1,-1,-1
158,6,411,43,32,20,-1,-1,-1
159,3,477,64,32,23,-1,-1,-1
159,5,207,68,29,20,-1,-1,-1
159,6,411,43,31,20,-1,-1,-1
160,3,478,64,31,23,-1,-1,-1
160,5,203,69,29,20,-1,-1,-1
160,6,411,43,31,20,-1,-1,-1
161,3,478,64,32,23,-1,-1,-1
161,5,199,70,29,20,-1,-1,-1
161,6,411,43,31,20,-1,-1,-1
161,7,145,78,37,26,-1,-1,-1
162,3,478,64,32,23,-1,-1,-1
162,5,195,70,29,21,-1,-1,-1
162,6,411,43,31,20,-1,-1,-1
162,7,142,78,37,26,-1,-1,-1
163,3,478,63,32,24,-1,-1,-1
163,5,191,71,29,21,-1,-1,-1
163,6,411,43,31,19,-1,-1,-1
163,7,140,79,36,26,-1,-1,-1
164,3,478,63,33,24,-1,-1,-1
164,5,188,72,29,21,-1,-1,-1
164,6,412,42,31,19,-1,-1,-1
164,7,137,79,35,26,-1,-1,-1
165,3,479,62,33,25,-1,-1,-1
165,5,185,72,28,22,-1,-1,-1
165,6,412,42,30,19,-1,-1,-1
165,7,134,80,34,26,-1,-1,-1
166,3,479,62,34,25,-1,-1,-1
166,5,181,73,29,22,-1,-1,-1
166,6,412,42,30,19,-1,-1,-1
166,7,131,80,34,25,-1,-1,-1
167,3,480,62,34,25,-1,-1,-1
167,5,178,74,30,22,-1,-1,-1
167,6,413,41,30,19,-1,-1,-1
167,7,128,81,32,25,-1,-1,-1
168,3,480,61,34,26,-1,-1,-1
168,5,174,75,31,23,-1,-1,-1
168,6,413,41,30,19,-1,-1,-1
168,7,124,83,31,24,-1,-1,-1
169,3,481,60,33,26,-1,-1,-1
169,5,170,75,31,23,-1,-1,-1
169,6,413,41,29,19,-1,-1,-1
169,7,120,84,31,24,-1,-1,-1
170,3,482,58,32,26,-1,-1,-1
170,5,167,76,31,24,-1,-1,-1
170,6,413,41,29,19,-1,-1,-1
170,7,116,85,32,24,-1,-1,-1
171,3,483,57,31,26,-1,-1,-1
171,5,164,77,33,24,-1,-1,-1
171,6,414,40,29,19,-1,-1,-1
171,7,112,86,33,23,-1,-1,-1
172,3,484,56,30,26,-1,-1,-1
172,5,161,77,34,25,-1,-1,-1
172,6,414,40,29,19,-1,-1,-1
172,7,108,87,34,23,-1,-1,-1
173,3,485,56,30,26,-1,-1,-1
173,5,157,77,35,27,-1,-1,-1
173,6,414,40,28,19,-1,-1,-1
173,7,104,87,34,23,-1,-1,-1
174,3,485,55,29,26,-1,-1,-1
174,5,154,77,35,29,-1,-1,-1
174,6,415,39,28,19,-1,-1,-1
174,7,101,87,35,24,-1,-1,-1
175,3,485,55,30,26,-1,-1,-1
175,5,150,77,35,30,-1,-1,-1
175,6,415,39,28,19,-1,-1,-1
175,7,98,88,36,24,-1,-1,-1
176,5,147,77,35,31,-1,-1,-1
176,6,415,39,28,19,-1,-1,-1
176,7,95,88,37,25,-1,-1,-1
177,5,145,78,35,31,-1,-1,-1
177,6,416,38,27,19,-1,-1,-1
177,7,93,88,38,26,-1,-1,-1
178,5,144,77,35,32,-1,-1,-1
178,6,416,38,27,19,-1,-1,-1
178,7,91,88,39,26,-1,-1,-1
179,6,416,38,27,19,-1,-1,-1
179,7,88,89,40,27,-1,-1,-1
180,6,416,38,27,19,-1,-1,-1
180,7,86,89,41,28,-1,-1,-1
181,6,417,37,27,19,-1,-1,-1
181,7,84,89,42,28,-1,-1,-1
182,6,417,37,26,19,-1,-1,-1
182,7,82,89,43,29,-1,-1,-1
183,6,417,37,26,19,-1,-1,-1
183,7,79,90,44,30,-1,-1,-1
184,6,418,36,26,19,-1,-1,-1
184,7,77,90,45,30,-1,-1,-1
185,6,418,36,26,19,-1,-1,-1
185,7,75,90,46,31,-1,-1,-1
186,6,418,36,25,19,-1,-1,-1
186,7,73,90,47,32,-1,-1,-1
187,6,418,36,25,19,-1,-1,-1
187,7,71,90,48,33,-1,-1,-1
188,6,419,35,25,19,-1,-1,-1
188,7,68,91,49,33,-1,-1,-1
189,6,419,35,25,19,-1,-1,-1
189,7,66,91,50,34,-1,-1,-1
190,6,419,35,24,19,-1,-1,-1
190,7,64,91,51,35,-1,-1,-1
191,6,420,34,24,19,-1,-1,-1
191,7,62,91,52,35,-1,-1,-1
192,6,420,34,24,19,-1,-1,-1
192,7,59,92,53,36,-1,-1,-1
193,6,420,34,24,19,-1,-1,-1
193,7,57,92,54,37,-1,-1,-1
194,6,420,34,24,19,-1,-1,-1
194,7,55,92,55,37,-1,-1,-1
195,6,420,34,24,19,-1,-1,-1
195,7,53,92,56,38,-1,-1,-1
196,6,420,34,25,19,-1,-1,-1
196,7,50,93,57,39,-1,-1,-1
197,6,420,34,25,19,-1,-1,-1
197,7,48,93,58,39,-1,-1,-1
198,6,420,34,25,19,-1,-1,-1
198,7,46,93,59,40,-1,-1,-1
199,7,44,93,60,41,-1,-1,-1
200,7,42,93,61,41,-1,-1,-1
201,7,40,93,62,41,-1,-1,-1
202,7,38,94,62,41,-1,-1,-1
203,7,36,94,63,41,-1,-1,-1
204,7,34,94,64,42,-1,-1,-1
205,7,32,94,65,42,-1,-1,-1
206,7,30,94,66,42,-1,-1,-1
207,7,28,94,66,42,-1,-1,-1
208,7,25,94,66,42,-1,-1,-1
209,7,23,94,66,42,-1,-1,-1
210,7,22,94,66,43,-1,-1,-1
211,7,20,94,66,43,-1,-1,-1
212,7,19,94,66,44,-1,-1,-1
213,7,18,94,66,44,-1,-1,-1
214,7,17,94,66,44,-1,-1,-1
215,7,17,94,66,44,-1,-1,-1
216,7,17,94,65,44,-1,-1,-1
217,7,16,94,65,44,-1,-1,-1
218,7,16,94,65,45,-1,-1,-1
219,7,16,94,64,45,-1,-1,-1
220,7,15,94,64,45,-1,-1,-1
221,7,15,94,63,45,-1,-1,-1
222,7,15,94,63,45,-1,-1,-1
223,7,15,94,62,45,-1,-1,-1
224,7,14,94,62,45,-1,-1,-1
225,7,14,94,62,45,-1,-1,-1
226,7,14,95,61,45,-1,-1,-1
227,7,14,95,61,45,-1,-1,-1
228,7,13,95,60,45,-1,-1,-1
229,7,13,95,60,45,-1,-1,-1
230,7,13,95,59,45,-1,-1,-1
231,7,13,95,59,45,-1,-1,-1
232,7,12,95,59,45,-1,-1,-1
233,7,12,95,58,45,-1,-1,-1
234,7,12,95,58,45,-1,-1,-1
235,7,11,95,57,45,-1,-1,-1
236,7,11,96,57,45,-1,-1,-1
237,7,11,96,56,45,-1,-1,-1
238,7,11,96,56,45,-1,-1,-1
239,7,10,96,56,45,-1,-1,-1
240,7,10,96,55,45,-1,-1,-1
241,7,10,96,55,45,-1,-1,-1
242,7,10,96,54,45,-1,-1,-1
243,7,9,96,54,45,-1,-1,-1
244,7,9,96,53,45,-1,-1,-1
245,7,9,97,53,46,-1,-1,-1
246,7,9,97,53,46,-1,-1,-1
247,7,9,97,52,46,-1,-1,-1
248,7,9,97,51,45,-1,-1,-1
249,7,9,97,50,45,-1,-1,-1
250,7,10,98,49,44,-1,-1,-1
251,7,10,98,49,43,-1,-1,-1
252,7,10,98,49,42,-1,-1,-1
253,7,10,98,49,42,-1,-1,-1
254,7,10,98,50,43,-1,-1,-1
255,7,10,98,50,44,-1,-1,-1
256,7,10,98,50,44,-1,-1,-1
257,7,10,98,49,44,-1,-1,-1
282,8,269,59,30,26,-1,-1,-1
283,8,268,59,30,26,-1,-1,-1
284,8,267,59,29,26,-1,-1,-1
285,8,266,59,29,26,-1,-1,-1
286,8,266,59,29,26,-1,-1,-1
287,8,266,59,28,26,-1,-1,-1
288,8,266,59,28,26,-1,-1,-1
289,8,266,60,28,25,-1,-1,-1
290,8,266,60,28,25,-1,-1,-1
291,8,266,60,28,25,-1,-1,-1
292,8,266,60,28,25,-1,-1,-1
293,8,266,60,28,25,-1,-1,-1
294,8,266,60,28,25,-1,-1,-1
295,8,266,60,28,25,-1,-1,-1
296,8,266,60,28,25,-1,-1,-1
297,8,266,60,28,25,-1,-1,-1
298,8,266,60,28,25,-1,-1,-1
299,8,266,60,28,25,-1,-1,-1
300,8,266,60,28,25,-1,-1,-1
301,8,266,60,28,25,-1,-1,-1
302,8,266,60,28,25,-1,-1,-1
303,8,266,60,28,25,-1,-1,-1
304,9,349,61,32,28,-1,-1,-1
305,9,347,62,32,29,-1,-1,-1
306,9,345,62,32,30,-1,-1,-1
307,9,343,62,32,30,-1,-1,-1
308,9,341,63,32,31,-1,-1,-1
309,9,338,63,32,32,-1,-1,-1
310,9,335,64,33,32,-1,-1,-1
311,9,332,65,33,33,-1,-1,-1
312,9,330,65,33,34,-1,-1,-1
313,9,327,66,34,34,-1,-1,-1
314,9,324,66,34,35,-1,-1,-1
315,9,322,67,34,36,-1,-1,-1
316,9,319,67,34,37,-1,-1,-1
317,9,318,68,34,37,-1,-1,-1
318,9,317,68,34,38,-1,-1,-1
320,10,416,196,40,35,-1,-1,-1
321,10,420,190,39,33,-1,-1,-1
322,10,424,186,37,33,-1,-1,-1
323,10,427,179,37,31,-1,-1,-1
324,10,429,177,37,30,-1,-1,-1
325,10,430,175,38,29,-1,-1,-1
339,11,115,88,33,26,-1,-1,-1
340,11,113,88,33,26,-1,-1,-1
341,11,112,88,33,26,-1,-1,-1
342,11,110,88,33,26,-1,-1,-1
343,11,108,88,33,26,-1,-1,-1
343,12,7,101,50,39,-1,-1,-1
344,11,106,88,33,26,-1,-1,-1
344,12,7,101,50,38,-1,-1,-1
345,11,103,88,33,26,-1,-1,-1
345,12,7,102,50,38,-1,-1,-1
346,11,102,87,33,26,-1,-1,-1
346,12,7,102,49,38,-1,-1,-1
347,11,101,87,32,27,-1,-1,-1
347,12,7,103,49,37,-1,-1,-1
348,11,100,87,33,28,-1,-1,-1
348,12,7,103,47,36,-1,-1,-1
349,11,99,86,35,29,-1,-1,-1
349,12,7,103,45,35,-1,-1,-1
350,11,99,85,39,30,-1,-1,-1
350,12,7,103,43,35,-1,-1,-1
351,11,100,85,43,32,-1,-1,-1
351,12,7,103,43,35,-1,-1,-1
352,11,100,84,47,34,-1,-1,-1
353,11,98,84,50,35,-1,-1,-1
354,11,95,84,52,37,-1,-1,-1
355,11,92,84,52,38,-1,-1,-1
356,11,90,84,53,38,-1,-1,-1
357,11,89,85,53,39,-1,-1,-1
358,11,87,85,53,39,-1,-1,-1
359,11,86,85,54,39,-1,-1,-1
360,11,84,85,54,40,-1,-1,-1
361,11,83,85,54,40,-1,-1,-1
362,11,82,85,55,40,-1,-1,-1
363,11,80,85,55,40,-1,-1,-1
364,11,79,85,55,41,-1,-1,-1
365,11,78,85,56,41,-1,-1,-1
366,11,76,85,56,41,-1,-1,-1
367,11,75,85,56,41,-1,-1,-1
368,11,74,85,57,42,-1,-1,-1
369,11,72,85,57,42,-1,-1,-1
370,11,72,86,57,42,-1,-1,-1
371,11,71,86,56,41,-1,-1,-1
372,11,72,86,55,41,-1,-1,-1
373,11,72,86,54,41,-1,-1,-1
374,11,71,86,54,41,-1,-1,-1
375,11,70,86,54,41,-1,-1,-1
376,11,69,86,54,42,-1,-1,-1
377,11,67,86,55,42,-1,-1,-1
378,11,65,86,55,42,-1,-1,-1
379,11,63,86,55,42,-1,-1,-1
380,11,61,86,56,43,-1,-1,-1
381,11,59,86,56,43,-1,-1,-1
382,11,57,86,57,43,-1,-1,-1
383,11,55,86,57,43,-1,-1,-1
384,11,54,86,57,43,-1,-1,-1
385,11,53,86,56,43,-1,-1,-1
386,11,52,86,55,42,-1,-1,-1
387,11,51,87,54,42,-1,-1,-1
388,11,51,87,53,42,-1,-1,-1
389,11,50,87,52,41,-1,-1,-1
390,11,49,87,52,41,-1,-1,-1
391,11,48,87,51,40,-1,-1,-1
392,11,48,87,50,40,-1,-1,-1
393,11,48,87,51,42,-1,-1,-1
394,11,48,87,51,43,-1,-1,-1
395,11,47,86,53,44,-1,-1,-1
396,11,44,86,54,45,-1,-1,-1
396,13,357,61,28,22,-1,-1,-1
397,11,42,87,55,46,-1,-1,-1
397,13,355,61,28,22,-1,-1,-1
398,11,41,88,56,47,-1,-1,-1
398,13,353,62,28,23,-1,-1,-1
399,11,37,89,55,47,-1,-1,-1
399,13,351,62,29,24,-1,-1,-1
400,11,36,90,57,46,-1,-1,-1
400,13,349,63,29,25,-1,-1,-1
401,11,33,90,58,47,-1,-1,-1
401,13,347,63,29,25,-1,-1,-1
402,11,33,90,61,48,-1,-1,-1
402,13,345,63,29,24,-1,-1,-1
403,11,32,90,62,48,-1,-1,-1
403,13,343,64,29,24,-1,-1,-1
403,21,370,43,21,19,-1,-1,-1
404,11,31,91,62,48,-1,-1,-1
404,13,341,64,28,24,-1,-1,-1
404,21,370,43,20,19,-1,-1,-1
405,11,29,91,62,47,-1,-1,-1
405,13,340,64,29,25,-1,-1,-1
405,21,369,43,20,19,-1,-1,-1
406,11,27,92,62,46,-1,-1,-1
406,13,338,65,29,25,-1,-1,-1
406,21,368,43,20,19,-1,-1,-1
407,11,26,93,62,45,-1,-1,-1
407,13,335,65,30,25,-1,-1,-1
407,21,367,43,21,19,-1,-1,-1
408,11,24,93,63,45,-1,-1,-1
408,13,333,66,29,25,-1,-1,-1
408,21,366,44,21,18,-1,-1,-1
409,11,22,94,63,45,-1,-1,-1
409,13,329,67,30,25,-1,-1,-1
409,21,364,44,21,18,-1,-1,-1
410,11,19,94,63,45,-1,-1,-1
410,13,326,68,30,25,-1,-1,-1
410,21,361,44,22,18,-1,-1,-1
411,11,16,95,60,45,-1,-1,-1
411,13,323,69,31,25,-1,-1,-1
411,21,358,45,24,18,-1,-1,-1
412,11,12,96,57,45,-1,-1,-1
412,13,319,70,32,25,-1,-1,-1
412,21,356,46,24,19,-1,-1,-1
413,11,11,96,55,45,-1,-1,-1
413,13,316,72,33,27,-1,-1,-1
413,21,354,46,25,19,-1,-1,-1
414,11,10,96,55,45,-1,-1,-1
414,13,313,73,34,29,-1,-1,-1
414,21,352,46,24,19,-1,-1,-1
415,11,9,96,55,46,-1,-1,-1
415,13,308,75,35,31,-1,-1,-1
415,21,350,46,24,19,-1,-1,-1
416,11,9,96,56,46,-1,-1,-1
416,13,306,75,35,32,-1,-1,-1
416,21,348,46,24,18,-1,-1,-1
417,11,8,97,56,45,-1,-1,-1
417,13,304,76,36,32,-1,-1,-1
417,21,346,46,24,18,-1,-1,-1
418,21,343,46,24,19,-1,-1,-1
419,21,341,46,24,20,-1,-1,-1
420,21,338,46,25,20,-1,-1,-1
421,21,335,47,25,20,-1,-1,-1
422,21,333,48,25,20,-1,-1,-1
423,21,330,48,25,20,-1,-1,-1
424,21,328,49,25,20,-1,-1,-1
425,21,326,49,24,20,-1,-1,-1
426,21,323,49,24,20,-1,-1,-1
427,21,321,49,24,20,-1,-1,-1
428,21,318,49,25,21,-1,-1,-1
429,21,315,49,25,21,-1,-1,-1
430,21,312,50,26,21,-1,-1,-1
431,21,309,50,26,21,-1,-1,-1
432,21,306,51,27,22,-1,-1,-1
433,21,303,51,27,22,-1,-1,-1
434,21,300,52,28,22,-1,-1,-1
435,21,297,52,28,22,-1,-1,-1
436,21,294,53,29,23,-1,-1,-1
437,21,291,53,29,23,-1,-1,-1
438,21,288,54,30,23,-1,-1,-1
439,21,285,54,30,23,-1,-1,-1
440,21,282,55,31,24,-1,-1,-1
441,21,279,55,31,24,-1,-1,-1
442,21,276,56,32,24,-1,-1,-1
443,21,273,57,32,25,-1,-1,-1
444,14,408,37,23,17,-1,-1,-1
444,21,270,57,33,25,-1,-1,-1
445,14,407,37,23,17,-1,-1,-1
445,21,267,58,33,24,-1,-1,-1
446,14,407,37,23,17,-1,-1,-1
446,21,264,59,34,23,-1,-1,-1
447,21,260,59,35,24,-1,-1,-1
448,21,256,59,37,25,-1,-1,-1
449,21,254,60,37,25,-1,-1,-1
450,21,251,60,37,25,-1,-1,-1
451,21,248,61,37,24,-1,-1,-1
452,21,245,62,37,24,-1,-1,-1
453,21,241,62,36,24,-1,-1,-1
454,21,237,63,35,24,-1,-1,-1
455,21,233,63,35,24,-1,-1,-1
456,21,229,64,34,24,-1,-1,-1
457,21,225,64,33,24,-1,-1,-1
458,21,221,65,33,24,-1,-1,-1
459,21,217,65,32,24,-1,-1,-1
460,21,213,66,31,24,-1,-1,-1
461,15,340,50,21,20,-1,-1,-1
461,21,209,66,31,24,-1,-1,-1
462,15,338,50,21,20,-1,-1,-1
462,21,205,67,30,24,-1,-1,-1
463,15,337,50,21,20,-1,-1,-1
463,21,201,68,30,24,-1,-1,-1
464,15,335,51,21,20,-1,-1,-1
464,21,198,69,31,24,-1,-1,-1
465,15,333,51,21,20,-1,-1,-1
465,21,193,70,32,24,-1,-1,-1
466,15,331,51,21,20,-1,-1,-1
466,21,188,71,32,25,-1,-1,-1
467,15,329,52,21,20,-1,-1,-1
467,21,184,72,33,26,-1,-1,-1
468,15,327,52,21,20,-1,-1,-1
468,21,179,72,34,26,-1,-1,-1
469,15,325,52,21,20,-1,-1,-1
469,21,175,73,34,27,-1,-1,-1
470,15,323,52,20,20,-1,-1,-1
470,21,170,74,34,27,-1,-1,-1
471,15,321,52,20,20,-1,-1,-1
471,21,166,75,35,26,-1,-1,-1
472,15,319,52,20,20,-1,-1,-1
472,21,162,75,35,27,-1,-1,-1
473,15,317,52,20,20,-1,-1,-1
473,21,156,75,36,28,-1,-1,-1
474,15,315,53,20,20,-1,-1,-1
474,21,151,75,36,30,-1,-1,-1
475,15,312,53,21,20,-1,-1,-1
475,16,240,63,28,19,-1,-1,-1
475,21,147,74,36,31,-1,-1,-1
476,15,310,54,22,20,-1,-1,-1
476,16,240,63,28,19,-1,-1,-1
476,21,145,75,36,32,-1,-1,-1
477,15,309,54,22,20,-1,-1,-1
477,16,240,63,28,19,-1,-1,-1
477,21,143,74,37,32,-1,-1,-1
478,15,308,54,22,20,-1,-1,-1
478,16,240,63,28,19,-1,-1,-1
478,21,142,74,37,32,-1,-1,-1
479,15,308,54,22,20,-1,-1,-1
479,16,240,63,28,19,-1,-1,-1
479,21,142,74,37,32,-1,-1,-1
480,15,308,54,22,20,-1,-1,-1
480,16,240,63,28,19,-1,-1,-1
480,21,142,74,37,32,-1,-1,-1
481,15,308,54,22,20,-1,-1,-1
481,16,240,63,28,19,-1,-1,-1
481,21,142,74,37,32,-1,-1,-1
482,15,308,54,22,20,-1,-1,-1
482,16,240,63,28,19,-1,-1,-1
482,21,142,74,37,32,-1,-1,-1
483,15,308,54,22,20,-1,-1,-1
483,16,240,63,28,19,-1,-1,-1
483,21,142,74,37,32,-1,-1,-1
484,15,308,54,22,20,-1,-1,-1
484,16,240,63,28,19,-1,-1,-1
484,21,142,74,37,32,-1,-1,-1
485,15,308,54,22,20,-1,-1,-1
485,16,240,63,28,19,-1,-1,-1
485,21,142,74,37,32,-1,-1,-1
486,15,308,54,22,20,-1,-1,-1
486,16,240,63,28,19,-1,-1,-1
486,21,142,74,37,32,-1,-1,-1
487,15,308,54,22,20,-1,-1,-1
487,16,240,63,28,19,-1,-1,-1
487,21,142,74,37,32,-1,-1,-1
488,15,308,54,22,20,-1,-1,-1
488,16,240,63,28,19,-1,-1,-1
488,21,142,74,37,32,-1,-1,-1
489,15,308,54,22,20,-1,-1,-1
489,16,240,63,28,19,-1,-1,-1
489,21,142,74,37,32,-1,-1,-1
490,15,308,54,22,20,-1,-1,-1
490,16,240,63,28,19,-1,-1,-1
490,21,142,74,37,32,-1,-1,-1
491,15,308,54,22,20,-1,-1,-1
491,16,240,63,28,19,-1,-1,-1
491,21,142,74,37,32,-1,-1,-1
492,15,308,54,22,20,-1,-1,-1
492,16,240,63,28,19,-1,-1,-1
492,21,142,74,37,32,-1,-1,-1
493,15,308,54,22,20,-1,-1,-1
493,16,241,63,28,19,-1,-1,-1
493,21,142,74,37,32,-1,-1,-1
494,15,308,54,22,20,-1,-1,-1
494,16,244,63,28,20,-1,-1,-1
494,21,142,74,37,32,-1,-1,-1
495,16,248,63,29,21,-1,-1,-1
496,16,249,63,30,22,-1,-1,-1
496,18,16,93,50,45,-1,-1,-1
497,16,248,63,30,22,-1,-1,-1
497,18,17,93,48,43,-1,-1,-1
498,16,246,63,30,22,-1,-1,-1
498,18,22,91,48,43,-1,-1,-1
499,16,243,63,30,23,-1,-1,-1
499,18,30,90,47,42,-1,-1,-1
500,16,240,64,30,23,-1,-1,-1
500,17,83,160,48,36,-1,-1,-1
500,18,36,89,47,41,-1,-1,-1
501,16,237,64,30,23,-1,-1,-1
501,17,80,158,48,38,-1,-1,-1
501,18,40,88,45,41,-1,-1,-1
501,19,262,58,27,21,-1,-1,-1
502,16,234,65,30,23,-1,-1,-1
502,17,74,156,49,40,-1,-1,-1
502,18,43,87,43,40,-1,-1,-1
502,19,260,58,29,21,-1,-1,-1
503,16,230,65,30,23,-1,-1,-1
503,17,66,154,53,44,-1,-1,-1
503,18,46,86,40,39,-1,-1,-1
503,19,258,58,31,22,-1,-1,-1
504,16,227,66,30,23,-1,-1,-1
504,17,61,153,55,46,-1,-1,-1
504,18,47,87,39,38,-1,-1,-1
504,19,257,58,32,22,-1,-1,-1
505,16,223,66,30,24,-1,-1,-1
505,17,59,152,57,48,-1,-1,-1
505,18,48,87,39,38,-1,-1,-1
505,19,256,58,32,22,-1,-1,-1
506,16,220,67,30,24,-1,-1,-1
506,18,49,88,39,37,-1,-1,-1
506,20,336,44,28,23,-1,-1,-1
507,16,216,67,30,24,-1,-1,-1
507,18,49,88,40,38,-1,-1,-1
507,20,335,44,28,24,-1,-1,-1
508,16,213,68,30,24,-1,-1,-1
508,18,49,89,41,38,-1,-1,-1
508,20,335,44,28,24,-1,-1,-1
509,16,210,68,30,24,-1,-1,-1
509,18,49,88,43,39,-1,-1,-1
510,16,206,69,30,24,-1,-1,-1
511,16,203,69,30,25,-1,-1,-1
512,16,199,70,30,25,-1,-1,-1
513,16,196,70,30,25,-1,-1,-1
514,16,192,71,30,25,-1,-1,-1
515,16,189,71,31,25,-1,-1,-1
515,22,51,86,54,41,-1,-1,-1
516,16,185,72,31,26,-1,-1,-1
516,22,48,86,54,41,-1,-1,-1
517,16,182,73,32,26,-1,-1,-1
517,22,45,87,54,42,-1,-1,-1
518,16,178,73,33,26,-1,-1,-1
518,22,41,87,53,42,-1,-1,-1
519,16,174,74,34,26,-1,-1,-1
519,22,36,88,52,42,-1,-1,-1
520,16,170,75,34,26,-1,-1,-1
520,22,30,91,52,40,-1,-1,-1
521,16,166,76,35,26,-1,-1,-1
521,22,24,93,51,39,-1,-1,-1
522,16,164,76,35,26,-1,-1,-1
522,22,19,96,50,38,-1,-1,-1
523,16,163,77,35,26,-1,-1,-1
523,22,15,97,50,38,-1,-1,-1
524,22,13,98,50,38,-1,-1,-1
525,22,11,99,50,37,-1,-1,-1
540,25,238,65,36,22,-1,-1,-1
541,25,237,65,35,22,-1,-1,-1
542,25,236,66,35,22,-1,-1,-1
543,25,235,66,35,21,-1,-1,-1
544,25,233,66,34,21,-1,-1,-1
545,25,231,66,34,21,-1,-1,-1
546,25,228,66,34,21,-1,-1,-1
547,24,334,50,23,19,-1,-1,-1
547,25,226,67,33,21,-1,-1,-1
548,24,333,50,22,19,-1,-1,-1
548,25,224,67,33,22,-1,-1,-1
549,24,332,50,21,19,-1,-1,-1
549,25,221,67,32,22,-1,-1,-1
550,24,331,50,21,19,-1,-1,-1
550,25,219,68,32,22,-1,-1,-1
551,24,329,50,21,19,-1,-1,-1
551,25,216,68,31,22,-1,-1,-1
552,24,327,50,21,20,-1,-1,-1
552,25,214,68,31,23,-1,-1,-1
553,24,325,50,21,20,-1,-1,-1
553,25,211,69,30,23,-1,-1,-1
554,24,323,51,21,20,-1,-1,-1
554,25,209,69,30,23,-1,-1,-1
555,24,321,51,21,21,-1,-1,-1
555,25,206,69,29,23,-1,-1,-1
556,24,319,51,21,21,-1,-1,-1
556,25,204,70,29,24,-1,-1,-1
557,24,317,52,20,21,-1,-1,-1
557,25,201,70,28,24,-1,-1,-1
558,24,316,52,20,20,-1,-1,-1
558,25,199,70,28,24,-1,-1,-1
559,24,314,52,20,20,-1,-1,-1
559,25,197,71,28,23,-1,-1,-1
560,24,312,53,20,20,-1,-1,-1
560,25,194,72,29,23,-1,-1,-1
561,24,309,53,20,20,-1,-1,-1
561,25,191,73,29,22,-1,-1,-1
562,23,274,60,25,22,-1,-1,-1
562,24,306,53,21,21,-1,-1,-1
562,25,188,73,29,23,-1,-1,-1
563,23,273,60,25,22,-1,-1,-1
563,24,303,54,22,22,-1,-1,-1
563,25,185,73,30,24,-1,-1,-1
564,23,271,60,25,22,-1,-1,-1
564,24,301,55,23,22,-1,-1,-1
564,25,182,74,30,25,-1,-1,-1
565,23,269,60,24,21,-1,-1,-1
565,24,298,55,24,22,-1,-1,-1
565,25,180,74,30,25,-1,-1,-1
566,23,266,61,24,21,-1,-1,-1
566,24,296,55,24,23,-1,-1,-1
566,25,177,75,29,25,-1,-1,-1
567,23,263,62,24,21,-1,-1,-1
567,24,294,55,24,24,-1,-1,-1
567,25,174,75,28,24,-1,-1,-1
568,23,260,62,24,21,-1,-1,-1
568,24,292,55,25,24,-1,-1,-1
568,25,171,76,28,24,-1,-1,-1
569,23,257,63,23,21,-1,-1,-1
569,24,289,56,25,24,-1,-1,-1
569,25,168,76,28,24,-1,-1,-1
570,23,256,63,23,20,-1,-1,-1
570,24,287,56,25,24,-1,-1,-1
570,25,165,77,28,24,-1,-1,-1
571,23,255,63,23,20,-1,-1,-1
571,24,286,57,25,23,-1,-1,-1
571,25,161,77,28,24,-1,-1,-1
572,24,285,57,25,23,-1,-1,-1
572,25,157,78,28,23,-1,-1,-1
573,25,154,79,28,23,-1,-1,-1
574,25,151,79,28,23,-1,-1,-1
575,25,148,80,29,23,-1,-1,-1
576,25,146,80,29,24,-1,-1,-1
576,26,421,42,27,26,-1,-1,-1
577,25,143,81,30,24,-1,-1,-1
577,26,420,42,27,26,-1,-1,-1
578,25,140,81,30,24,-1,-1,-1
578,26,419,42,27,26,-1,-1,-1
579,25,137,82,30,25,-1,-1,-1
579,26,418,42,27,26,-1,-1,-1
580,25,134,83,30,25,-1,-1,-1
580,26,417,42,27,26,-1,-1,-1
581,25,131,83,30,25,-1,-1,-1
581,26,416,43,27,26,-1,-1,-1
582,25,128,84,30,25,-1,-1,-1
582,26,414,43,27,26,-1,-1,-1
583,25,125,85,30,25,-1,-1,-1
583,26,413,44,27,26,-1,-1,-1
584,25,122,85,31,25,-1,-1,-1
584,26,412,44,27,26,-1,-1,-1
585,25,118,86,32,25,-1,-1,-1
585,26,411,44,27,26,-1,-1,-1
586,25,115,86,34,26,-1,-1,-1
586,26,409,45,27,26,-1,-1,-1
587,25,111,87,35,26,-1,-1,-1
587,26,408,45,27,26,-1,-1,-1
588,25,107,87,36,27,-1,-1,-1
588,26,407,46,28,26,-1,-1,-1
589,25,105,88,36,27,-1,-1,-1
589,26,406,46,28,26,-1,-1,-1
590,25,104,88,36,27,-1,-1,-1
590,26,404,46,28,26,-1,-1,-1
591,26,403,47,28,26,-1,-1,-1
592,26,402,47,28,26,-1,-1,-1
593,26,401,48,28,26,-1,-1,-1
594,26,399,48,28,26,-1,-1,-1
595,26,398,48,28,26,-1,-1,-1
596,26,397,49,28,26,-1,-1,-1
597,26,396,49,28,26,-1,-1,-1
598,26,394,50,29,26,-1,-1,-1
599,26,393,52,29,26,-1,-1,-1
600,26,392,53,29,26,-1,-1,-1
601,26,391,54,29,26,-1,-1,-1
602,26,390,55,29,26,-1,-1,-1
603,26,389,56,29,26,-1,-1,-1
604,26,387,56,29,26,-1,-1,-1
605,26,385,56,30,26,-1,-1,-1
606,26,382,57,30,26,-1,-1,-1
607,26,379,57,31,26,-1,-1,-1
608,26,377,57,31,27,-1,-1,-1
609,26,374,57,32,28,-1,-1,-1
610,26,372,58,32,29,-1,-1,-1
611,26,369,58,33,29,-1,-1,-1
612,26,367,59,33,29,-1,-1,-1
613,26,364,60,34,29,-1,-1,-1
614,26,362,61,35,29,-1,-1,-1
615,26,360,62,35,29,-1,-1,-1
616,26,359,63,36,28,-1,-1,-1
617,26,358,63,36,28,-1,-1,-1
617,27,429,32,24,21,-1,-1,-1
618,27,428,32,23,21,-1,-1,-1
619,27,428,32,23,21,-1,-1,-1
620,27,427,32,23,21,-1,-1,-1
621,27,427,32,23,21,-1,-1,-1
622,27,426,32,23,21,-1,-1,-1
623,27,425,32,23,21,-1,-1,-1
624,27,425,32,23,21,-1,-1,-1
625,27,424,32,24,21,-1,-1,-1
626,27,423,32,24,21,-1,-1,-1
627,27,422,32,24,22,-1,-1,-1
628,27,422,32,24,22,-1,-1,-1
663,28,446,30,22,21,-1,-1,-1
664,28,446,29,22,21,-1,-1,-1
665,28,445,29,22,21,-1,-1,-1
666,28,444,29,22,22,-1,-1,-1
667,28,444,29,23,22,-1,-1,-1
668,28,443,29,23,23,-1,-1,-1
669,28,443,29,23,23,-1,-1,-1
670,28,442,29,23,24,-1,-1,-1
671,28,442,28,23,24,-1,-1,-1
672,28,441,28,23,25,-1,-1,-1
673,28,441,28,23,25,-1,-1,-1
674,28,440,28,23,24,-1,-1,-1
675,28,439,29,23,24,-1,-1,-1
676,28,438,29,23,24,-1,-1,-1
677,28,438,29,23,24,-1,-1,-1
678,28,437,29,23,23,-1,-1,-1
679,28,436,30,23,23,-1,-1,-1
680,28,435,30,23,22,-1,-1,-1
681,28,435,30,23,22,-1,-1,-1
681,30,348,42,32,26,-1,-1,-1
682,28,434,31,23,22,-1,-1,-1
682,30,347,42,32,26,-1,-1,-1
683,28,433,31,23,21,-1,-1,-1
683,30,346,43,32,26,-1,-1,-1
684,28,432,31,24,21,-1,-1,-1
684,30,345,43,32,26,-1,-1,-1
685,28,431,32,24,21,-1,-1,-1
685,30,343,44,32,26,-1,-1,-1
686,28,431,32,25,20,-1,-1,-1
686,30,341,44,32,26,-1,-1,-1
687,28,430,32,25,20,-1,-1,-1
687,30,340,45,32,26,-1,-1,-1
688,28,429,32,26,21,-1,-1,-1
688,30,338,45,31,26,-1,-1,-1
689,28,428,32,26,21,-1,-1,-1
689,30,335,45,32,26,-1,-1,-1
690,28,428,32,27,21,-1,-1,-1
690,30,333,45,32,26,-1,-1,-1
691,28,427,32,27,21,-1,-1,-1
691,30,331,45,32,26,-1,-1,-1
692,28,427,32,27,21,-1,-1,-1
692,30,328,45,32,26,-1,-1,-1
693,28,426,33,27,21,-1,-1,-1
693,30,326,46,32,26,-1,-1,-1
694,28,426,33,27,21,-1,-1,-1
694,30,323,46,32,26,-1,-1,-1
695,30,320,47,32,27,-1,-1,-1
696,30,318,47,32,27,-1,-1,-1
697,30,315,47,32,27,-1,-1,-1
698,30,312,48,32,28,-1,-1,-1
699,30,310,48,32,28,-1,-1,-1
700,30,307,48,33,28,-1,-1,-1
701,30,304,49,33,29,-1,-1,-1
702,30,302,49,33,29,-1,-1,-1
703,30,299,49,33,30,-1,-1,-1
704,30,296,50,33,30,-1,-1,-1
705,30,294,50,33,30,-1,-1,-1
706,30,291,51,33,31,-1,-1,-1
707,30,288,51,34,31,-1,-1,-1
708,30,286,51,34,31,-1,-1,-1
709,30,283,52,34,32,-1,-1,-1
710,30,280,52,34,32,-1,-1,-1
711,30,278,52,34,32,-1,-1,-1
712,30,275,53,34,33,-1,-1,-1
713,30,272,54,35,32,-1,-1,-1
714,30,270,55,35,31,-1,-1,-1
715,30,267,57,35,29,-1,-1,-1
716,30,264,58,35,28,-1,-1,-1
717,30,261,59,35,28,-1,-1,-1
718,30,257,60,35,28,-1,-1,-1
719,30,254,60,35,28,-1,-1,-1
720,30,250,61,35,27,-1,-1,-1
721,30,246,62,35,27,-1,-1,-1
722,30,242,62,35,27,-1,-1,-1
723,30,238,63,35,27,-1,-1,-1
724,30,234,63,35,27,-1,-1,-1
725,30,231,64,36,27,-1,-1,-1
726,30,227,65,36,27,-1,-1,-1
727,30,223,65,36,27,-1,-1,-1
728,30,219,66,36,27,-1,-1,-1
729,30,215,66,36,27,-1,-1,-1
730,30,211,67,36,27,-1,-1,-1
731,30,207,68,36,27,-1,-1,-1
732,30,203,68,36,27,-1,-1,-1
733,30,200,69,37,27,-1,-1,-1
734,30,196,69,37,27,-1,-1,-1
735,30,192,70,37,27,-1,-1,-1
736,30,188,71,37,27,-1,-1,-1
737,30,184,71,37,27,-1,-1,-1
738,30,180,72,37,27,-1,-1,-1
739,30,176,72,37,27,-1,-1,-1
740,30,172,73,37,27,-1,-1,-1
741,30,169,74,38,27,-1,-1,-1
742,30,165,74,38,27,-1,-1,-1
743,30,161,75,38,27,-1,-1,-1
744,30,157,75,38,27,-1,-1,-1
745,30,153,76,38,27,-1,-1,-1
746,30,149,77,38,27,-1,-1,-1
747,30,145,77,38,27,-1,-1,-1
748,30,142,78,38,27,-1,-1,-1
749,30,139,79,37,27,-1,-1,-1
750,30,136,80,36,27,-1,-1,-1
751,29,444,30,24,20,-1,-1,-1
751,30,132,82,36,26,-1,-1,-1
752,29,443,30,24,20,-1,-1,-1
752,30,127,84,35,26,-1,-1,-1
753,29,443,30,24,20,-1,-1,-1
753,30,122,84,36,28,-1,-1,-1
754,29,442,30,23,20,-1,-1,-1
754,30,118,84,36,29,-1,-1,-1
755,29,442,30,23,20,-1,-1,-1
755,30,113,84,36,30,-1,-1,-1
756,29,442,30,23,20,-1,-1,-1
756,30,109,84,37,30,-1,-1,-1
757,30,103,84,37,31,-1,-1,-1
758,30,97,85,39,32,-1,-1,-1
758,32,363,57,29,26,-1,-1,-1
759,30,91,85,41,33,-1,-1,-1
759,32,361,57,29,26,-1,-1,-1
760,30,85,86,43,34,-1,-1,-1
760,32,360,57,29,26,-1,-1,-1
761,30,78,87,45,34,-1,-1,-1
761,32,360,57,29,26,-1,-1,-1
762,30,71,87,47,36,-1,-1,-1
762,32,359,58,29,26,-1,-1,-1
763,30,64,87,49,38,-1,-1,-1
764,30,58,87,50,39,-1,-1,-1
765,30,52,87,50,40,-1,-1,-1
766,30,48,86,50,41,-1,-1,-1
767,30,43,86,49,42,-1,-1,-1
768,30,41,86,49,42,-1,-1,-1
769,30,39,87,50,42,-1,-1,-1
786,31,253,62,33,21,-1,-1,-1
787,31,251,62,33,20,-1,-1,-1
788,31,249,62,33,21,-1,-1,-1
789,31,245,63,33,21,-1,-1,-1
790,31,242,63,33,22,-1,-1,-1
791,31,239,64,34,22,-1,-1,-1
792,31,236,64,34,22,-1,-1,-1
793,31,233,64,34,21,-1,-1,-1
794,31,230,65,33,21,-1,-1,-1
795,31,227,65,33,21,-1,-1,-1
796,31,225,66,33,20,-1,-1,-1
797,31,222,67,32,20,-1,-1,-1
798,31,219,67,31,21,-1,-1,-1
799,31,215,67,30,22,-1,-1,-1
800,31,212,67,30,23,-1,-1,-1
801,31,208,68,29,23,-1,-1,-1
802,31,204,68,29,24,-1,-1,-1
802,33,427,189,36,33,-1,-1,-1
803,31,201,69,30,24,-1,-1,-1
803,33,430,183,35,33,-1,-1,-1
804,31,197,69,30,24,-1,-1,-1
804,33,431,179,35,33,-1,-1,-1
805,31,193,70,30,25,-1,-1,-1
805,33,434,173,35,31,-1,-1,-1
806,31,189,71,30,25,-1,-1,-1
806,33,436,167,38,31,-1,-1,-1
807,31,185,71,31,25,-1,-1,-1
807,33,439,161,38,31,-1,-1,-1
808,31,181,72,31,25,-1,-1,-1
808,33,442,153,38,34,-1,-1,-1
809,31,177,73,31,26,-1,-1,-1
809,33,444,150,36,35,-1,-1,-1
810,31,173,74,31,26,-1,-1,-1
810,33,444,148,37,36,-1,-1,-1
811,31,169,74,32,26,-1,-1,-1
812,31,165,75,32,26,-1,-1,-1
813,31,161,76,32,27,-1,-1,-1
814,31,157,76,33,27,-1,-1,-1
815,31,153,77,33,27,-1,-1,-1
816,31,150,78,33,27,-1,-1,-1
817,31,147,78,33,27,-1,-1,-1
818,31,145,79,32,27,-1,-1,-1
819,31,144,79,32,28,-1,-1,-1
830,34,363,40,31,28,-1,-1,-1
831,34,362,40,31,28,-1,-1,-1
832,34,361,40,31,28,-1,-1,-1
833,34,360,40,31,28,-1,-1,-1
834,34,358,40,31,28,-1,-1,-1
835,34,357,40,31,28,-1,-1,-1
836,34,355,41,31,27,-1,-1,-1
837,34,353,41,31,27,-1,-1,-1
838,34,351,41,31,27,-1,-1,-1
839,34,350,41,30,27,-1,-1,-1
840,34,349,41,30,27,-1,-1,-1
841,34,347,42,29,27,-1,-1,-1
842,34,346,42,29,27,-1,-1,-1
843,34,344,42,29,27,-1,-1,-1
844,34,342,42,30,28,-1,-1,-1
845,34,339,42,31,28,-1,-1,-1
846,34,337,42,32,28,-1,-1,-1
847,34,334,42,32,28,-1,-1,-1
848,34,333,42,32,27,-1,-1,-1
849,34,332,42,32,27,-1,-1,-1
850,34,331,42,32,27,-1,-1,-1
875,35,427,41,25,26,-1,-1,-1
876,35,427,40,24,26,-1,-1,-1
877,35,427,40,24,26,-1,-1,-1
878,35,427,40,23,26,-1,-1,-1
879,35,426,40,23,26,-1,-1,-1
880,35,425,40,22,26,-1,-1,-1
881,35,424,41,22,25,-1,-1,-1
882,35,423,42,22,24,-1,-1,-1
883,35,422,43,22,24,-1,-1,-1
883,40,446,29,21,19,-1,-1,-1
884,35,421,44,22,23,-1,-1,-1
884,40,446,29,21,19,-1,-1,-1
885,35,419,45,23,23,-1,-1,-1
885,40,445,30,21,19,-1,-1,-1
886,35,418,45,24,24,-1,-1,-1
886,40,445,30,21,19,-1,-1,-1
887,35,416,45,25,24,-1,-1,-1
887,40,445,30,21,19,-1,-1,-1
888,35,415,46,25,24,-1,-1,-1
888,40,444,31,21,19,-1,-1,-1
889,35,414,47,25,24,-1,-1,-1
889,40,444,31,21,19,-1,-1,-1
890,35,413,47,26,24,-1,-1,-1
890,40,443,31,21,19,-1,-1,-1
891,35,412,48,26,23,-1,-1,-1
891,40,443,31,21,19,-1,-1,-1
892,35,411,48,25,23,-1,-1,-1
892,40,443,31,21,19,-1,-1,-1
893,35,410,49,25,22,-1,-1,-1
893,36,365,43,25,22,-1,-1,-1
893,40,442,31,21,19,-1,-1,-1
894,35,409,49,25,22,-1,-1,-1
894,36,363,43,26,22,-1,-1,-1
894,40,441,31,21,18,-1,-1,-1
895,35,407,50,25,21,-1,-1,-1
895,36,362,43,26,22,-1,-1,-1
895,40,440,31,21,18,-1,-1,-1
896,35,406,50,25,22,-1,-1,-1
896,36,360,44,27,22,-1,-1,-1
896,40,439,31,21,18,-1,-1,-1
897,35,405,50,25,22,-1,-1,-1
897,36,358,44,27,22,-1,-1,-1
897,40,439,31,20,18,-1,-1,-1
898,35,404,50,25,22,-1,-1,-1
898,36,356,44,27,21,-1,-1,-1
898,40,439,31,20,18,-1,-1,-1
899,35,403,50,25,23,-1,-1,-1
899,36,354,44,28,21,-1,-1,-1
899,40,438,31,19,18,-1,-1,-1
900,35,401,50,25,22,-1,-1,-1
900,36,352,44,28,21,-1,-1,-1
900,40,437,32,19,18,-1,-1,-1
901,35,400,51,25,22,-1,-1,-1
901,36,350,44,28,21,-1,-1,-1
901,40,436,32,19,17,-1,-1,-1
902,35,399,51,25,22,-1,-1,-1
902,36,349,44,28,21,-1,-1,-1
902,40,435,32,19,17,-1,-1,-1
903,35,398,51,25,22,-1,-1,-1
903,36,347,44,28,21,-1,-1,-1
903,40,434,33,19,17,-1,-1,-1
904,35,397,52,25,23,-1,-1,-1
904,36,346,45,28,21,-1,-1,-1
904,40,434,32,19,18,-1,-1,-1
905,35,396,53,25,22,-1,-1,-1
905,36,344,45,28,21,-1,-1,-1
905,40,433,32,20,18,-1,-1,-1
906,35,395,54,25,22,-1,-1,-1
906,36,341,45,28,21,-1,-1,-1
906,37,423,195,35,26,-1,-1,-1
906,40,432,32,20,19,-1,-1,-1
907,35,393,55,26,22,-1,-1,-1
907,36,339,46,28,21,-1,-1,-1
907,37,424,193,34,25,-1,-1,-1
907,40,432,32,20,20,-1,-1,-1
908,35,391,56,25,23,-1,-1,-1
908,36,336,46,28,21,-1,-1,-1
908,37,425,192,34,24,-1,-1,-1
908,40,431,32,20,20,-1,-1,-1
909,35,389,57,26,23,-1,-1,-1
909,36,334,46,28,21,-1,-1,-1
909,40,430,32,21,20,-1,-1,-1
910,35,387,57,26,23,-1,-1,-1
910,36,331,47,28,21,-1,-1,-1
910,40,430,32,21,21,-1,-1,-1
911,35,384,58,27,24,-1,-1,-1
911,36,329,47,28,21,-1,-1,-1
911,40,429,32,22,21,-1,-1,-1
912,35,382,58,29,25,-1,-1,-1
912,36,326,48,28,21,-1,-1,-1
912,40,429,32,21,21,-1,-1,-1
913,35,379,59,30,25,-1,-1,-1
913,36,324,48,28,21,-1,-1,-1
913,40,428,32,22,21,-1,-1,-1
914,35,376,59,31,26,-1,-1,-1
914,36,321,48,28,22,-1,-1,-1
914,40,427,32,22,20,-1,-1,-1
915,35,374,60,31,26,-1,-1,-1
915,36,319,49,28,22,-1,-1,-1
915,40,427,32,22,20,-1,-1,-1
916,35,372,60,31,26,-1,-1,-1
916,36,316,49,28,22,-1,-1,-1
916,40,427,32,22,20,-1,-1,-1
917,35,370,61,31,26,-1,-1,-1
917,36,314,49,28,22,-1,-1,-1
917,40,426,32,22,19,-1,-1,-1
918,35,368,62,31,26,-1,-1,-1
918,36,311,50,28,22,-1,-1,-1
918,40,425,33,22,19,-1,-1,-1
919,35,366,62,31,26,-1,-1,-1
919,36,309,50,29,22,-1,-1,-1
919,40,424,33,22,18,-1,-1,-1
920,35,364,63,31,27,-1,-1,-1
920,36,306,51,29,22,-1,-1,-1
920,40,423,33,22,18,-1,-1,-1
921,35,361,63,31,27,-1,-1,-1
921,36,304,51,29,22,-1,-1,-1
921,40,422,34,22,17,-1,-1,-1
922,35,359,63,31,28,-1,-1,-1
922,36,301,51,29,22,-1,-1,-1
922,40,422,34,22,17,-1,-1,-1
923,35,358,63,31,28,-1,-1,-1
923,36,299,52,29,22,-1,-1,-1
923,40,420,35,22,17,-1,-1,-1
924,35,357,63,31,28,-1,-1,-1
924,36,296,52,29,23,-1,-1,-1
924,40,418,35,22,17,-1,-1,-1
925,36,294,52,29,23,-1,-1,-1
925,38,76,83,49,39,-1,-1,-1
925,40,417,35,23,16,-1,-1,-1
926,36,291,53,29,23,-1,-1,-1
926,38,74,84,49,39,-1,-1,-1
926,40,416,35,23,16,-1,-1,-1
927,36,289,53,29,23,-1,-1,-1
927,38,71,84,49,40,-1,-1,-1
927,40,415,35,23,16,-1,-1,-1
928,36,286,54,29,23,-1,-1,-1
928,38,66,84,49,41,-1,-1,-1
928,40,414,35,23,16,-1,-1,-1
929,36,284,54,29,23,-1,-1,-1
929,38,62,84,50,41,-1,-1,-1
929,40,413,36,24,16,-1,-1,-1
930,36,281,54,29,23,-1,-1,-1
930,38,57,84,50,42,-1,-1,-1
930,40,412,36,24,16,-1,-1,-1
931,36,279,55,29,23,-1,-1,-1
931,38,51,84,51,42,-1,-1,-1
931,40,411,36,25,16,-1,-1,-1
932,36,276,55,29,23,-1,-1,-1
932,38,46,84,50,42,-1,-1,-1
932,40,410,36,25,16,-1,-1,-1
933,36,274,56,29,23,-1,-1,-1
933,38,41,85,51,42,-1,-1,-1
933,40,409,36,25,16,-1,-1,-1
934,36,272,57,29,23,-1,-1,-1
934,38,39,85,50,41,-1,-1,-1
934,40,408,36,25,16,-1,-1,-1
935,36,269,58,29,23,-1,-1,-1
935,38,37,86,51,42,-1,-1,-1
935,40,407,36,26,16,-1,-1,-1
936,36,266,58,29,22,-1,-1,-1
936,40,406,36,26,16,-1,-1,-1
937,36,263,59,30,23,-1,-1,-1
937,40,406,36,26,17,-1,-1,-1
938,36,260,59,30,23,-1,-1,-1
938,40,405,36,26,17,-1,-1,-1
939,36,257,59,30,23,-1,-1,-1
939,40,405,36,26,17,-1,-1,-1
940,36,254,60,30,22,-1,-1,-1
940,40,404,37,26,17,-1,-1,-1
941,36,250,60,30,22,-1,-1,-1
941,40,403,37,26,18,-1,-1,-1
942,36,246,61,31,23,-1,-1,-1
942,40,402,37,26,18,-1,-1,-1
943,36,243,61,31,23,-1,-1,-1
943,40,401,37,26,18,-1,-1,-1
944,36,240,62,31,22,-1,-1,-1
944,40,400,37,26,18,-1,-1,-1
945,36,237,63,31,22,-1,-1,-1
945,40,399,37,26,19,-1,-1,-1
946,36,233,64,30,21,-1,-1,-1
946,40,398,37,26,19,-1,-1,-1
947,36,230,65,30,22,-1,-1,-1
947,40,396,38,26,19,-1,-1,-1
948,36,227,66,30,21,-1,-1,-1
948,40,395,38,26,19,-1,-1,-1
949,36,223,67,30,21,-1,-1,-1
949,40,394,38,26,19,-1,-1,-1
950,36,220,67,30,21,-1,-1,-1
950,40,393,38,26,20,-1,-1,-1
951,36,217,68,29,22,-1,-1,-1
951,40,392,38,26,20,-1,-1,-1
952,36,213,68,29,22,-1,-1,-1
952,40,391,38,26,20,-1,-1,-1
953,36,209,68,30,22,-1,-1,-1
953,40,390,38,26,20,-1,-1,-1
954,36,206,69,30,23,-1,-1,-1
954,40,388,39,26,21,-1,-1,-1
955,36,202,69,31,24,-1,-1,-1
955,40,387,39,26,21,-1,-1,-1
956,36,199,70,31,24,-1,-1,-1
956,40,386,39,26,21,-1,-1,-1
957,36,195,71,31,25,-1,-1,-1
957,40,385,39,26,21,-1,-1,-1
958,36,191,71,31,25,-1,-1,-1
958,40,384,39,26,21,-1,-1,-1
959,36,187,72,31,26,-1,-1,-1
959,40,383,39,26,22,-1,-1,-1
960,36,183,73,32,26,-1,-1,-1
960,40,382,39,26,22,-1,-1,-1
961,36,179,73,33,26,-1,-1,-1
961,40,380,40,26,22,-1,-1,-1
962,36,175,74,33,26,-1,-1,-1
962,40,379,40,26,22,-1,-1,-1
963,36,171,75,34,26,-1,-1,-1
963,40,378,40,26,23,-1,-1,-1
964,36,166,75,35,26,-1,-1,-1
964,40,377,40,26,23,-1,-1,-1
965,36,164,75,35,26,-1,-1,-1
965,40,376,40,26,23,-1,-1,-1
966,36,163,76,36,26,-1,-1,-1
966,40,375,41,27,23,-1,-1,-1
967,40,373,41,27,24,-1,-1,-1
968,40,372,41,27,25,-1,-1,-1
969,40,371,41,28,26,-1,-1,-1
970,40,370,42,27,27,-1,-1,-1
971,40,369,42,27,27,-1,-1,-1
972,40,367,42,27,28,-1,-1,-1
973,40,366,43,28,28,-1,-1,-1
974,40,365,43,28,28,-1,-1,-1
975,40,363,43,29,28,-1,-1,-1
976,40,360,43,30,29,-1,-1,-1
977,40,358,43,31,29,-1,-1,-1
978,40,356,43,31,29,-1,-1,-1
979,40,354,43,31,28,-1,-1,-1
980,40,351,43,32,28,-1,-1,-1
981,40,349,43,32,28,-1,-1,-1
982,40,348,43,32,27,-1,-1,-1
983,40,347,43,32,27,-1,-1,-1
984,40,345,44,33,26,-1,-1,-1
985,40,343,44,33,26,-1,-1,-1
986,40,342,44,33,26,-1,-1,-1
987,40,340,44,33,26,-1,-1,-1
988,40,338,44,33,26,-1,-1,-1
989,40,336,44,33,26,-1,-1,-1
990,40,335,45,32,26,-1,-1,-1
991,40,333,45,32,26,-1,-1,-1
992,40,331,45,32,26,-1,-1,-1
993,40,329,45,32,26,-1,-1,-1
994,40,327,46,32,26,-1,-1,-1
995,40,325,46,32,26,-1,-1,-1
996,40,323,47,32,26,-1,-1,-1
997,40,320,47,32,26,-1,-1,-1
998,40,318,48,32,26,-1,-1,-1
999,40,316,48,32,26,-1,-1,-1
1000,40,314,49,32,26,-1,-1,-1
1001,40,311,49,33,26,-1,-1,-1
1002,40,309,50,33,26,-1,-1,-1
1003,40,307,50,33,27,-1,-1,-1
1004,40,304,51,33,27,-1,-1,-1
1005,40,302,51,33,27,-1,-1,-1
1006,40,300,52,33,27,-1,-1,-1
1007,40,297,52,34,27,-1,-1,-1
1008,40,295,53,34,27,-1,-1,-1
1009,40,293,53,34,27,-1,-1,-1
1010,40,290,54,34,27,-1,-1,-1
1011,40,288,54,34,28,-1,-1,-1
1012,40,286,55,34,28,-1,-1,-1
1013,40,283,55,35,28,-1,-1,-1
1014,40,281,56,35,28,-1,-1,-1
1015,40,279,56,35,28,-1,-1,-1
1016,40,276,57,35,28,-1,-1,-1
1017,40,274,57,35,28,-1,-1,-1
1018,40,272,58,35,28,-1,-1,-1
1019,40,270,59,35,28,-1,-1,-1
1020,40,268,59,35,27,-1,-1,-1
1021,40,266,59,34,27,-1,-1,-1
1022,40,264,59,33,27,-1,-1,-1
1023,40,261,60,33,27,-1,-1,-1
1024,40,258,60,34,26,-1,-1,-1
1025,40,256,61,34,26,-1,-1,-1
1026,40,254,62,34,25,-1,-1,-1
1027,40,252,62,33,25,-1,-1,-1
1028,40,250,63,33,24,-1,-1,-1
1029,40,247,63,33,24,-1,-1,-1
1030,40,243,64,34,24,-1,-1,-1
1031,40,239,65,35,24,-1,-1,-1
1032,40,236,65,35,23,-1,-1,-1
1033,40,233,66,35,23,-1,-1,-1
1034,40,230,66,35,23,-1,-1,-1
1035,40,227,67,35,23,-1,-1,-1
1036,40,224,67,34,23,-1,-1,-1
1037,40,220,68,34,23,-1,-1,-1
1038,40,217,68,34,23,-1,-1,-1
1039,40,214,69,33,23,-1,-1,-1
1040,40,211,69,33,23,-1,-1,-1
1041,40,207,70,33,23,-1,-1,-1
1042,40,204,70,32,23,-1,-1,-1
1043,39,451,87,35,23,-1,-1,-1
1043,40,201,71,32,23,-1,-1,-1
1044,39,452,86,34,22,-1,-1,-1
1044,40,198,71,32,23,-1,-1,-1
1045,39,453,85,34,22,-1,-1,-1
1045,40,195,72,32,23,-1,-1,-1
1046,39,454,84,34,22,-1,-1,-1
1046,40,191,72,32,23,-1,-1,-1
1047,39,454,83,35,22,-1,-1,-1
1047,40,188,73,33,24,-1,-1,-1
1048,39,455,82,35,22,-1,-1,-1
1048,40,184,73,33,25,-1,-1,-1
1049,39,456,80,35,22,-1,-1,-1
1049,40,181,74,34,25,-1,-1,-1
1050,39,458,79,35,22,-1,-1,-1
1050,40,178,75,33,25,-1,-1,-1
1051,39,459,78,35,23,-1,-1,-1
1051,40,176,75,33,25,-1,-1,-1
1052,39,460,77,35,23,-1,-1,-1
1052,40,175,75,33,25,-1,-1,-1
1053,39,461,76,35,22,-1,-1,-1
1054,39,462,75,34,22,-1,-1,-1
1055,39,464,74,33,22,-1,-1,-1
1055,41,366,49,26,26,-1,-1,-1
1056,39,465,73,32,21,-1,-1,-1
1056,41,365,49,26,26,-1,-1,-1
1057,39,467,72,31,20,-1,-1,-1
1057,41,363,49,26,25,-1,-1,-1
1058,39,468,71,30,20,-1,-1,-1
1058,41,361,49,26,25,-1,-1,-1
1059,39,469,70,28,19,-1,-1,-1
1059,41,360,49,27,25,-1,-1,-1
1060,39,470,69,27,19,-1,-1,-1
1060,41,359,49,27,24,-1,-1,-1
1061,39,470,68,27,19,-1,-1,-1
1062,39,471,67,27,19,-1,-1,-1
1063,39,471,66,27,19,-1,-1,-1
1064,39,472,65,26,19,-1,-1,-1
1065,39,473,65,26,19,-1,-1,-1
1065,50,345,49,29,25,-1,-1,-1
1066,39,473,64,26,19,-1,-1,-1
1066,50,344,49,29,25,-1,-1,-1
1067,39,474,64,26,18,-1,-1,-1
1067,50,343,49,29,24,-1,-1,-1
1068,39,474,64,26,18,-1,-1,-1
1068,50,341,48,28,25,-1,-1,-1
1069,39,475,64,26,18,-1,-1,-1
1069,50,338,48,28,25,-1,-1,-1
1070,50,336,48,28,25,-1,-1,-1
1071,50,334,48,28,25,-1,-1,-1
1072,50,332,48,28,25,-1,-1,-1
1073,50,330,48,27,24,-1,-1,-1
1074,50,327,49,27,24,-1,-1,-1
1075,50,325,49,26,24,-1,-1,-1
1076,50,323,49,26,24,-1,-1,-1
1077,45,367,45,24,21,-1,-1,-1
1077,50,321,50,26,24,-1,-1,-1
1078,45,365,46,24,20,-1,-1,-1
1078,50,319,50,26,23,-1,-1,-1
1079,45,364,46,24,20,-1,-1,-1
1079,50,317,51,26,22,-1,-1,-1
1080,45,362,46,24,20,-1,-1,-1
1080,50,314,52,26,21,-1,-1,-1
1081,45,360,46,24,20,-1,-1,-1
1081,50,311,52,26,21,-1,-1,-1
1082,45,358,46,24,20,-1,-1,-1
1082,50,308,52,26,22,-1,-1,-1
1083,45,356,46,25,20,-1,-1,-1
1083,50,306,53,25,22,-1,-1,-1
1084,42,401,187,53,50,-1,-1,-1
1084,45,354,46,25,20,-1,-1,-1
1084,50,304,53,26,22,-1,-1,-1
1085,42,405,182,54,52,-1,-1,-1
1085,45,352,47,25,20,-1,-1,-1
1085,50,301,54,26,22,-1,-1,-1
1086,42,408,178,53,52,-1,-1,-1
1086,45,349,47,25,20,-1,-1,-1
1086,50,299,55,27,22,-1,-1,-1
1087,42,412,172,50,51,-1,-1,-1
1087,45,347,47,25,20,-1,-1,-1
1087,50,296,55,26,22,-1,-1,-1
1088,42,415,170,49,50,-1,-1,-1
1088,45,345,48,25,20,-1,-1,-1
1088,50,293,56,27,22,-1,-1,-1
1089,42,416,167,47,50,-1,-1,-1
1089,45,342,48,25,20,-1,-1,-1
1089,50,290,57,27,22,-1,-1,-1
1090,45,340,48,26,21,-1,-1,-1
1090,50,288,57,28,22,-1,-1,-1
1091,45,338,49,26,21,-1,-1,-1
1091,50,285,57,28,23,-1,-1,-1
1092,45,335,49,26,21,-1,-1,-1
1092,50,284,56,28,24,-1,-1,-1
1093,45,333,50,26,21,-1,-1,-1
1093,50,282,56,27,24,-1,-1,-1
1094,45,331,50,26,21,-1,-1,-1
1094,50,279,57,27,24,-1,-1,-1
1095,45,329,50,26,21,-1,-1,-1
1095,50,277,57,28,25,-1,-1,-1
1096,45,326,51,26,21,-1,-1,-1
1096,50,274,59,28,24,-1,-1,-1
1097,45,324,51,26,22,-1,-1,-1
1097,50,271,59,28,24,-1,-1,-1
1098,45,322,51,27,22,-1,-1,-1
1098,50,268,59,28,24,-1,-1,-1
1099,45,319,52,27,22,-1,-1,-1
1099,50,265,60,29,25,-1,-1,-1
1100,45,317,52,27,22,-1,-1,-1
1100,50,262,60,29,25,-1,-1,-1
1101,45,315,52,27,22,-1,-1,-1
1101,50,258,60,30,24,-1,-1,-1
1102,43,199,110,41,41,-1,-1,-1
1102,45,312,53,27,22,-1,-1,-1
1102,50,255,61,30,24,-1,-1,-1
1103,43,197,111,39,40,-1,-1,-1
1103,45,310,53,27,22,-1,-1,-1
1103,50,251,61,31,24,-1,-1,-1
1104,43,195,111,39,40,-1,-1,-1
1104,45,308,54,27,22,-1,-1,-1
1104,50,248,62,31,23,-1,-1,-1
1105,45,306,54,28,23,-1,-1,-1
1105,50,244,63,31,23,-1,-1,-1
1106,45,303,54,28,23,-1,-1,-1
1106,50,241,64,31,24,-1,-1,-1
1107,45,301,55,28,23,-1,-1,-1
1107,50,237,65,31,24,-1,-1,-1
1108,45,299,55,28,23,-1,-1,-1
1108,50,234,66,31,24,-1,-1,-1
1109,44,479,88,29,26,-1,-1,-1
1109,45,296,55,28,23,-1,-1,-1
1109,50,230,67,31,24,-1,-1,-1
1110,44,480,88,29,25,-1,-1,-1
1110,45,294,56,28,23,-1,-1,-1
1110,50,226,67,31,24,-1,-1,-1
1111,44,480,88,28,25,-1,-1,-1
1111,45,292,56,28,23,-1,-1,-1
1111,50,222,68,31,24,-1,-1,-1
1112,44,481,87,28,26,-1,-1,-1
1112,45,290,56,28,23,-1,-1,-1
1112,50,218,68,31,24,-1,-1,-1
1113,44,482,87,28,26,-1,-1,-1
1113,45,288,56,28,24,-1,-1,-1
1113,50,215,69,31,24,-1,-1,-1
1114,44,482,86,28,25,-1,-1,-1
1114,45,285,56,28,24,-1,-1,-1
1114,50,211,70,31,24,-1,-1,-1
1115,44,483,84,29,25,-1,-1,-1
1115,45,282,56,29,24,-1,-1,-1
1115,50,207,70,31,24,-1,-1,-1
1116,44,483,83,29,24,-1,-1,-1
1116,45,279,56,30,25,-1,-1,-1
1116,50,203,71,31,24,-1,-1,-1
1117,44,483,82,29,24,-1,-1,-1
1117,45,276,56,30,25,-1,-1,-1
1117,50,199,71,31,24,-1,-1,-1
1118,44,484,81,30,24,-1,-1,-1
1118,45,273,57,31,26,-1,-1,-1
1118,50,196,72,31,24,-1,-1,-1
1119,45,271,57,32,26,-1,-1,-1
1119,50,192,73,31,24,-1,-1,-1
1120,45,269,58,31,25,-1,-1,-1
1120,50,188,73,31,24,-1,-1,-1
1121,45,266,59,31,24,-1,-1,-1
1121,50,184,74,32,25,-1,-1,-1
1122,45,263,59,30,24,-1,-1,-1
1122,50,180,74,32,25,-1,-1,-1
1123,45,260,59,31,24,-1,-1,-1
1123,50,177,74,32,25,-1,-1,-1
1124,45,258,60,32,24,-1,-1,-1
1124,50,172,75,33,25,-1,-1,-1
1125,45,255,61,32,23,-1,-1,-1
1125,50,168,75,33,25,-1,-1,-1
1126,45,252,62,32,22,-1,-1,-1
1126,50,163,76,34,25,-1,-1,-1
1127,45,248,63,33,22,-1,-1,-1
1127,50,159,76,35,25,-1,-1,-1
1128,45,245,63,33,22,-1,-1,-1
1128,50,153,76,36,26,-1,-1,-1
1129,45,242,64,33,22,-1,-1,-1
1129,50,148,77,37,26,-1,-1,-1
1130,45,239,64,33,22,-1,-1,-1
1130,50,144,77,38,27,-1,-1,-1
1131,45,236,65,32,21,-1,-1,-1
1131,50,139,78,38,28,-1,-1,-1
1132,45,232,65,32,20,-1,-1,-1
1132,50,135,79,37,29,-1,-1,-1
1133,45,229,65,31,20,-1,-1,-1
1133,50,131,80,37,30,-1,-1,-1
1134,45,226,66,31,20,-1,-1,-1
1134,46,431,189,34,32,-1,-1,-1
1134,50,127,81,36,31,-1,-1,-1
1135,45,223,66,30,20,-1,-1,-1
1135,46,433,184,34,31,-1,-1,-1
1135,50,122,82,37,31,-1,-1,-1
1136,45,219,66,29,20,-1,-1,-1
1136,46,434,179,34,32,-1,-1,-1
1136,50,117,83,37,32,-1,-1,-1
1137,45,216,66,28,21,-1,-1,-1
1137,46,437,174,34,32,-1,-1,-1
1137,50,112,83,38,32,-1,-1,-1
1138,45,213,66,27,21,-1,-1,-1
1138,46,441,166,34,33,-1,-1,-1
1138,50,107,84,39,32,-1,-1,-1
1138,51,270,59,27,19,-1,-1,-1
1139,45,210,67,26,21,-1,-1,-1
1139,46,443,163,34,33,-1,-1,-1
1139,47,385,246,54,44,-1,-1,-1
1139,50,101,85,40,33,-1,-1,-1
1139,51,268,59,27,19,-1,-1,-1
1140,45,206,67,26,22,-1,-1,-1
1140,46,444,159,34,34,-1,-1,-1
1140,47,391,238,52,42,-1,-1,-1
1140,50,96,85,41,33,-1,-1,-1
1140,51,266,59,27,19,-1,-1,-1
1141,45,203,67,25,22,-1,-1,-1
1141,47,393,235,51,42,-1,-1,-1
1141,50,91,86,43,33,-1,-1,-1
1141,51,263,60,27,20,-1,-1,-1
1142,45,199,68,25,22,-1,-1,-1
1142,47,395,232,51,41,-1,-1,-1
1142,50,86,86,44,33,-1,-1,-1
1142,51,260,60,28,21,-1,-1,-1
1143,45,195,69,25,22,-1,-1,-1
1143,50,80,87,45,34,-1,-1,-1
1143,51,257,60,28,21,-1,-1,-1
1144,45,191,70,26,21,-1,-1,-1
1144,50,75,87,46,34,-1,-1,-1
1144,51,254,61,29,21,-1,-1,-1
1145,45,187,72,28,22,-1,-1,-1
1145,50,70,88,47,34,-1,-1,-1
1145,51,250,62,30,22,-1,-1,-1
1146,45,183,73,29,22,-1,-1,-1
1146,50,66,88,48,35,-1,-1,-1
1146,51,247,62,30,22,-1,-1,-1
1147,45,179,74,30,23,-1,-1,-1
1147,50,61,88,49,36,-1,-1,-1
1147,51,244,63,30,23,-1,-1,-1
1148,45,175,75,30,22,-1,-1,-1
1148,50,56,89,50,36,-1,-1,-1
1148,51,242,64,30,23,-1,-1,-1
1149,45,171,76,30,22,-1,-1,-1
1149,48,348,46,23,22,-1,-1,-1
1149,50,51,90,50,37,-1,-1,-1
1149,51,240,65,29,23,-1,-1,-1
1150,45,167,76,30,22,-1,-1,-1
1150,48,347,46,23,22,-1,-1,-1
1150,50,46,90,50,38,-1,-1,-1
1150,51,238,65,28,22,-1,-1,-1
1151,45,164,77,29,21,-1,-1,-1
1151,48,346,46,23,22,-1,-1,-1
1151,50,41,91,50,38,-1,-1,-1
1151,51,235,65,27,22,-1,-1,-1
1152,45,160,77,28,21,-1,-1,-1
1152,48,345,46,23,22,-1,-1,-1
1152,50,35,92,49,39,-1,-1,-1
1152,51,232,66,27,21,-1,-1,-1
1153,45,155,77,29,21,-1,-1,-1
1153,48,345,46,22,22,-1,-1,-1
1153,50,30,93,49,40,-1,-1,-1
1153,51,228,67,27,21,-1,-1,-1
1154,45,150,77,29,22,-1,-1,-1
1154,49,183,111,36,33,-1,-1,-1
1154,50,25,94,49,40,-1,-1,-1
1154,51,224,67,27,22,-1,-1,-1
1155,45,148,77,29,22,-1,-1,-1
1155,49,180,112,36,32,-1,-1,-1
1155,50,20,95,49,40,-1,-1,-1
1155,51,219,67,27,22,-1,-1,-1
1156,45,147,77,30,21,-1,-1,-1
1156,49,179,112,36,32,-1,-1,-1
1156,50,15,97,48,40,-1,-1,-1
1156,51,215,67,28,23,-1,-1,-1
1157,50,11,99,48,39,-1,-1,-1
1157,51,211,67,28,24,-1,-1,-1
1158,50,9,99,47,40,-1,-1,-1
1158,51,207,67,28,24,-1,-1,-1
1159,50,8,99,47,40,-1,-1,-1
1159,51,204,67,27,24,-1,-1,-1
1160,51,200,68,27,23,-1,-1,-1
1161,51,196,69,27,23,-1,-1,-1
1162,51,192,70,27,23,-1,-1,-1
1163,51,187,71,28,23,-1,-1,-1
1164,51,183,72,30,24,-1,-1,-1
1165,51,179,73,31,25,-1,-1,-1
1166,51,175,73,32,25,-1,-1,-1
1167,51,171,74,33,25,-1,-1,-1
1168,51,167,75,34,25,-1,-1,-1
1169,51,162,76,35,25,-1,-1,-1
1170,51,158,77,36,24,-1,-1,-1
1171,51,153,77,36,25,-1,-1,-1
1172,51,148,78,37,25,-1,-1,-1
1173,51,144,77,37,26,-1,-1,-1
1174,51,140,78,37,27,-1,-1,-1
1175,51,135,78,37,28,-1,-1,-1
1176,51,130,79,38,28,-1,-1,-1
1177,51,126,79,39,28,-1,-1,-1
1178,51,121,80,39,29,-1,-1,-1
1179,51,116,81,39,29,-1,-1,-1
1180,51,111,81,39,30,-1,-1,-1
1181,51,106,82,39,31,-1,-1,-1
1182,51,102,83,39,31,-1,-1,-1
1183,51,97,83,39,32,-1,-1,-1
1184,51,92,84,39,33,-1,-1,-1
1185,51,86,85,41,34,-1,-1,-1
1186,51,81,86,43,34,-1,-1,-1
1187,51,75,86,46,35,-1,-1,-1
1188,51,70,87,47,37,-1,-1,-1
1189,51,64,87,49,38,-1,-1,-1
1190,51,59,87,51,39,-1,-1,-1
1191,51,53,87,52,40,-1,-1,-1
1192,51,48,87,53,40,-1,-1,-1
1193,51,43,88,54,41,-1,-1,-1
1194,51,39,88,53,41,-1,-1,-1
1195,51,35,89,52,41,-1,-1,-1
1195,52,404,208,49,43,-1,-1,-1
1196,51,31,90,51,42,-1,-1,-1
1196,52,408,200,49,44,-1,-1,-1
1197,51,26,92,50,41,-1,-1,-1
1197,52,412,194,48,44,-1,-1,-1
1198,51,21,94,49,40,-1,-1,-1
1198,52,417,186,47,44,-1,-1,-1
1199,51,17,96,48,39,-1,-1,-1
1199,52,423,179,45,43,-1,-1,-1
1200,51,13,97,48,38,-1,-1,-1
1200,52,428,172,42,42,-1,-1,-1
1201,51,11,98,47,38,-1,-1,-1
1201,52,433,166,39,41,-1,-1,-1
1202,51,9,98,47,38,-1,-1,-1
1202,52,437,160,37,40,-1,-1,-1
1203,52,441,154,36,39,-1,-1,-1
1204,52,444,148,36,38,-1,-1,-1
1205,52,447,143,35,37,-1,-1,-1
1206,52,450,137,35,36,-1,-1,-1
1207,52,453,132,35,35,-1,-1,-1
1208,52,456,128,36,34,-1,-1,-1
1209,52,458,125,36,33,-1,-1,-1
1210,52,458,124,36,32,-1,-1,-1
1211,52,458,123,37,32,-1,-1,-1
1265,53,371,41,31,25,-1,-1,-1
1266,53,370,41,29,25,-1,-1,-1
1267,53,369,41,28,25,-1,-1,-1
1268,53,368,41,28,25,-1,-1,-1
1269,53,367,42,28,26,-1,-1,-1
1270,53,365,42,28,27,-1,-1,-1
1271,53,364,43,29,27,-1,-1,-1
1272,53,363,44,29,27,-1,-1,-1
1273,53,361,44,30,27,-1,-1,-1
1274,53,359,44,31,28,-1,-1,-1
1275,53,356,44,32,27,-1,-1,-1
1276,53,353,44,33,28,-1,-1,-1
1277,53,351,43,33,27,-1,-1,-1
1278,53,349,43,33,27,-1,-1,-1
1279,53,347,43,33,27,-1,-1,-1
1280,53,346,43,33,27,-1,-1,-1
1281,53,344,44,33,27,-1,-1,-1
1282,53,343,44,32,27,-1,-1,-1
1283,53,342,45,32,27,-1,-1,-1
1284,53,340,45,32,27,-1,-1,-1
1285,53,339,45,31,27,-1,-1,-1
1286,53,337,46,31,27,-1,-1,-1
1287,53,336,46,31,27,-1,-1,-1
1288,53,334,46,31,27,-1,-1,-1
1289,53,333,47,31,26,-1,-1,-1
1290,53,331,47,31,26,-1,-1,-1
1291,53,329,47,31,25,-1,-1,-1
1292,53,328,48,31,24,-1,-1,-1
1293,53,326,48,30,24,-1,-1,-1
1294,53,324,49,30,24,-1,-1,-1
1295,53,321,49,30,24,-1,-1,-1
1296,53,319,50,30,24,-1,-1,-1
1297,53,317,50,30,24,-1,-1,-1
1298,53,314,50,30,24,-1,-1,-1
1299,53,312,51,30,25,-1,-1,-1
1300,53,309,51,30,25,-1,-1,-1
1301,53,307,51,31,25,-1,-1,-1
1302,53,304,52,31,25,-1,-1,-1
1303,53,302,52,31,25,-1,-1,-1
1304,53,299,53,31,25,-1,-1,-1
1305,53,297,53,31,26,-1,-1,-1
1306,53,295,53,31,26,-1,-1,-1
1307,53,292,54,31,26,-1,-1,-1
1308,53,290,54,31,26,-1,-1,-1
1309,53,287,54,32,26,-1,-1,-1
1310,53,285,55,32,26,-1,-1,-1
1311,53,282,55,32,27,-1,-1,-1
1312,53,280,56,32,27,-1,-1,-1
1313,53,277,56,32,27,-1,-1,-1
1314,53,275,56,32,27,-1,-1,-1
1315,53,272,57,32,27,-1,-1,-1
1316,53,270,57,32,27,-1,-1,-1
1317,53,268,58,32,27,-1,-1,-1
1318,53,265,58,31,27,-1,-1,-1
1319,53,263,59,30,27,-1,-1,-1
1320,53,260,59,30,27,-1,-1,-1
1321,53,256,60,30,27,-1,-1,-1
1322,53,253,60,30,27,-1,-1,-1
1323,53,250,61,30,27,-1,-1,-1
1324,53,246,62,30,27,-1,-1,-1
1325,53,243,62,30,27,-1,-1,-1
1326,53,239,63,31,27,-1,-1,-1
1327,53,236,63,31,27,-1,-1,-1
1328,53,233,64,31,27,-1,-1,-1
1329,53,229,65,31,27,-1,-1,-1
1330,53,226,65,31,27,-1,-1,-1
1331,53,222,66,31,27,-1,-1,-1
1332,53,219,66,32,27,-1,-1,-1
1333,53,215,67,32,27,-1,-1,-1
1334,53,212,68,32,27,-1,-1,-1
1335,53,208,68,32,27,-1,-1,-1
1336,53,205,69,32,27,-1,-1,-1
1337,53,202,69,32,27,-1,-1,-1
1337,54,336,48,25,23,-1,-1,-1
1338,53,198,70,33,27,-1,-1,-1
1338,54,334,48,25,22,-1,-1,-1
1339,53,195,71,33,27,-1,-1,-1
1339,54,333,48,24,22,-1,-1,-1
1340,53,191,71,33,27,-1,-1,-1
1340,54,331,49,24,21,-1,-1,-1
1341,53,188,72,33,27,-1,-1,-1
1341,54,329,49,24,21,-1,-1,-1
1342,53,184,72,33,27,-1,-1,-1
1342,54,327,49,24,21,-1,-1,-1
1343,53,181,73,34,26,-1,-1,-1
1343,54,325,50,24,21,-1,-1,-1
1344,53,178,74,34,26,-1,-1,-1
1344,54,323,50,24,21,-1,-1,-1
1345,53,174,74,34,26,-1,-1,-1
1345,54,320,51,24,21,-1,-1,-1
1346,53,170,75,34,26,-1,-1,-1
1346,54,318,51,24,21,-1,-1,-1
1347,53,166,76,34,25,-1,-1,-1
1347,54,316,52,24,21,-1,-1,-1
1348,53,163,77,34,25,-1,-1,-1
1348,54,313,52,24,21,-1,-1,-1
1349,53,158,77,35,25,-1,-1,-1
1349,54,311,53,24,21,-1,-1,-1
1350,53,154,77,35,25,-1,-1,-1
1350,54,308,54,24,21,-1,-1,-1
1351,53,149,78,36,25,-1,-1,-1
1351,54,305,54,25,21,-1,-1,-1
1352,53,145,78,36,26,-1,-1,-1
1352,54,302,55,26,22,-1,-1,-1
1353,53,140,78,36,28,-1,-1,-1
1353,54,299,55,27,23,-1,-1,-1
1354,53,136,77,36,30,-1,-1,-1
1354,54,296,56,27,24,-1,-1,-1
1355,53,132,77,35,31,-1,-1,-1
1355,54,294,56,28,24,-1,-1,-1
1356,53,127,78,36,32,-1,-1,-1
1356,54,291,56,28,24,-1,-1,-1
1357,53,122,79,36,33,-1,-1,-1
1357,54,288,56,30,24,-1,-1,-1
1357,57,227,67,31,23,-1,-1,-1
1358,53,117,80,36,33,-1,-1,-1
1358,54,285,57,30,24,-1,-1,-1
1358,57,224,67,30,23,-1,-1,-1
1359,53,112,81,37,34,-1,-1,-1
1359,54,282,57,30,24,-1,-1,-1
1359,57,221,67,29,23,-1,-1,-1
1360,53,107,82,37,34,-1,-1,-1
1360,54,279,58,30,24,-1,-1,-1
1360,57,218,67,28,23,-1,-1,-1
1361,53,102,83,39,34,-1,-1,-1
1361,54,276,58,30,24,-1,-1,-1
1361,57,215,68,28,23,-1,-1,-1
1362,53,95,84,42,33,-1,-1,-1
1362,54,273,59,30,25,-1,-1,-1
1362,57,213,69,30,23,-1,-1,-1
1363,53,89,85,43,33,-1,-1,-1
1363,54,270,59,30,24,-1,-1,-1
1363,57,209,70,31,23,-1,-1,-1
1364,53,84,86,43,33,-1,-1,-1
1364,54,268,60,29,24,-1,-1,-1
1364,55,161,105,37,37,-1,-1,-1
1364,57,206,70,32,23,-1,-1,-1
1365,53,80,87,43,34,-1,-1,-1
1365,54,265,60,29,24,-1,-1,-1
1365,55,154,107,37,37,-1,-1,-1
1365,57,203,71,31,22,-1,-1,-1
1366,53,75,87,43,34,-1,-1,-1
1366,54,262,60,29,24,-1,-1,-1
1366,55,149,108,38,37,-1,-1,-1
1366,57,200,72,31,21,-1,-1,-1
1367,53,73,88,43,34,-1,-1,-1
1367,54,258,61,29,24,-1,-1,-1
1367,55,139,112,39,38,-1,-1,-1
1367,57,197,72,31,21,-1,-1,-1
1368,53,71,88,42,34,-1,-1,-1
1368,54,256,62,29,23,-1,-1,-1
1368,55,129,115,41,38,-1,-1,-1
1368,57,193,72,32,21,-1,-1,-1
1369,54,252,63,29,22,-1,-1,-1
1369,55,118,118,42,39,-1,-1,-1
1369,57,189,73,33,22,-1,-1,-1
1370,54,249,63,29,22,-1,-1,-1
1370,55,107,120,44,40,-1,-1,-1
1370,57,185,74,34,23,-1,-1,-1
1371,54,245,63,30,22,-1,-1,-1
1371,55,96,124,45,40,-1,-1,-1
1371,57,182,74,34,24,-1,-1,-1
1372,54,242,64,30,22,-1,-1,-1
1372,55,91,126,46,40,-1,-1,-1
1372,57,180,75,34,24,-1,-1,-1
1373,54,239,65,30,21,-1,-1,-1
1373,55,86,127,46,40,-1,-1,-1
1373,57,177,76,34,24,-1,-1,-1
1374,54,237,65,29,21,-1,-1,-1
1374,57,174,76,34,25,-1,-1,-1
1375,54,234,65,28,21,-1,-1,-1
1375,57,171,76,34,25,-1,-1,-1
1376,54,232,66,28,20,-1,-1,-1
1376,57,168,76,34,25,-1,-1,-1
1377,54,229,67,28,20,-1,-1,-1
1377,56,91,125,55,42,-1,-1,-1
1377,57,165,76,34,24,-1,-1,-1
1378,54,226,67,28,20,-1,-1,-1
1378,56,88,124,54,42,-1,-1,-1
1378,57,162,77,34,24,-1,-1,-1
1379,54,222,67,27,20,-1,-1,-1
1379,56,88,124,54,41,-1,-1,-1
1379,57,157,77,34,24,-1,-1,-1
1380,54,219,68,26,20,-1,-1,-1
1380,57,152,78,35,25,-1,-1,-1
1381,54,215,68,26,20,-1,-1,-1
1381,57,148,78,35,26,-1,-1,-1
1382,54,211,69,26,20,-1,-1,-1
1382,57,144,78,35,27,-1,-1,-1
1383,54,207,70,26,20,-1,-1,-1
1383,57,141,78,35,29,-1,-1,-1
1384,54,203,71,26,19,-1,-1,-1
1384,57,136,78,35,30,-1,-1,-1
1385,54,200,72,27,19,-1,-1,-1
1385,57,131,80,35,29,-1,-1,-1
1386,54,196,73,27,19,-1,-1,-1
1386,57,125,82,34,27,-1,-1,-1
1387,54,192,73,28,19,-1,-1,-1
1387,57,121,84,34,26,-1,-1,-1
1388,54,187,74,28,20,-1,-1,-1
1388,57,117,85,35,26,-1,-1,-1
1389,54,184,74,29,21,-1,-1,-1
1389,57,112,86,35,26,-1,-1,-1
1390,54,180,75,29,21,-1,-1,-1
1390,57,107,87,36,25,-1,-1,-1
1391,54,176,75,30,21,-1,-1,-1
1391,57,102,88,36,26,-1,-1,-1
1392,54,172,76,30,22,-1,-1,-1
1392,57,96,88,37,26,-1,-1,-1
1393,54,167,76,30,23,-1,-1,-1
1393,57,91,89,37,27,-1,-1,-1
1394,54,163,77,30,23,-1,-1,-1
1394,57,87,89,37,27,-1,-1,-1
1395,54,158,78,31,23,-1,-1,-1
1395,57,82,90,37,27,-1,-1,-1
1396,54,154,78,31,23,-1,-1,-1
1396,57,78,89,37,27,-1,-1,-1
1397,54,150,79,31,24,-1,-1,-1
1397,57,74,90,37,28,-1,-1,-1
1398,54,148,79,31,24,-1,-1,-1
1398,57,70,89,37,29,-1,-1,-1
1399,54,147,80,31,24,-1,-1,-1
1399,57,66,90,37,30,-1,-1,-1
1400,57,63,89,37,31,-1,-1,-1
1401,57,59,90,37,32,-1,-1,-1
1402,57,55,90,36,33,-1,-1,-1
1403,57,50,90,38,34,-1,-1,-1
1404,57,47,90,39,34,-1,-1,-1
1405,57,45,91,41,34,-1,-1,-1
1409,58,343,64,25,23,-1,-1,-1
1410,58,341,65,24,22,-1,-1,-1
1411,58,340,66,24,22,-1,-1,-1
1412,58,340,66,23,22,-1,-1,-1
1415,59,365,57,24,28,-1,-1,-1
1416,59,364,58,24,27,-1,-1,-1
1417,59,362,58,23,26,-1,-1,-1
1418,59,361,59,23,26,-1,-1,-1
1419,59,358,59,24,26,-1,-1,-1
1420,59,356,60,24,26,-1,-1,-1
1421,59,354,61,25,26,-1,-1,-1
1422,59,352,61,26,26,-1,-1,-1
1423,59,350,62,26,26,-1,-1,-1
1424,59,348,62,26,26,-1,-1,-1
1425,59,346,63,26,26,-1,-1,-1
1425,60,372,41,25,23,-1,-1,-1
1426,59,343,63,25,26,-1,-1,-1
1426,60,371,41,25,23,-1,-1,-1
1427,59,340,64,26,27,-1,-1,-1
1427,60,370,42,25,23,-1,-1,-1
1428,59,337,64,26,27,-1,-1,-1
1428,60,369,42,25,23,-1,-1,-1
1429,59,333,65,28,27,-1,-1,-1
1429,60,368,42,25,24,-1,-1,-1
1430,59,330,67,29,26,-1,-1,-1
1430,60,366,43,26,25,-1,-1,-1
1431,59,327,68,30,27,-1,-1,-1
1431,60,365,43,26,25,-1,-1,-1
1432,59,325,69,30,27,-1,-1,-1
1432,60,363,44,27,25,-1,-1,-1
1433,59,322,70,30,27,-1,-1,-1
1433,60,361,44,27,25,-1,-1,-1
1434,59,318,71,30,27,-1,-1,-1
1434,60,359,45,27,25,-1,-1,-1
1435,59,315,71,31,29,-1,-1,-1
1435,60,357,45,27,25,-1,-1,-1
1436,59,311,72,32,30,-1,-1,-1
1436,60,355,44,27,25,-1,-1,-1
1437,59,307,72,33,32,-1,-1,-1
1437,60,353,44,27,26,-1,-1,-1
1438,59,303,73,33,32,-1,-1,-1
1438,60,350,44,27,25,-1,-1,-1
1439,59,299,75,34,32,-1,-1,-1
1439,60,348,44,28,25,-1,-1,-1
1440,59,295,76,34,32,-1,-1,-1
1440,60,346,44,28,24,-1,-1,-1
1441,59,291,76,34,33,-1,-1,-1
1441,60,344,45,28,24,-1,-1,-1
1442,59,289,76,34,34,-1,-1,-1
1442,60,342,45,28,24,-1,-1,-1
1443,59,288,76,34,34,-1,-1,-1
1443,60,340,45,28,24,-1,-1,-1
1444,60,337,46,28,24,-1,-1,-1
1445,60,335,46,28,24,-1,-1,-1
1446,60,333,46,28,24,-1,-1,-1
1447,60,331,47,29,23,-1,-1,-1
1448,60,329,47,29,23,-1,-1,-1
1449,60,326,48,29,22,-1,-1,-1
1450,60,323,48,29,22,-1,-1,-1
1451,60,321,48,29,22,-1,-1,-1
1452,60,318,49,29,22,-1,-1,-1
1453,60,315,49,30,22,-1,-1,-1
1454,60,312,50,30,23,-1,-1,-1
1455,60,309,50,30,23,-1,-1,-1
1456,60,307,51,30,23,-1,-1,-1
1457,60,304,51,31,23,-1,-1,-1
1458,60,301,52,31,23,-1,-1,-1
1459,60,298,52,31,24,-1,-1,-1
1460,60,295,53,31,24,-1,-1,-1
1461,60,292,53,32,24,-1,-1,-1
1462,60,290,54,32,24,-1,-1,-1
1463,60,287,54,32,24,-1,-1,-1
1464,60,284,55,32,25,-1,-1,-1
1465,60,281,55,33,25,-1,-1,-1
1465,61,105,130,51,37,-1,-1,-1
1466,60,278,56,33,25,-1,-1,-1
1466,61,94,133,51,37,-1,-1,-1
1467,60,276,56,33,25,-1,-1,-1
1467,61,91,134,51,37,-1,-1,-1
1468,60,273,56,34,26,-1,-1,-1
1468,61,86,137,50,36,-1,-1,-1
1469,60,270,57,34,26,-1,-1,-1
1470,60,268,58,34,25,-1,-1,-1
1471,60,264,58,35,25,-1,-1,-1
1472,60,261,59,35,25,-1,-1,-1
1473,60,257,60,35,25,-1,-1,-1
1474,60,254,61,35,24,-1,-1,-1
1475,60,251,61,35,24,-1,-1,-1
1476,60,247,61,36,23,-1,-1,-1
1476,63,332,47,30,20,-1,-1,-1
1477,60,244,62,36,24,-1,-1,-1
1477,63,331,47,30,20,-1,-1,-1
1478,60,240,63,37,24,-1,-1,-1
1478,63,329,48,30,20,-1,-1,-1
1479,60,237,63,37,24,-1,-1,-1
1479,63,327,48,30,20,-1,-1,-1
1480,60,233,64,37,23,-1,-1,-1
1480,63,325,48,30,20,-1,-1,-1
1481,60,229,65,37,23,-1,-1,-1
1481,63,322,49,30,21,-1,-1,-1
1482,60,225,65,36,23,-1,-1,-1
1482,63,320,49,30,21,-1,-1,-1
1482,67,354,64,30,21,-1,-1,-1
1483,60,221,66,36,23,-1,-1,-1
1483,63,317,50,30,21,-1,-1,-1
1483,67,352,64,29,23,-1,-1,-1
1484,60,217,67,35,24,-1,-1,-1
1484,63,314,50,30,21,-1,-1,-1
1484,67,351,65,29,23,-1,-1,-1
1485,60,213,67,34,24,-1,-1,-1
1485,63,311,51,30,21,-1,-1,-1
1485,67,348,66,29,24,-1,-1,-1
1486,60,209,68,34,25,-1,-1,-1
1486,63,308,51,30,21,-1,-1,-1
1486,67,346,67,30,24,-1,-1,-1
1486,71,366,44,27,21,-1,-1,-1
1487,60,205,69,33,25,-1,-1,-1
1487,63,305,52,30,21,-1,-1,-1
1487,67,343,68,30,24,-1,-1,-1
1487,71,367,44,25,21,-1,-1,-1
1488,60,201,70,32,25,-1,-1,-1
1488,63,302,52,30,21,-1,-1,-1
1488,67,340,70,31,23,-1,-1,-1
1488,71,367,44,25,21,-1,-1,-1
1489,60,197,70,32,25,-1,-1,-1
1489,63,299,53,30,21,-1,-1,-1
1489,67,337,71,31,23,-1,-1,-1
1489,71,366,45,25,21,-1,-1,-1
1490,60,193,71,32,25,-1,-1,-1
1490,63,296,53,30,21,-1,-1,-1
1490,67,334,72,32,23,-1,-1,-1
1490,71,366,46,25,21,-1,-1,-1
1491,60,188,71,33,25,-1,-1,-1
1491,63,293,54,29,21,-1,-1,-1
1491,67,330,73,33,23,-1,-1,-1
1491,69,336,50,24,21,-1,-1,-1
1491,71,365,46,25,21,-1,-1,-1
1492,60,184,72,34,26,-1,-1,-1
1492,63,291,54,29,22,-1,-1,-1
1492,67,327,74,33,24,-1,-1,-1
1492,69,335,49,24,22,-1,-1,-1
1492,71,363,46,25,21,-1,-1,-1
1493,60,179,72,35,26,-1,-1,-1
1493,63,288,55,29,22,-1,-1,-1
1493,67,325,74,33,24,-1,-1,-1
1493,69,334,49,23,22,-1,-1,-1
1493,71,362,47,25,21,-1,-1,-1
1494,60,175,73,36,26,-1,-1,-1
1494,63,285,55,29,22,-1,-1,-1
1494,67,323,72,32,24,-1,-1,-1
1494,69,332,49,23,21,-1,-1,-1
1494,71,361,47,25,21,-1,-1,-1
1495,60,170,74,37,26,-1,-1,-1
1495,63,282,56,29,22,-1,-1,-1
1495,67,321,71,31,25,-1,-1,-1
1495,69,330,50,23,21,-1,-1,-1
1495,71,361,47,25,21,-1,-1,-1
1496,60,165,75,38,26,-1,-1,-1
1496,63,279,56,29,22,-1,-1,-1
1496,67,319,68,31,25,-1,-1,-1
1496,69,327,50,23,21,-1,-1,-1
1497,60,160,76,40,26,-1,-1,-1
1497,63,276,57,29,22,-1,-1,-1
1497,67,318,66,30,25,-1,-1,-1
1497,69,326,50,23,21,-1,-1,-1
1498,60,154,77,40,27,-1,-1,-1
1498,63,273,57,29,22,-1,-1,-1
1498,67,316,64,29,25,-1,-1,-1
1498,69,325,50,23,21,-1,-1,-1
1499,60,148,78,41,28,-1,-1,-1
1499,62,269,58,30,22,-1,-1,-1
1499,63,270,58,29,22,-1,-1,-1
1499,67,315,61,28,25,-1,-1,-1
1500,60,143,78,42,29,-1,-1,-1
1500,62,268,58,30,21,-1,-1,-1
1500,63,267,58,29,22,-1,-1,-1
1500,67,313,59,27,25,-1,-1,-1
1501,60,137,79,42,30,-1,-1,-1
1501,62,268,58,30,21,-1,-1,-1
1501,63,264,59,29,22,-1,-1,-1
1501,67,312,57,26,25,-1,-1,-1
1502,60,131,80,43,31,-1,-1,-1
1502,63,261,59,29,22,-1,-1,-1
1502,67,311,56,26,25,-1,-1,-1
1503,60,125,80,43,32,-1,-1,-1
1503,63,258,59,29,22,-1,-1,-1
1503,67,309,56,25,25,-1,-1,-1
1504,60,119,81,43,33,-1,-1,-1
1504,63,255,60,30,22,-1,-1,-1
1504,67,306,56,25,24,-1,-1,-1
1505,60,113,82,44,34,-1,-1,-1
1505,63,252,61,30,22,-1,-1,-1
1505,67,303,56,26,24,-1,-1,-1
1506,60,107,82,44,35,-1,-1,-1
1506,63,249,61,31,22,-1,-1,-1
1506,67,301,56,26,24,-1,-1,-1
1507,60,101,83,45,36,-1,-1,-1
1507,63,245,62,31,23,-1,-1,-1
1507,67,298,56,26,24,-1,-1,-1
1508,60,95,84,45,37,-1,-1,-1
1508,63,242,63,31,23,-1,-1,-1
1508,67,296,56,25,23,-1,-1,-1
1509,60,89,84,46,38,-1,-1,-1
1509,63,239,64,31,23,-1,-1,-1
1509,67,293,56,25,23,-1,-1,-1
1510,60,83,85,46,40,-1,-1,-1
1510,63,236,64,31,23,-1,-1,-1
1510,67,290,57,25,23,-1,-1,-1
1511,60,77,86,47,40,-1,-1,-1
1511,63,233,65,31,23,-1,-1,-1
1511,67,287,57,25,23,-1,-1,-1
1512,60,74,86,48,41,-1,-1,-1
1512,63,228,65,31,24,-1,-1,-1
1512,67,284,57,26,23,-1,-1,-1
1512,70,438,34,21,19,-1,-1,-1
1513,60,71,86,49,41,-1,-1,-1
1513,63,224,65,32,24,-1,-1,-1
1513,64,410,200,41,41,-1,-1,-1
1513,65,400,47,24,24,-1,-1,-1
1513,67,281,57,26,24,-1,-1,-1
1513,70,438,34,20,19,-1,-1,-1
1514,63,220,66,32,25,-1,-1,-1
1514,64,413,195,41,40,-1,-1,-1
1514,65,399,47,24,24,-1,-1,-1
1514,66,351,60,30,27,-1,-1,-1
1514,67,278,58,27,25,-1,-1,-1
1514,70,438,35,20,18,-1,-1,-1
1515,63,216,67,31,25,-1,-1,-1
1515,64,416,190,39,38,-1,-1,-1
1515,65,399,48,24,25,-1,-1,-1
1515,66,348,61,30,26,-1,-1,-1
1515,67,275,58,29,25,-1,-1,-1
1515,70,437,35,20,18,-1,-1,-1
1516,63,212,69,31,24,-1,-1,-1
1516,64,421,183,38,37,-1,-1,-1
1516,65,398,48,24,25,-1,-1,-1
1516,66,347,61,31,26,-1,-1,-1
1516,67,271,59,30,25,-1,-1,-1
1516,70,437,35,20,18,-1,-1,-1
1517,63,208,70,31,24,-1,-1,-1
1517,64,425,176,36,36,-1,-1,-1
1517,65,397,48,24,26,-1,-1,-1
1517,66,346,61,31,26,-1,-1,-1
1517,67,268,60,30,25,-1,-1,-1
1517,70,437,36,20,18,-1,-1,-1
1518,63,204,70,30,24,-1,-1,-1
1518,64,430,170,35,35,-1,-1,-1
1518,65,396,49,24,27,-1,-1,-1
1518,67,265,60,30,25,-1,-1,-1
1518,70,436,36,20,18,-1,-1,-1
1519,63,200,70,30,24,-1,-1,-1
1519,64,434,164,33,34,-1,-1,-1
1519,65,396,49,24,27,-1,-1,-1
1519,67,261,60,31,26,-1,-1,-1
1519,70,435,36,20,18,-1,-1,-1
1520,63,196,71,30,23,-1,-1,-1
1520,64,438,158,32,33,-1,-1,-1
1520,65,395,49,24,27,-1,-1,-1
1520,67,258,61,32,26,-1,-1,-1
1520,70,435,36,20,18,-1,-1,-1
1521,63,192,72,30,23,-1,-1,-1
1521,64,442,152,31,32,-1,-1,-1
1521,65,394,49,24,26,-1,-1,-1
1521,67,255,62,32,25,-1,-1,-1
1521,70,434,36,20,18,-1,-1,-1
1522,63,187,72,30,24,-1,-1,-1
1522,64,445,146,31,32,-1,-1,-1
1522,65,393,49,23,26,-1,-1,-1
1522,67,253,62,32,24,-1,-1,-1
1522,70,433,37,20,19,-1,-1,-1
1523,63,184,73,31,24,-1,-1,-1
1523,64,448,142,31,31,-1,-1,-1
1523,65,392,50,23,26,-1,-1,-1
1523,67,249,63,32,24,-1,-1,-1
1523,70,433,37,20,19,-1,-1,-1
1524,63,179,74,33,25,-1,-1,-1
1524,64,451,138,30,30,-1,-1,-1
1524,65,390,50,23,25,-1,-1,-1
1524,67,246,64,32,23,-1,-1,-1
1524,70,432,37,20,19,-1,-1,-1
1525,63,175,74,34,25,-1,-1,-1
1525,64,454,133,30,29,-1,-1,-1
1525,65,388,50,24,24,-1,-1,-1
1525,67,242,64,32,23,-1,-1,-1
1525,70,431,37,20,19,-1,-1,-1
1526,63,170,75,34,25,-1,-1,-1
1526,64,457,128,29,30,-1,-1,-1
1526,65,386,50,24,23,-1,-1,-1
1526,67,238,65,32,23,-1,-1,-1
1526,70,430,37,21,19,-1,-1,-1
1527,63,166,75,34,25,-1,-1,-1
1527,64,459,124,29,30,-1,-1,-1
1527,65,385,51,24,23,-1,-1,-1
1527,67,235,65,32,23,-1,-1,-1
1527,70,429,37,21,19,-1,-1,-1
1528,63,162,76,35,25,-1,-1,-1
1528,64,461,120,29,30,-1,-1,-1
1528,65,384,51,23,23,-1,-1,-1
1528,67,231,65,32,23,-1,-1,-1
1528,70,429,37,21,19,-1,-1,-1
1529,63,157,76,35,25,-1,-1,-1
1529,64,462,117,29,30,-1,-1,-1
1529,65,383,52,23,22,-1,-1,-1
1529,67,228,66,31,22,-1,-1,-1
1529,70,428,37,21,19,-1,-1,-1
1530,63,152,77,35,25,-1,-1,-1
1530,64,463,116,29,30,-1,-1,-1
1530,65,381,52,23,22,-1,-1,-1
1530,67,225,66,30,22,-1,-1,-1
1530,70,427,37,22,19,-1,-1,-1
1531,63,147,77,36,26,-1,-1,-1
1531,65,380,53,23,21,-1,-1,-1
1531,67,222,67,30,21,-1,-1,-1
1531,70,427,37,22,19,-1,-1,-1
1532,63,142,78,36,27,-1,-1,-1
1532,65,379,53,23,21,-1,-1,-1
1532,67,218,67,29,22,-1,-1,-1
1532,70,426,37,22,20,-1,-1,-1
1533,63,138,79,36,27,-1,-1,-1
1533,65,378,53,23,21,-1,-1,-1
1533,67,214,67,29,22,-1,-1,-1
1533,70,425,38,22,20,-1,-1,-1
1534,63,133,80,36,27,-1,-1,-1
1534,65,376,54,23,21,-1,-1,-1
1534,67,210,68,29,22,-1,-1,-1
1534,70,425,39,21,20,-1,-1,-1
1534,72,269,58,28,22,-1,-1,-1
1535,63,128,81,36,28,-1,-1,-1
1535,65,374,55,24,21,-1,-1,-1
1535,67,207,69,28,22,-1,-1,-1
1535,70,424,41,21,21,-1,-1,-1
1535,72,267,58,28,22,-1,-1,-1
1536,63,123,82,37,29,-1,-1,-1
1536,65,371,56,25,22,-1,-1,-1
1536,67,203,70,28,22,-1,-1,-1
1536,70,423,42,20,20,-1,-1,-1
1536,72,265,58,28,23,-1,-1,-1
1537,63,119,83,37,30,-1,-1,-1
1537,65,369,57,26,22,-1,-1,-1
1537,67,199,71,28,22,-1,-1,-1
1537,70,423,43,20,20,-1,-1,-1
1537,72,262,59,29,24,-1,-1,-1
1538,63,114,84,37,30,-1,-1,-1
1538,65,367,57,27,23,-1,-1,-1
1538,67,195,71,29,21,-1,-1,-1
1538,70,423,44,20,19,-1,-1,-1
1538,72,259,60,29,24,-1,-1,-1
1539,63,110,84,37,31,-1,-1,-1
1539,65,365,57,28,24,-1,-1,-1
1539,67,191,72,29,21,-1,-1,-1
1539,70,422,45,19,19,-1,-1,-1
1539,72,257,60,30,24,-1,-1,-1
1540,63,107,85,37,31,-1,-1,-1
1540,65,363,58,29,24,-1,-1,-1
1540,67,186,73,30,21,-1,-1,-1
1540,70,421,45,19,19,-1,-1,-1
1540,72,254,61,30,23,-1,-1,-1
1541,63,105,85,37,31,-1,-1,-1
1541,65,361,59,30,25,-1,-1,-1
1541,67,182,74,30,21,-1,-1,-1
1541,70,420,44,20,19,-1,-1,-1
1541,72,250,62,30,23,-1,-1,-1
1542,65,359,60,30,26,-1,-1,-1
1542,67,178,75,30,21,-1,-1,-1
1542,70,419,44,20,19,-1,-1,-1
1542,72,247,63,30,23,-1,-1,-1
1543,65,357,60,31,27,-1,-1,-1
1543,67,174,75,30,21,-1,-1,-1
1543,70,418,44,21,19,-1,-1,-1
1543,72,244,63,31,24,-1,-1,-1
1544,65,355,61,31,27,-1,-1,-1
1544,67,170,76,30,21,-1,-1,-1
1544,70,417,44,21,19,-1,-1,-1
1544,72,241,64,31,24,-1,-1,-1
1545,65,353,61,31,27,-1,-1,-1
1545,67,166,76,30,21,-1,-1,-1
1545,70,416,44,22,19,-1,-1,-1
1545,72,238,64,31,24,-1,-1,-1
1546,65,350,61,30,27,-1,-1,-1
1546,67,161,76,30,22,-1,-1,-1
1546,70,415,44,22,19,-1,-1,-1
1546,72,235,65,31,24,-1,-1,-1
1547,65,348,62,30,26,-1,-1,-1
1547,67,157,77,30,22,-1,-1,-1
1547,70,414,45,23,19,-1,-1,-1
1547,72,231,65,32,24,-1,-1,-1
1548,65,346,62,31,26,-1,-1,-1
1548,67,152,77,31,23,-1,-1,-1
1548,70,413,45,23,19,-1,-1,-1
1548,72,228,65,32,23,-1,-1,-1
1549,65,345,62,31,27,-1,-1,-1
1549,67,147,78,30,22,-1,-1,-1
1549,70,411,46,24,18,-1,-1,-1
1549,72,225,66,31,23,-1,-1,-1
1550,67,143,78,30,21,-1,-1,-1
1550,70,410,46,24,18,-1,-1,-1
1550,72,221,66,31,23,-1,-1,-1
1551,67,138,79,30,21,-1,-1,-1
1551,70,409,46,24,18,-1,-1,-1
1551,72,217,66,31,23,-1,-1,-1
1552,67,136,79,30,21,-1,-1,-1
1552,68,332,66,35,36,-1,-1,-1
1552,70,408,47,24,18,-1,-1,-1
1552,72,214,67,31,23,-1,-1,-1
1553,67,134,79,30,21,-1,-1,-1
1553,68,330,66,34,35,-1,-1,-1
1553,70,407,48,24,18,-1,-1,-1
1553,72,210,67,31,24,-1,-1,-1
1554,68,328,67,34,35,-1,-1,-1
1554,70,406,48,24,18,-1,-1,-1
1554,72,207,68,31,24,-1,-1,-1
1555,68,327,68,34,35,-1,-1,-1
1555,70,405,48,23,18,-1,-1,-1
1555,72,203,69,31,24,-1,-1,-1
1556,68,326,69,33,35,-1,-1,-1
1556,70,403,48,23,18,-1,-1,-1
1556,72,200,70,31,24,-1,-1,-1
1557,70,402,48,24,18,-1,-1,-1
1557,72,197,70,31,23,-1,-1,-1
1558,70,401,49,24,18,-1,-1,-1
1558,72,194,71,31,23,-1,-1,-1
1559,70,400,49,24,18,-1,-1,-1
1559,72,190,71,31,23,-1,-1,-1
1560,70,398,49,24,18,-1,-1,-1
1560,72,186,72,31,24,-1,-1,-1
1561,70,397,49,25,18,-1,-1,-1
1561,72,182,72,32,24,-1,-1,-1
1562,70,396,50,26,18,-1,-1,-1
1562,72,179,73,33,24,-1,-1,-1
1563,70,395,50,26,19,-1,-1,-1
1563,72,176,73,33,25,-1,-1,-1
1564,70,394,50,27,20,-1,-1,-1
1564,72,172,74,34,26,-1,-1,-1
1565,70,393,51,27,20,-1,-1,-1
1565,72,168,74,34,26,-1,-1,-1
1566,70,391,51,27,20,-1,-1,-1
1566,72,163,75,35,26,-1,-1,-1
1567,70,390,52,27,20,-1,-1,-1
1567,72,159,76,35,26,-1,-1,-1
1568,70,389,52,27,20,-1,-1,-1
1568,72,154,76,36,26,-1,-1,-1
1569,70,389,52,27,20,-1,-1,-1
1569,72,150,77,36,27,-1,-1,-1
1569,73,34,90,51,40,-1,-1,-1
1570,70,388,52,26,20,-1,-1,-1
1570,72,145,78,36,27,-1,-1,-1
1570,73,30,92,51,40,-1,-1,-1
1571,70,387,52,26,20,-1,-1,-1
1571,72,141,78,36,28,-1,-1,-1
1571,73,26,94,51,40,-1,-1,-1
1572,70,386,52,26,21,-1,-1,-1
1572,72,136,78,37,30,-1,-1,-1
1572,73,21,95,50,39,-1,-1,-1
1573,70,385,52,26,21,-1,-1,-1
1573,72,132,79,36,32,-1,-1,-1
1573,73,17,97,49,39,-1,-1,-1
1574,70,383,52,27,21,-1,-1,-1
1574,72,127,80,37,32,-1,-1,-1
1574,73,13,98,48,39,-1,-1,-1
1575,70,381,52,28,21,-1,-1,-1
1575,72,123,81,37,33,-1,-1,-1
1575,73,10,99,48,38,-1,-1,-1
1576,70,379,52,29,21,-1,-1,-1
1576,72,118,82,37,34,-1,-1,-1
1576,73,9,99,48,38,-1,-1,-1
1577,70,377,53,30,21,-1,-1,-1
1577,72,114,83,37,34,-1,-1,-1
1578,70,375,53,30,21,-1,-1,-1
1578,72,109,83,37,34,-1,-1,-1
1579,70,373,54,31,22,-1,-1,-1
1579,72,105,84,37,33,-1,-1,-1
1580,70,371,55,32,23,-1,-1,-1
1580,72,102,84,37,33,-1,-1,-1
1581,70,370,55,32,24,-1,-1,-1
1581,72,101,84,37,33,-1,-1,-1
1582,70,369,55,32,25,-1,-1,-1
1583,70,368,56,32,25,-1,-1,-1
1584,70,367,56,32,26,-1,-1,-1
1696,74,394,18,23,16,-1,-1,-1
1697,74,394,18,24,16,-1,-1,-1
1698,74,394,17,24,16,-1,-1,-1
1699,74,395,17,24,17,-1,-1,-1
1700,74,395,16,24,17,-1,-1,-1
1701,74,395,16,24,16,-1,-1,-1
1702,74,395,16,24,16,-1,-1,-1
1703,74,395,16,24,16,-1,-1,-1
1704,74,395,16,23,16,-1,-1,-1
1705,74,395,16,23,16,-1,-1,-1
1706,74,395,16,23,17,-1,-1,-1
1707,74,395,16,24,17,-1,-1,-1
1708,74,396,16,24,17,-1,-1,-1
1709,74,396,16,24,17,-1,-1,-1
1710,74,396,15,24,17,-1,-1,-1
1711,74,397,15,24,17,-1,-1,-1
1712,74,397,15,24,17,-1,-1,-1
1713,74,397,15,24,17,-1,-1,-1
1742,75,380,56,24,24,-1,-1,-1
1743,75,378,56,25,25,-1,-1,-1
1744,75,377,56,26,26,-1,-1,-1
1745,75,375,56,27,27,-1,-1,-1
1746,75,372,56,28,27,-1,-1,-1
1747,75,370,57,28,28,-1,-1,-1
1748,75,367,58,29,28,-1,-1,-1
1749,75,365,58,29,28,-1,-1,-1
1750,75,363,59,30,29,-1,-1,-1
1751,75,362,59,30,29,-1,-1,-1
1752,75,360,59,30,29,-1,-1,-1
1753,75,358,59,30,29,-1,-1,-1
1754,75,355,60,31,29,-1,-1,-1
1755,75,353,61,31,29,-1,-1,-1
1756,75,351,62,31,29,-1,-1,-1
1757,75,349,62,31,29,-1,-1,-1
1758,75,346,63,31,28,-1,-1,-1
1759,75,343,63,32,28,-1,-1,-1
1760,75,340,64,33,27,-1,-1,-1
1761,75,337,64,33,27,-1,-1,-1
1762,75,334,65,33,28,-1,-1,-1
1763,75,331,66,33,29,-1,-1,-1
1764,75,328,67,33,30,-1,-1,-1
1765,75,325,68,33,31,-1,-1,-1
1766,75,322,69,33,32,-1,-1,-1
1767,75,319,70,33,33,-1,-1,-1
1768,75,315,70,34,34,-1,-1,-1
1769,75,312,71,34,35,-1,-1,-1
1770,75,309,72,34,36,-1,-1,-1
1771,75,306,73,34,37,-1,-1,-1
1772,75,303,74,34,37,-1,-1,-1
1773,75,299,75,35,37,-1,-1,-1
1773,76,377,58,27,22,-1,-1,-1
1774,75,297,76,35,37,-1,-1,-1
1774,76,375,58,28,22,-1,-1,-1
1775,75,296,77,35,37,-1,-1,-1
1775,76,374,58,28,22,-1,-1,-1
1776,76,373,58,28,22,-1,-1,-1
1777,76,371,58,28,23,-1,-1,-1
1778,76,369,58,27,23,-1,-1,-1
1779,76,368,58,27,23,-1,-1,-1
1780,76,366,59,27,24,-1,-1,-1
1781,76,365,59,27,24,-1,-1,-1
1782,76,363,60,27,23,-1,-1,-1
1783,76,361,61,28,23,-1,-1,-1
1784,76,359,62,29,23,-1,-1,-1
1785,76,358,63,30,23,-1,-1,-1
1785,77,336,47,24,18,-1,-1,-1
1786,76,357,63,30,24,-1,-1,-1
1786,77,335,48,23,18,-1,-1,-1
1787,77,334,48,23,18,-1,-1,-1
1788,77,332,48,23,18,-1,-1,-1
1789,77,330,48,23,18,-1,-1,-1
1790,77,328,49,23,18,-1,-1,-1
1791,77,325,49,23,18,-1,-1,-1
1792,77,323,50,23,18,-1,-1,-1
1793,77,320,50,23,18,-1,-1,-1
1794,77,318,51,24,19,-1,-1,-1
1795,77,315,51,24,19,-1,-1,-1
1796,77,313,51,24,19,-1,-1,-1
1797,77,310,52,24,19,-1,-1,-1
1798,77,308,52,24,19,-1,-1,-1
1799,77,305,53,24,19,-1,-1,-1
1800,77,303,53,25,20,-1,-1,-1
1801,77,300,54,25,20,-1,-1,-1
1802,77,298,54,25,20,-1,-1,-1
1803,77,295,55,25,20,-1,-1,-1
1804,77,293,55,25,20,-1,-1,-1
1805,77,290,55,25,20,-1,-1,-1
1806,77,288,56,26,21,-1,-1,-1
1807,77,285,56,26,21,-1,-1,-1
1808,77,283,57,26,21,-1,-1,-1
1809,77,280,57,26,21,-1,-1,-1
1810,77,278,58,26,21,-1,-1,-1
1811,77,275,58,26,21,-1,-1,-1
1812,77,273,59,26,21,-1,-1,-1
1813,77,271,60,25,21,-1,-1,-1
1814,77,268,60,25,21,-1,-1,-1
1815,77,265,61,25,22,-1,-1,-1
1816,77,262,61,26,23,-1,-1,-1
1817,77,259,61,27,23,-1,-1,-1
1818,77,256,62,27,23,-1,-1,-1
1819,77,253,62,27,23,-1,-1,-1
1820,77,249,63,28,23,-1,-1,-1
1821,77,245,63,28,24,-1,-1,-1
1822,77,242,64,28,24,-1,-1,-1
1823,77,239,64,28,25,-1,-1,-1
1824,77,236,64,28,25,-1,-1,-1
1825,77,232,65,29,26,-1,-1,-1
1826,77,228,65,29,25,-1,-1,-1
1827,77,224,65,30,25,-1,-1,-1
1828,77,220,66,30,25,-1,-1,-1
1829,77,216,67,30,25,-1,-1,-1
1830,77,212,67,30,25,-1,-1,-1
1831,77,208,68,30,25,-1,-1,-1
1832,77,204,69,30,26,-1,-1,-1
1833,77,200,70,31,26,-1,-1,-1
1834,77,196,71,31,26,-1,-1,-1
1835,77,192,72,31,27,-1,-1,-1
1836,77,188,73,31,27,-1,-1,-1
1837,77,185,73,31,27,-1,-1,-1
1838,77,181,74,32,26,-1,-1,-1
1839,77,177,75,32,26,-1,-1,-1
1840,77,173,75,32,26,-1,-1,-1
1841,77,168,76,33,26,-1,-1,-1
1842,77,164,77,33,26,-1,-1,-1
1843,77,159,77,33,27,-1,-1,-1
1844,77,154,78,34,27,-1,-1,-1
1845,77,149,78,34,28,-1,-1,-1
1846,77,144,79,34,28,-1,-1,-1
1847,77,140,80,35,29,-1,-1,-1
1848,77,135,80,35,30,-1,-1,-1
1849,77,130,81,35,30,-1,-1,-1
1850,77,125,81,36,31,-1,-1,-1
1851,77,120,82,36,31,-1,-1,-1
1852,77,115,82,36,32,-1,-1,-1
1853,77,111,83,37,33,-1,-1,-1
1854,77,106,84,37,33,-1,-1,-1
1855,77,101,84,37,34,-1,-1,-1
1855,78,316,71,28,26,-1,-1,-1
1855,79,391,56,29,22,-1,-1,-1
1856,77,96,85,38,35,-1,-1,-1
1856,78,314,71,28,26,-1,-1,-1
1856,79,390,56,29,23,-1,-1,-1
1857,77,91,85,38,35,-1,-1,-1
1857,78,312,71,28,26,-1,-1,-1
1857,79,389,56,29,24,-1,-1,-1
1858,77,86,86,39,36,-1,-1,-1
1858,78,309,72,28,27,-1,-1,-1
1858,79,389,56,28,25,-1,-1,-1
1859,77,79,87,42,37,-1,-1,-1
1859,78,306,73,29,28,-1,-1,-1
1859,79,389,56,27,26,-1,-1,-1
1860,77,73,87,44,38,-1,-1,-1
1860,78,304,74,29,28,-1,-1,-1
1860,79,387,57,28,25,-1,-1,-1
1861,77,67,87,45,39,-1,-1,-1
1861,78,300,75,30,29,-1,-1,-1
1861,79,385,58,28,25,-1,-1,-1
1862,77,62,87,44,40,-1,-1,-1
1862,78,297,76,30,30,-1,-1,-1
1862,79,382,58,29,25,-1,-1,-1
1863,77,57,87,44,40,-1,-1,-1
1863,78,293,77,31,30,-1,-1,-1
1863,79,381,58,29,25,-1,-1,-1
1864,77,54,87,43,40,-1,-1,-1
1864,78,289,78,31,29,-1,-1,-1
1864,79,379,59,29,25,-1,-1,-1
1865,77,52,87,44,40,-1,-1,-1
1865,78,285,78,32,30,-1,-1,-1
1865,79,378,60,29,24,-1,-1,-1
1865,82,341,48,23,20,-1,-1,-1
1866,78,281,79,32,32,-1,-1,-1
1866,79,376,60,28,25,-1,-1,-1
1866,82,339,48,23,20,-1,-1,-1
1867,78,277,80,33,34,-1,-1,-1
1867,79,375,60,28,26,-1,-1,-1
1867,82,338,48,23,20,-1,-1,-1
1868,78,272,82,33,33,-1,-1,-1
1868,79,373,61,27,26,-1,-1,-1
1868,82,337,48,24,20,-1,-1,-1
1869,78,268,84,34,31,-1,-1,-1
1869,79,371,61,27,26,-1,-1,-1
1869,82,335,48,25,20,-1,-1,-1
1870,78,263,86,33,29,-1,-1,-1
1870,79,368,61,27,27,-1,-1,-1
1870,82,333,48,25,20,-1,-1,-1
1871,78,258,87,34,29,-1,-1,-1
1871,79,365,62,27,27,-1,-1,-1
1871,82,330,49,25,20,-1,-1,-1
1872,78,252,88,34,28,-1,-1,-1
1872,79,364,63,27,27,-1,-1,-1
1872,82,328,49,24,20,-1,-1,-1
1873,78,247,90,35,27,-1,-1,-1
1873,79,362,63,26,26,-1,-1,-1
1873,82,326,50,23,21,-1,-1,-1
1874,78,242,91,35,28,-1,-1,-1
1874,79,360,63,26,26,-1,-1,-1
1874,82,324,50,23,21,-1,-1,-1
1875,78,237,92,34,28,-1,-1,-1
1875,79,357,64,26,26,-1,-1,-1
1875,82,322,50,23,21,-1,-1,-1
1876,78,230,94,35,29,-1,-1,-1
1876,79,353,66,27,26,-1,-1,-1
1876,82,320,50,23,21,-1,-1,-1
1877,78,224,95,34,31,-1,-1,-1
1877,79,350,68,28,25,-1,-1,-1
1877,82,317,50,24,21,-1,-1,-1
1878,78,218,97,35,32,-1,-1,-1
1878,79,347,69,29,25,-1,-1,-1
1878,82,314,50,24,21,-1,-1,-1
1879,78,212,99,35,33,-1,-1,-1
1879,79,345,69,28,26,-1,-1,-1
1879,82,311,50,24,21,-1,-1,-1
1880,78,209,99,35,33,-1,-1,-1
1880,79,344,69,28,26,-1,-1,-1
1880,82,309,51,24,21,-1,-1,-1
1881,78,207,100,35,33,-1,-1,-1
1881,79,343,69,27,26,-1,-1,-1
1881,80,420,43,21,20,-1,-1,-1
1881,82,306,51,25,21,-1,-1,-1
1882,80,419,43,21,20,-1,-1,-1
1882,82,303,52,25,21,-1,-1,-1
1883,80,418,43,22,21,-1,-1,-1
1883,82,301,52,25,21,-1,-1,-1
1884,80,417,43,22,21,-1,-1,-1
1884,82,298,53,25,21,-1,-1,-1
1885,80,416,43,23,22,-1,-1,-1
1885,82,296,53,25,21,-1,-1,-1
1886,80,415,44,24,22,-1,-1,-1
1886,82,293,54,25,21,-1,-1,-1
1887,80,414,44,24,23,-1,-1,-1
1887,82,291,54,25,21,-1,-1,-1
1888,80,413,45,24,22,-1,-1,-1
1888,82,288,55,25,21,-1,-1,-1
1889,80,412,46,24,22,-1,-1,-1
1889,82,286,55,25,21,-1,-1,-1
1890,80,411,46,24,21,-1,-1,-1
1890,82,283,56,25,21,-1,-1,-1
1891,80,410,46,24,22,-1,-1,-1
1891,82,281,56,25,21,-1,-1,-1
1892,80,409,47,24,22,-1,-1,-1
1892,82,278,57,25,21,-1,-1,-1
1893,80,408,48,23,21,-1,-1,-1
1893,82,276,57,25,21,-1,-1,-1
1894,80,407,48,23,21,-1,-1,-1
1894,82,273,58,25,21,-1,-1,-1
1895,80,406,49,22,21,-1,-1,-1
1895,82,271,58,25,21,-1,-1,-1
1896,80,405,50,22,20,-1,-1,-1
1896,82,267,59,26,22,-1,-1,-1
1897,80,404,50,22,20,-1,-1,-1
1897,82,264,60,27,22,-1,-1,-1
1898,80,402,50,23,20,-1,-1,-1
1898,82,260,60,29,23,-1,-1,-1
1899,80,400,50,23,20,-1,-1,-1
1899,82,257,61,30,23,-1,-1,-1
1900,80,399,51,24,20,-1,-1,-1
1900,82,254,61,30,23,-1,-1,-1
1901,80,398,51,24,21,-1,-1,-1
1901,82,251,62,30,23,-1,-1,-1
1902,80,396,51,24,21,-1,-1,-1
1902,82,248,62,30,23,-1,-1,-1
1903,80,395,51,24,21,-1,-1,-1
1903,81,490,69,29,20,-1,-1,-1
1903,82,246,63,31,24,-1,-1,-1
1904,80,394,52,25,21,-1,-1,-1
1904,81,490,68,29,20,-1,-1,-1
1904,82,243,63,31,25,-1,-1,-1
1905,80,392,53,25,21,-1,-1,-1
1905,81,490,68,29,20,-1,-1,-1
1905,82,240,63,32,25,-1,-1,-1
1906,80,389,54,27,21,-1,-1,-1
1906,81,490,67,29,20,-1,-1,-1
1906,82,236,64,32,26,-1,-1,-1
1907,80,387,55,28,22,-1,-1,-1
1907,81,490,67,29,20,-1,-1,-1
1907,82,232,64,33,27,-1,-1,-1
1908,80,384,56,29,22,-1,-1,-1
1908,81,490,67,29,20,-1,-1,-1
1908,82,228,64,33,27,-1,-1,-1
1909,80,383,57,29,23,-1,-1,-1
1909,81,489,67,29,19,-1,-1,-1
1909,82,224,65,32,27,-1,-1,-1
1910,80,382,58,29,23,-1,-1,-1
1910,81,489,67,29,19,-1,-1,-1
1910,82,220,65,32,27,-1,-1,-1
1911,80,380,58,28,24,-1,-1,-1
1911,81,489,67,29,20,-1,-1,-1
1911,82,217,65,32,28,-1,-1,-1
1912,80,379,58,29,23,-1,-1,-1
1912,81,489,67,29,20,-1,-1,-1
1912,82,213,66,31,28,-1,-1,-1
1913,80,377,59,29,24,-1,-1,-1
1913,81,489,66,29,20,-1,-1,-1
1913,82,209,67,31,28,-1,-1,-1
1914,80,374,59,30,23,-1,-1,-1
1914,81,489,65,29,21,-1,-1,-1
1914,82,205,67,31,28,-1,-1,-1
1915,80,372,60,31,24,-1,-1,-1
1915,81,489,64,29,21,-1,-1,-1
1915,82,202,68,31,28,-1,-1,-1
1916,80,371,60,31,24,-1,-1,-1
1916,81,490,64,29,21,-1,-1,-1
1916,82,198,69,31,28,-1,-1,-1
1917,80,369,60,32,25,-1,-1,-1
1917,81,490,63,29,21,-1,-1,-1
1917,82,194,70,31,29,-1,-1,-1
1918,80,367,61,31,25,-1,-1,-1
1918,81,490,63,28,21,-1,-1,-1
1918,82,191,71,31,29,-1,-1,-1
1919,80,365,61,31,26,-1,-1,-1
1919,81,491,63,28,21,-1,-1,-1
1919,82,187,72,31,29,-1,-1,-1
1920,80,363,63,31,26,-1,-1,-1
1920,82,183,73,31,29,-1,-1,-1
1921,80,360,64,31,26,-1,-1,-1
1921,82,179,73,31,28,-1,-1,-1
1922,80,358,64,31,26,-1,-1,-1
1922,82,175,74,31,28,-1,-1,-1
1923,80,356,65,32,26,-1,-1,-1
1923,82,171,75,32,27,-1,-1,-1
1924,80,353,65,33,28,-1,-1,-1
1924,82,166,76,33,27,-1,-1,-1
1925,80,350,65,33,29,-1,-1,-1
1925,82,162,76,33,27,-1,-1,-1
1926,80,347,67,34,30,-1,-1,-1
1926,82,158,76,33,27,-1,-1,-1
1927,80,344,68,34,29,-1,-1,-1
1927,82,154,76,34,29,-1,-1,-1
1928,80,342,69,35,28,-1,-1,-1
1928,82,149,76,34,30,-1,-1,-1
1929,80,339,69,34,30,-1,-1,-1
1929,82,144,77,35,32,-1,-1,-1
1929,83,405,49,21,17,-1,-1,-1
1930,80,335,70,34,31,-1,-1,-1
1930,82,139,77,35,32,-1,-1,-1
1930,83,404,49,22,18,-1,-1,-1
1931,80,331,71,35,32,-1,-1,-1
1931,82,134,78,34,33,-1,-1,-1
1931,83,402,49,22,19,-1,-1,-1
1932,80,328,73,35,33,-1,-1,-1
1932,82,129,79,35,33,-1,-1,-1
1932,83,401,50,23,19,-1,-1,-1
1933,80,324,74,36,33,-1,-1,-1
1933,82,124,80,35,33,-1,-1,-1
1933,83,400,50,24,19,-1,-1,-1
1934,80,323,74,35,34,-1,-1,-1
1934,82,119,81,36,33,-1,-1,-1
1934,83,398,50,24,19,-1,-1,-1
1935,80,321,75,36,34,-1,-1,-1
1935,82,115,83,36,33,-1,-1,-1
1935,83,397,51,25,19,-1,-1,-1
1936,82,110,84,36,33,-1,-1,-1
1936,83,396,51,24,19,-1,-1,-1
1937,82,105,85,36,33,-1,-1,-1
1937,83,396,52,24,18,-1,-1,-1
1938,82,99,85,39,33,-1,-1,-1
1938,83,395,53,24,18,-1,-1,-1
1939,82,94,86,41,34,-1,-1,-1
1939,83,394,53,24,18,-1,-1,-1
1940,82,88,87,44,35,-1,-1,-1
1940,83,392,53,24,18,-1,-1,-1
1941,82,83,87,45,36,-1,-1,-1
1941,83,390,54,24,18,-1,-1,-1
1942,82,77,87,46,38,-1,-1,-1
1942,83,388,55,25,18,-1,-1,-1
1943,82,71,86,47,39,-1,-1,-1
1943,83,385,56,26,19,-1,-1,-1
1944,82,65,86,47,40,-1,-1,-1
1944,83,384,57,26,20,-1,-1,-1
1945,82,61,86,45,40,-1,-1,-1
1945,83,382,57,27,21,-1,-1,-1
1946,82,56,86,44,40,-1,-1,-1
1946,83,381,57,27,21,-1,-1,-1
1947,82,54,87,43,40,-1,-1,-1
1947,83,380,57,27,21,-1,-1,-1
1948,82,51,87,44,40,-1,-1,-1
1948,83,378,58,28,22,-1,-1,-1
1949,83,376,58,29,22,-1,-1,-1
1950,83,374,59,30,22,-1,-1,-1
1951,83,371,59,30,23,-1,-1,-1
1952,83,369,59,31,23,-1,-1,-1
1953,83,367,60,31,24,-1,-1,-1
1954,83,365,60,32,24,-1,-1,-1
1955,83,363,61,33,24,-1,-1,-1
1956,83,361,61,34,25,-1,-1,-1
1957,83,359,62,34,25,-1,-1,-1
1958,83,357,62,33,25,-1,-1,-1
1959,83,355,63,33,25,-1,-1,-1
1960,83,353,63,33,26,-1,-1,-1
1961,83,349,64,34,26,-1,-1,-1
1962,83,347,64,34,27,-1,-1,-1
1963,83,344,65,35,27,-1,-1,-1
1964,83,341,66,35,28,-1,-1,-1
1965,83,338,67,35,30,-1,-1,-1
1966,83,336,68,35,31,-1,-1,-1
1967,83,332,69,35,32,-1,-1,-1
1968,83,329,70,36,33,-1,-1,-1
1968,84,400,48,24,20,-1,-1,-1
1969,83,326,71,35,33,-1,-1,-1
1969,84,399,48,24,20,-1,-1,-1
1970,83,323,72,35,34,-1,-1,-1
1970,84,398,48,24,20,-1,-1,-1
1971,83,322,72,35,35,-1,-1,-1
1971,84,397,48,24,20,-1,-1,-1
1972,83,320,73,35,35,-1,-1,-1
1972,84,396,49,25,20,-1,-1,-1
1973,84,395,49,25,20,-1,-1,-1
1974,84,394,49,26,20,-1,-1,-1
1975,84,393,50,26,20,-1,-1,-1
1976,84,392,51,26,20,-1,-1,-1
1977,84,391,51,26,20,-1,-1,-1
1978,84,389,52,26,21,-1,-1,-1
1979,84,388,52,26,21,-1,-1,-1
1980,84,387,53,26,21,-1,-1,-1
1981,84,385,53,25,21,-1,-1,-1
1982,84,384,53,26,22,-1,-1,-1
1983,84,382,54,26,22,-1,-1,-1
1984,84,381,55,27,23,-1,-1,-1
1985,84,379,55,28,23,-1,-1,-1
1986,84,376,55,29,24,-1,-1,-1
1987,84,374,55,30,25,-1,-1,-1
1988,84,372,55,31,25,-1,-1,-1
1989,84,370,56,32,26,-1,-1,-1
1990,84,369,56,32,27,-1,-1,-1
1991,84,367,57,32,28,-1,-1,-1
1992,84,365,57,32,28,-1,-1,-1
1993,84,364,58,32,28,-1,-1,-1
1994,84,361,58,33,28,-1,-1,-1
1995,84,359,58,33,28,-1,-1,-1
1996,84,356,58,34,28,-1,-1,-1
1997,84,355,59,33,28,-1,-1,-1
1998,84,353,59,32,28,-1,-1,-1
1999,84,350,60,32,29,-1,-1,-1
2000,84,347,60,32,31,-1,-1,-1
2001,84,344,61,33,32,-1,-1,-1
2002,84,341,62,33,33,-1,-1,-1
2003,84,337,63,34,34,-1,-1,-1
2004,84,334,64,34,35,-1,-1,-1
2005,84,331,65,34,35,-1,-1,-1
2006,84,329,66,34,35,-1,-1,-1
2007,84,326,67,34,35,-1,-1,-1
2008,84,324,68,33,35,-1,-1,-1
2009,84,321,69,33,35,-1,-1,-1
2010,84,320,69,33,36,-1,-1,-1
2011,84,319,70,33,36,-1,-1,-1
2033,85,422,202,36,35,-1,-1,-1
2034,85,426,195,36,34,-1,-1,-1
2035,85,428,189,35,34,-1,-1,-1
2036,85,431,182,35,33,-1,-1,-1
2036,87,352,49,24,19,-1,-1,-1
2037,85,434,177,35,32,-1,-1,-1
2037,86,342,68,31,23,-1,-1,-1
2037,87,350,48,24,19,-1,-1,-1
2038,85,436,174,35,31,-1,-1,-1
2038,86,340,68,32,23,-1,-1,-1
2038,87,349,48,24,19,-1,-1,-1
2039,85,437,172,35,30,-1,-1,-1
2039,86,339,69,32,23,-1,-1,-1
2039,87,347,49,23,19,-1,-1,-1
2039,88,370,45,22,17,-1,-1,-1
2040,86,338,70,32,23,-1,-1,-1
2040,87,345,49,23,19,-1,-1,-1
2040,88,369,45,22,18,-1,-1,-1
2041,86,336,71,32,23,-1,-1,-1
2041,87,343,50,23,19,-1,-1,-1
2041,88,368,45,22,18,-1,-1,-1
2042,86,334,72,31,22,-1,-1,-1
2042,87,340,50,23,20,-1,-1,-1
2042,88,367,45,22,18,-1,-1,-1
2043,86,331,72,32,23,-1,-1,-1
2043,87,338,49,24,20,-1,-1,-1
2043,88,366,46,22,19,-1,-1,-1
2044,86,328,73,33,24,-1,-1,-1
2044,87,336,49,24,20,-1,-1,-1
2044,88,365,46,22,18,-1,-1,-1
2045,86,325,75,33,26,-1,-1,-1
2045,87,334,49,24,21,-1,-1,-1
2045,88,363,47,22,18,-1,-1,-1
2046,86,323,75,34,28,-1,-1,-1
2046,87,333,49,25,21,-1,-1,-1
2046,88,361,47,22,18,-1,-1,-1
2047,86,321,76,34,31,-1,-1,-1
2047,87,332,49,25,21,-1,-1,-1
2047,88,359,47,22,19,-1,-1,-1
2048,86,318,76,34,32,-1,-1,-1
2048,87,331,49,25,21,-1,-1,-1
2048,88,356,47,23,19,-1,-1,-1
2049,86,315,77,34,32,-1,-1,-1
2049,88,354,46,23,20,-1,-1,-1
2050,86,312,78,34,33,-1,-1,-1
2050,88,351,47,24,20,-1,-1,-1
2051,86,309,79,35,34,-1,-1,-1
2051,88,349,48,24,19,-1,-1,-1
2052,86,305,80,35,35,-1,-1,-1
2052,88,347,48,24,19,-1,-1,-1
2053,86,301,81,36,35,-1,-1,-1
2053,88,346,48,24,19,-1,-1,-1
2054,86,298,82,36,36,-1,-1,-1
2054,88,346,48,24,18,-1,-1,-1
2055,86,296,83,37,35,-1,-1,-1
2056,86,295,83,37,35,-1,-1,-1
