1,1,205,128,24,16,-1,-1,-1
2,1,200,129,23,16,-1,-1,-1
3,1,196,129,23,16,-1,-1,-1
3,3,233,160,25,18,-1,-1,-1
4,1,191,130,23,16,-1,-1,-1
4,2,9,129,56,28,-1,-1,-1
4,3,239,158,24,17,-1,-1,-1
5,1,188,130,23,17,-1,-1,-1
5,2,9,129,54,28,-1,-1,-1
5,3,244,155,24,17,-1,-1,-1
6,1,187,131,23,17,-1,-1,-1
6,2,8,129,53,26,-1,-1,-1
6,3,251,153,23,17,-1,-1,-1
7,2,7,129,53,24,-1,-1,-1
7,3,258,150,23,17,-1,-1,-1
7,4,166,140,28,16,-1,-1,-1
8,2,7,129,53,24,-1,-1,-1
8,3,265,147,22,17,-1,-1,-1
8,4,160,141,27,16,-1,-1,-1
9,2,6,129,54,23,-1,-1,-1
9,3,272,144,22,16,-1,-1,-1
9,4,155,141,28,16,-1,-1,-1
10,2,6,129,54,23,-1,-1,-1
10,3,278,142,22,16,-1,-1,-1
10,4,148,142,29,17,-1,-1,-1
11,2,6,129,54,23,-1,-1,-1
11,3,284,140,22,15,-1,-1,-1
11,4,139,143,31,18,-1,-1,-1
12,2,6,129,54,23,-1,-1,-1
12,3,289,138,21,16,-1,-1,-1
12,4,130,144,32,18,-1,-1,-1
13,2,6,129,54,23,-1,-1,-1
13,3,292,136,21,17,-1,-1,-1
13,4,125,144,33,19,-1,-1,-1
14,2,6,129,55,23,-1,-1,-1
14,3,293,135,20,17,-1,-1,-1
14,4,122,145,33,19,-1,-1,-1
15,2,6,129,55,23,-1,-1,-1
16,2,6,129,55,23,-1,-1,-1
16,5,41,165,42,22,-1,-1,-1
16,6,153,138,28,19,-1,-1,-1
16,7,347,97,24,19,-1,-1,-1
16,8,211,124,26,20,-1,-1,-1
17,2,6,129,55,23,-1,-1,-1
17,5,41,165,42,22,-1,-1,-1
17,6,153,138,28,19,-1,-1,-1
17,7,347,97,24,19,-1,-1,-1
17,8,211,124,26,20,-1,-1,-1
18,2,6,129,56,23,-1,-1,-1
18,5,41,165,42,22,-1,-1,-1
18,6,153,138,28,19,-1,-1,-1
18,7,347,97,24,19,-1,-1,-1
18,8,211,124,26,20,-1,-1,-1
19,2,6,129,56,23,-1,-1,-1
19,5,41,165,42,22,-1,-1,-1
19,6,153,138,28,19,-1,-1,-1
19,7,347,97,24,19,-1,-1,-1
19,8,210,124,26,20,-1,-1,-1
20,2,6,129,56,23,-1,-1,-1
20,5,41,165,42,22,-1,-1,-1
20,6,153,138,28,19,-1,-1,-1
20,7,347,97,24,19,-1,-1,-1
20,8,208,124,26,20,-1,-1,-1
21,2,6,129,56,23,-1,-1,-1
21,8,204,125,26,21,-1,-1,-1
22,2,6,129,57,23,-1,-1,-1
22,8,200,125,27,21,-1,-1,-1
23,2,6,129,57,23,-1,-1,-1
23,8,194,126,28,21,-1,-1,-1
24,2,6,129,57,23,-1,-1,-1
24,8,188,126,29,21,-1,-1,-1
25,2,6,129,57,23,-1,-1,-1
25,8,180,128,30,21,-1,-1,-1
26,2,6,129,57,23,-1,-1,-1
26,8,173,128,32,21,-1,-1,-1
27,2,6,129,58,23,-1,-1,-1
27,8,165,129,32,21,-1,-1,-1
28,2,6,129,58,23,-1,-1,-1
28,8,158,129,33,22,-1,-1,-1
29,2,6,129,58,23,-1,-1,-1
29,8,150,131,33,22,-1,-1,-1
30,2,6,129,58,23,-1,-1,-1
30,8,142,133,34,21,-1,-1,-1
31,2,6,129,59,23,-1,-1,-1
31,8,134,135,36,21,-1,-1,-1
32,2,6,129,59,23,-1,-1,-1
32,8,127,137,37,21,-1,-1,-1
33,2,6,129,59,23,-1,-1,-1
33,8,121,138,38,21,-1,-1,-1
34,2,6,129,59,23,-1,-1,-1
34,8,119,139,38,21,-1,-1,-1
35,2,6,129,59,23,-1,-1,-1
35,8,118,139,38,21,-1,-1,-1
35,9,17,157,54,25,-1,-1,-1
35,10,150,151,29,16,-1,-1,-1
35,11,165,143,31,20,-1,-1,-1
35,12,344,95,23,19,-1,-1,-1
36,2,6,129,59,23,-1,-1,-1
36,8,117,140,38,21,-1,-1,-1
36,9,17,157,54,25,-1,-1,-1
36,10,150,151,29,16,-1,-1,-1
36,11,165,143,30,20,-1,-1,-1
36,12,344,95,23,19,-1,-1,-1
37,2,6,129,59,23,-1,-1,-1
37,8,117,140,38,21,-1,-1,-1
37,9,17,157,54,25,-1,-1,-1
37,10,150,151,29,16,-1,-1,-1
37,11,165,143,30,20,-1,-1,-1
37,12,344,95,23,19,-1,-1,-1
38,2,6,129,59,23,-1,-1,-1
38,8,116,141,38,21,-1,-1,-1
38,9,17,157,54,25,-1,-1,-1
38,10,150,151,29,16,-1,-1,-1
38,11,165,143,30,20,-1,-1,-1
38,12,344,95,23,19,-1,-1,-1
39,2,6,129,59,23,-1,-1,-1
39,8,116,141,38,21,-1,-1,-1
39,9,17,156,54,25,-1,-1,-1
39,10,150,151,29,16,-1,-1,-1
39,11,165,143,30,20,-1,-1,-1
39,12,344,95,23,19,-1,-1,-1
40,2,6,129,59,24,-1,-1,-1
40,8,116,142,38,21,-1,-1,-1
40,9,17,156,54,25,-1,-1,-1
40,10,148,152,29,16,-1,-1,-1
40,11,165,143,30,20,-1,-1,-1
40,12,344,95,23,19,-1,-1,-1
41,2,7,129,58,25,-1,-1,-1
41,8,117,142,38,21,-1,-1,-1
41,9,17,156,54,25,-1,-1,-1
41,10,148,152,29,16,-1,-1,-1
41,11,165,143,30,20,-1,-1,-1
41,12,344,95,23,19,-1,-1,-1
42,2,7,129,56,27,-1,-1,-1
42,8,117,143,38,21,-1,-1,-1
42,10,147,152,29,16,-1,-1,-1
43,2,7,129,54,29,-1,-1,-1
43,8,117,143,38,21,-1,-1,-1
43,16,225,131,20,14,-1,-1,-1
44,2,8,129,53,30,-1,-1,-1
44,8,117,144,38,21,-1,-1,-1
44,16,220,132,20,15,-1,-1,-1
45,2,8,130,53,30,-1,-1,-1
45,8,117,144,38,21,-1,-1,-1
45,13,128,144,37,21,-1,-1,-1
45,16,215,133,21,15,-1,-1,-1
46,2,9,130,54,30,-1,-1,-1
46,8,117,145,38,21,-1,-1,-1
46,13,120,145,39,21,-1,-1,-1
46,16,208,135,22,15,-1,-1,-1
47,2,9,130,55,30,-1,-1,-1
47,8,117,145,38,20,-1,-1,-1
47,13,114,147,39,21,-1,-1,-1
47,16,200,137,23,16,-1,-1,-1
48,2,10,130,56,29,-1,-1,-1
48,8,117,146,38,20,-1,-1,-1
48,13,105,150,42,22,-1,-1,-1
48,16,192,139,24,16,-1,-1,-1
49,2,10,130,57,29,-1,-1,-1
49,8,117,146,38,20,-1,-1,-1
49,13,94,152,45,23,-1,-1,-1
49,14,310,333,70,55,-1,-1,-1
49,16,184,141,26,16,-1,-1,-1
50,2,10,130,57,29,-1,-1,-1
50,8,118,147,38,20,-1,-1,-1
50,13,89,153,48,24,-1,-1,-1
50,14,315,329,68,55,-1,-1,-1
50,16,175,142,27,17,-1,-1,-1
51,2,10,130,58,29,-1,-1,-1
51,8,118,147,38,20,-1,-1,-1
51,13,84,154,49,24,-1,-1,-1
51,14,317,328,67,54,-1,-1,-1
51,15,6,182,49,30,-1,-1,-1
51,16,166,144,28,18,-1,-1,-1
52,2,10,130,59,29,-1,-1,-1
52,8,118,148,38,20,-1,-1,-1
52,15,4,181,47,32,-1,-1,-1
52,16,160,145,29,18,-1,-1,-1
53,2,10,130,59,29,-1,-1,-1
53,8,118,148,38,20,-1,-1,-1
53,15,4,181,47,32,-1,-1,-1
53,16,155,145,29,19,-1,-1,-1
53,17,233,130,22,15,-1,-1,-1
53,18,270,107,34,23,-1,-1,-1
53,19,155,116,29,20,-1,-1,-1
53,20,101,140,47,30,-1,-1,-1
53,21,451,228,47,28,-1,-1,-1
54,2,10,130,59,29,-1,-1,-1
54,8,118,149,37,20,-1,-1,-1
54,15,4,181,47,33,-1,-1,-1
54,16,153,145,29,19,-1,-1,-1
54,17,233,130,22,15,-1,-1,-1
54,18,270,107,34,23,-1,-1,-1
54,19,155,116,29,20,-1,-1,-1
54,20,101,140,47,30,-1,-1,-1
54,21,451,228,47,28,-1,-1,-1
55,2,10,130,59,29,-1,-1,-1
55,8,118,149,37,20,-1,-1,-1
55,15,4,181,47,33,-1,-1,-1
55,16,152,145,29,19,-1,-1,-1
55,17,233,130,22,15,-1,-1,-1
55,18,270,107,34,23,-1,-1,-1
55,19,155,116,29,20,-1,-1,-1
55,20,101,140,47,30,-1,-1,-1
55,21,451,228,47,28,-1,-1,-1
56,2,10,130,59,29,-1,-1,-1
56,8,118,150,37,20,-1,-1,-1
56,15,4,181,47,33,-1,-1,-1
56,16,151,145,29,19,-1,-1,-1
56,17,233,130,22,15,-1,-1,-1
56,18,270,107,34,23,-1,-1,-1
56,19,155,116,29,20,-1,-1,-1
56,20,101,140,47,30,-1,-1,-1
56,21,451,228,47,28,-1,-1,-1
57,2,10,130,59,29,-1,-1,-1
57,8,118,150,37,20,-1,-1,-1
57,15,4,181,47,33,-1,-1,-1
57,16,151,145,29,19,-1,-1,-1
57,17,233,130,22,15,-1,-1,-1
57,18,270,107,34,23,-1,-1,-1
57,19,155,116,29,20,-1,-1,-1
57,20,101,140,47,30,-1,-1,-1
57,21,451,228,47,28,-1,-1,-1
58,2,10,130,59,29,-1,-1,-1
58,8,119,151,37,20,-1,-1,-1
58,15,4,181,47,33,-1,-1,-1
58,16,151,145,29,19,-1,-1,-1
58,17,233,130,22,15,-1,-1,-1
58,18,270,107,34,23,-1,-1,-1
58,19,155,116,29,20,-1,-1,-1
58,20,101,140,47,30,-1,-1,-1
58,21,451,228,47,28,-1,-1,-1
59,2,10,130,59,29,-1,-1,-1
59,8,119,151,37,20,-1,-1,-1
59,15,4,181,47,33,-1,-1,-1
59,16,151,145,29,19,-1,-1,-1
59,17,233,130,22,15,-1,-1,-1
59,18,270,107,34,23,-1,-1,-1
59,19,155,116,29,20,-1,-1,-1
59,20,101,140,47,30,-1,-1,-1
59,21,451,228,47,28,-1,-1,-1
60,2,10,130,59,29,-1,-1,-1
60,8,119,152,37,20,-1,-1,-1
60,15,4,181,47,33,-1,-1,-1
60,16,151,145,29,19,-1,-1,-1
60,17,233,130,22,15,-1,-1,-1
60,18,270,107,34,23,-1,-1,-1
60,19,155,116,29,20,-1,-1,-1
60,20,101,140,47,30,-1,-1,-1
60,21,451,228,47,28,-1,-1,-1
61,2,10,130,59,29,-1,-1,-1
61,8,119,152,37,19,-1,-1,-1
61,15,4,181,45,33,-1,-1,-1
61,16,151,145,29,19,-1,-1,-1
61,17,232,130,22,15,-1,-1,-1
61,18,270,107,34,23,-1,-1,-1
61,19,155,116,29,20,-1,-1,-1
61,20,99,140,48,30,-1,-1,-1
61,21,452,227,46,28,-1,-1,-1
62,2,9,130,59,28,-1,-1,-1
62,8,119,153,37,19,-1,-1,-1
62,15,4,181,44,33,-1,-1,-1
62,16,151,145,29,19,-1,-1,-1
62,17,231,130,22,14,-1,-1,-1
62,18,270,107,34,23,-1,-1,-1
62,19,155,116,29,20,-1,-1,-1
62,20,96,141,48,29,-1,-1,-1
62,21,454,226,46,28,-1,-1,-1
63,2,9,130,58,27,-1,-1,-1
63,8,119,153,37,19,-1,-1,-1
63,15,5,182,42,33,-1,-1,-1
63,17,230,130,22,14,-1,-1,-1
63,20,90,143,49,29,-1,-1,-1
63,21,459,224,45,28,-1,-1,-1
64,2,8,130,56,26,-1,-1,-1
64,8,119,154,37,19,-1,-1,-1
64,17,229,130,22,14,-1,-1,-1
64,20,81,145,50,29,-1,-1,-1
64,21,465,221,44,27,-1,-1,-1
65,2,7,131,53,26,-1,-1,-1
65,8,119,154,37,19,-1,-1,-1
65,20,69,148,52,29,-1,-1,-1
65,21,472,217,43,26,-1,-1,-1
66,2,6,131,50,26,-1,-1,-1
66,8,120,155,37,19,-1,-1,-1
66,20,56,151,55,29,-1,-1,-1
66,21,481,215,40,24,-1,-1,-1
67,2,6,131,49,26,-1,-1,-1
67,8,120,155,37,19,-1,-1,-1
67,20,41,154,56,29,-1,-1,-1
67,21,489,212,39,23,-1,-1,-1
68,2,5,131,49,26,-1,-1,-1
68,8,120,156,37,19,-1,-1,-1
68,20,34,156,56,29,-1,-1,-1
68,21,496,207,38,23,-1,-1,-1
68,22,66,160,56,29,-1,-1,-1
69,2,5,131,49,26,-1,-1,-1
69,8,120,156,37,19,-1,-1,-1
69,20,29,157,55,29,-1,-1,-1
69,21,504,203,38,23,-1,-1,-1
69,22,55,163,59,30,-1,-1,-1
70,2,6,131,49,26,-1,-1,-1
70,8,120,157,37,19,-1,-1,-1
70,21,512,200,36,22,-1,-1,-1
70,22,52,164,59,29,-1,-1,-1
71,2,6,131,49,26,-1,-1,-1
71,8,120,157,37,19,-1,-1,-1
71,21,517,199,35,21,-1,-1,-1
71,22,48,165,60,30,-1,-1,-1
72,2,6,131,49,26,-1,-1,-1
72,8,120,158,37,19,-1,-1,-1
72,21,519,198,34,21,-1,-1,-1
73,2,6,131,49,26,-1,-1,-1
73,8,120,158,37,19,-1,-1,-1
74,2,6,131,49,26,-1,-1,-1
74,8,120,158,37,19,-1,-1,-1
74,23,362,282,56,46,-1,-1,-1
74,30,91,144,42,25,-1,-1,-1
74,36,452,107,24,28,-1,-1,-1
75,2,7,131,49,26,-1,-1,-1
75,8,120,158,37,19,-1,-1,-1
75,23,362,282,56,46,-1,-1,-1
75,30,91,144,42,25,-1,-1,-1
75,36,452,107,24,28,-1,-1,-1
76,2,7,131,49,26,-1,-1,-1
76,8,120,158,37,19,-1,-1,-1
76,23,362,282,56,46,-1,-1,-1
76,30,91,144,42,25,-1,-1,-1
76,36,452,107,24,28,-1,-1,-1
77,2,7,131,50,26,-1,-1,-1
77,8,120,158,37,19,-1,-1,-1
77,23,362,282,56,46,-1,-1,-1
77,30,91,144,42,25,-1,-1,-1
77,36,452,107,24,28,-1,-1,-1
78,2,7,131,50,26,-1,-1,-1
78,8,120,158,37,19,-1,-1,-1
78,23,362,282,56,46,-1,-1,-1
78,30,91,144,42,25,-1,-1,-1
78,36,452,107,24,28,-1,-1,-1
79,2,8,131,50,26,-1,-1,-1
79,8,120,158,37,19,-1,-1,-1
79,23,362,282,56,46,-1,-1,-1
79,30,91,144,42,25,-1,-1,-1
79,36,452,107,24,28,-1,-1,-1
80,2,8,131,50,26,-1,-1,-1
80,8,120,158,37,19,-1,-1,-1
80,23,362,282,56,46,-1,-1,-1
80,30,91,144,42,25,-1,-1,-1
80,36,452,107,24,28,-1,-1,-1
81,2,8,131,50,26,-1,-1,-1
81,8,120,158,37,19,-1,-1,-1
81,23,362,282,56,46,-1,-1,-1
81,30,91,144,42,25,-1,-1,-1
81,36,452,107,24,27,-1,-1,-1
82,2,8,131,51,26,-1,-1,-1
82,8,120,158,37,19,-1,-1,-1
82,23,362,282,56,46,-1,-1,-1
82,30,91,144,42,25,-1,-1,-1
82,36,452,107,24,27,-1,-1,-1
83,2,9,131,51,26,-1,-1,-1
83,8,120,158,37,19,-1,-1,-1
83,23,364,280,55,45,-1,-1,-1
83,30,91,143,42,25,-1,-1,-1
83,36,451,107,24,27,-1,-1,-1
84,2,9,131,51,26,-1,-1,-1
84,8,120,158,37,19,-1,-1,-1
84,23,369,277,55,45,-1,-1,-1
84,30,91,143,42,25,-1,-1,-1
84,36,451,107,24,27,-1,-1,-1
85,2,9,131,51,26,-1,-1,-1
85,23,377,271,54,44,-1,-1,-1
85,30,91,143,42,25,-1,-1,-1
85,36,451,107,24,27,-1,-1,-1
86,2,9,130,52,27,-1,-1,-1
86,23,385,265,53,42,-1,-1,-1
86,30,91,143,42,25,-1,-1,-1
86,36,451,106,24,28,-1,-1,-1
87,2,9,130,55,27,-1,-1,-1
87,23,395,260,51,40,-1,-1,-1
87,30,92,143,42,25,-1,-1,-1
87,36,451,106,24,28,-1,-1,-1
88,2,9,129,57,28,-1,-1,-1
88,23,405,254,50,38,-1,-1,-1
88,30,92,143,42,25,-1,-1,-1
88,36,451,106,24,28,-1,-1,-1
89,2,8,129,59,29,-1,-1,-1
89,23,416,249,48,35,-1,-1,-1
89,30,92,142,42,25,-1,-1,-1
89,36,451,106,24,28,-1,-1,-1
90,2,9,129,58,30,-1,-1,-1
90,23,420,246,48,35,-1,-1,-1
90,30,93,142,43,25,-1,-1,-1
90,36,451,106,24,28,-1,-1,-1
91,23,424,244,47,34,-1,-1,-1
91,30,93,142,43,25,-1,-1,-1
91,36,451,106,24,28,-1,-1,-1
92,30,93,142,43,25,-1,-1,-1
92,36,451,106,24,28,-1,-1,-1
93,30,94,142,43,26,-1,-1,-1
93,36,451,106,24,28,-1,-1,-1
94,30,94,141,43,26,-1,-1,-1
94,36,451,106,24,28,-1,-1,-1
95,24,143,200,46,27,-1,-1,-1
95,25,65,168,44,23,-1,-1,-1
95,26,556,191,39,23,-1,-1,-1
95,27,196,125,30,24,-1,-1,-1
95,28,476,211,48,30,-1,-1,-1
95,30,95,141,44,26,-1,-1,-1
95,36,451,106,24,28,-1,-1,-1
95,42,341,304,66,49,-1,-1,-1
96,24,143,200,46,27,-1,-1,-1
96,25,65,168,44,23,-1,-1,-1
96,26,556,191,38,23,-1,-1,-1
96,27,196,125,30,24,-1,-1,-1
96,28,476,211,48,30,-1,-1,-1
96,30,95,141,44,26,-1,-1,-1
96,36,451,106,24,28,-1,-1,-1
96,42,341,304,66,49,-1,-1,-1
97,24,143,200,46,27,-1,-1,-1
97,25,65,168,44,23,-1,-1,-1
97,26,556,191,38,23,-1,-1,-1
97,27,196,125,30,24,-1,-1,-1
97,28,476,211,48,30,-1,-1,-1
97,30,95,141,44,26,-1,-1,-1
97,36,451,107,24,28,-1,-1,-1
97,42,341,304,66,49,-1,-1,-1
98,24,143,200,46,27,-1,-1,-1
98,25,65,168,44,23,-1,-1,-1
98,26,556,191,38,23,-1,-1,-1
98,27,196,125,30,24,-1,-1,-1
98,28,476,211,48,30,-1,-1,-1
98,30,96,141,44,26,-1,-1,-1
98,36,451,107,24,28,-1,-1,-1
98,42,341,304,66,49,-1,-1,-1
99,24,143,200,46,27,-1,-1,-1
99,25,65,168,44,23,-1,-1,-1
99,26,556,191,38,23,-1,-1,-1
99,27,196,125,30,24,-1,-1,-1
99,28,476,211,48,30,-1,-1,-1
99,30,96,140,44,26,-1,-1,-1
99,36,451,107,24,28,-1,-1,-1
99,42,341,304,66,49,-1,-1,-1
100,24,143,200,46,27,-1,-1,-1
100,25,65,168,44,23,-1,-1,-1
100,26,556,191,38,23,-1,-1,-1
100,27,196,125,30,24,-1,-1,-1
100,28,476,211,48,30,-1,-1,-1
100,30,96,140,44,26,-1,-1,-1
100,36,451,107,24,28,-1,-1,-1
100,42,341,304,66,49,-1,-1,-1
101,24,143,200,45,27,-1,-1,-1
101,25,65,168,44,23,-1,-1,-1
101,26,556,191,38,23,-1,-1,-1
101,27,196,125,30,24,-1,-1,-1
101,28,476,211,48,30,-1,-1,-1
101,30,97,140,45,27,-1,-1,-1
101,36,451,107,24,28,-1,-1,-1
101,42,341,304,66,49,-1,-1,-1
102,24,143,200,45,27,-1,-1,-1
102,25,65,168,44,23,-1,-1,-1
102,26,556,191,38,23,-1,-1,-1
102,27,196,125,30,24,-1,-1,-1
102,28,476,211,48,30,-1,-1,-1
102,30,97,140,45,27,-1,-1,-1
102,36,451,107,24,28,-1,-1,-1
102,42,341,304,66,49,-1,-1,-1
103,24,143,200,45,27,-1,-1,-1
103,25,65,168,44,23,-1,-1,-1
103,26,556,191,38,23,-1,-1,-1
103,27,196,125,30,24,-1,-1,-1
103,28,476,211,48,30,-1,-1,-1
103,30,97,139,45,27,-1,-1,-1
103,36,451,107,24,28,-1,-1,-1
103,42,341,304,66,49,-1,-1,-1
104,24,144,199,45,27,-1,-1,-1
104,25,63,168,45,23,-1,-1,-1
104,26,556,191,39,23,-1,-1,-1
104,27,195,125,30,23,-1,-1,-1
104,28,476,210,47,29,-1,-1,-1
104,30,98,139,45,27,-1,-1,-1
104,36,451,107,24,28,-1,-1,-1
104,42,342,303,65,48,-1,-1,-1
105,24,145,199,45,27,-1,-1,-1
105,25,62,168,45,23,-1,-1,-1
105,26,556,191,39,23,-1,-1,-1
105,27,193,125,30,23,-1,-1,-1
105,28,480,210,46,28,-1,-1,-1
105,30,98,139,45,27,-1,-1,-1
105,36,451,107,24,28,-1,-1,-1
105,42,345,299,66,48,-1,-1,-1
106,24,147,198,45,27,-1,-1,-1
106,25,60,168,47,23,-1,-1,-1
106,26,557,191,39,23,-1,-1,-1
106,27,190,125,30,22,-1,-1,-1
106,28,485,210,46,27,-1,-1,-1
106,30,99,139,46,27,-1,-1,-1
106,36,451,107,24,28,-1,-1,-1
106,42,352,292,65,47,-1,-1,-1
107,27,188,126,29,21,-1,-1,-1
107,28,492,207,45,26,-1,-1,-1
107,30,99,139,46,27,-1,-1,-1
107,36,451,107,24,28,-1,-1,-1
107,42,362,284,65,47,-1,-1,-1
108,27,186,126,29,21,-1,-1,-1
108,28,498,205,45,26,-1,-1,-1
108,30,99,138,46,27,-1,-1,-1
108,36,451,108,24,28,-1,-1,-1
108,42,372,277,63,46,-1,-1,-1
109,28,506,202,43,24,-1,-1,-1
109,30,100,138,46,28,-1,-1,-1
109,36,451,108,24,28,-1,-1,-1
109,42,383,269,61,45,-1,-1,-1
110,28,514,200,41,23,-1,-1,-1
110,30,100,138,46,28,-1,-1,-1
110,36,451,108,24,28,-1,-1,-1
110,42,393,262,59,44,-1,-1,-1
111,28,523,199,40,22,-1,-1,-1
111,30,100,138,46,28,-1,-1,-1
111,36,451,108,24,28,-1,-1,-1
111,42,405,256,56,42,-1,-1,-1
112,28,531,197,39,22,-1,-1,-1
112,30,101,138,47,28,-1,-1,-1
112,36,451,108,24,28,-1,-1,-1
112,42,415,249,54,40,-1,-1,-1
113,28,539,195,39,22,-1,-1,-1
113,30,101,137,47,28,-1,-1,-1
113,36,451,108,24,28,-1,-1,-1
113,42,425,243,53,38,-1,-1,-1
114,28,546,193,39,22,-1,-1,-1
114,30,101,137,47,28,-1,-1,-1
114,36,451,108,24,28,-1,-1,-1
114,42,434,238,51,36,-1,-1,-1
115,28,555,190,38,22,-1,-1,-1
115,29,634,175,42,21,-1,-1,-1
115,30,102,137,47,28,-1,-1,-1
115,36,451,108,24,28,-1,-1,-1
115,42,444,233,50,33,-1,-1,-1
116,28,563,188,38,21,-1,-1,-1
116,29,639,174,41,21,-1,-1,-1
116,30,100,137,48,29,-1,-1,-1
116,36,451,108,24,28,-1,-1,-1
116,42,452,229,48,32,-1,-1,-1
117,28,571,186,38,21,-1,-1,-1
117,29,640,174,40,21,-1,-1,-1
117,30,97,136,50,30,-1,-1,-1
117,36,451,108,24,28,-1,-1,-1
117,42,458,225,47,31,-1,-1,-1
118,28,579,185,38,21,-1,-1,-1
118,29,642,173,40,21,-1,-1,-1
118,30,92,136,55,32,-1,-1,-1
118,36,451,108,24,28,-1,-1,-1
118,42,463,222,47,30,-1,-1,-1
119,28,587,183,38,21,-1,-1,-1
119,30,89,136,58,34,-1,-1,-1
119,31,484,213,46,27,-1,-1,-1
119,32,202,133,31,18,-1,-1,-1
119,36,451,109,24,28,-1,-1,-1
119,42,465,220,47,30,-1,-1,-1
120,28,595,182,39,20,-1,-1,-1
120,30,87,136,60,35,-1,-1,-1
120,31,491,211,44,26,-1,-1,-1
120,32,198,134,32,19,-1,-1,-1
120,36,451,109,24,28,-1,-1,-1
120,42,467,219,47,30,-1,-1,-1
121,28,602,180,39,20,-1,-1,-1
121,31,496,209,44,26,-1,-1,-1
121,32,197,134,33,19,-1,-1,-1
121,33,236,116,26,16,-1,-1,-1
121,36,451,109,24,28,-1,-1,-1
121,42,469,218,47,30,-1,-1,-1
122,28,610,179,39,20,-1,-1,-1
122,31,504,205,43,26,-1,-1,-1
122,32,195,134,33,19,-1,-1,-1
122,33,234,116,26,16,-1,-1,-1
122,36,451,109,24,28,-1,-1,-1
122,42,470,218,47,30,-1,-1,-1
123,28,618,178,40,19,-1,-1,-1
123,31,511,202,42,26,-1,-1,-1
123,33,233,116,26,17,-1,-1,-1
123,34,18,158,54,27,-1,-1,-1
123,36,451,109,24,28,-1,-1,-1
123,37,222,182,34,26,-1,-1,-1
123,42,472,217,47,31,-1,-1,-1
124,28,626,177,40,19,-1,-1,-1
124,31,520,199,40,24,-1,-1,-1
124,34,15,159,54,28,-1,-1,-1
124,36,451,109,24,28,-1,-1,-1
124,37,228,178,34,26,-1,-1,-1
124,42,473,217,48,31,-1,-1,-1
125,28,633,175,40,19,-1,-1,-1
125,31,528,197,39,23,-1,-1,-1
125,34,14,159,53,28,-1,-1,-1
125,36,451,109,24,28,-1,-1,-1
125,37,234,175,33,26,-1,-1,-1
125,38,213,122,30,20,-1,-1,-1
125,42,474,217,48,31,-1,-1,-1
126,28,641,174,41,18,-1,-1,-1
126,31,536,195,38,23,-1,-1,-1
126,36,451,109,24,28,-1,-1,-1
126,37,242,171,32,26,-1,-1,-1
126,38,209,122,31,20,-1,-1,-1
126,42,475,216,48,31,-1,-1,-1
127,28,649,173,41,18,-1,-1,-1
127,31,544,192,39,23,-1,-1,-1
127,36,451,109,24,28,-1,-1,-1
127,37,250,167,31,25,-1,-1,-1
127,38,206,123,31,20,-1,-1,-1
127,42,476,216,48,31,-1,-1,-1
128,28,657,172,41,18,-1,-1,-1
128,31,550,190,41,24,-1,-1,-1
128,35,285,360,71,41,-1,-1,-1
128,36,451,109,24,28,-1,-1,-1
128,37,257,164,29,23,-1,-1,-1
128,38,201,123,31,21,-1,-1,-1
128,42,477,216,48,32,-1,-1,-1
129,28,665,171,41,19,-1,-1,-1
129,31,554,189,42,25,-1,-1,-1
129,35,294,350,72,48,-1,-1,-1
129,36,451,109,24,28,-1,-1,-1
129,37,264,161,28,21,-1,-1,-1
129,38,195,123,31,21,-1,-1,-1
129,42,478,216,48,32,-1,-1,-1
130,28,669,170,40,19,-1,-1,-1
130,31,556,188,44,25,-1,-1,-1
130,35,302,343,71,50,-1,-1,-1
130,36,451,108,24,29,-1,-1,-1
130,37,270,158,27,20,-1,-1,-1
130,38,189,124,32,21,-1,-1,-1
130,42,480,215,49,32,-1,-1,-1
131,28,672,170,41,19,-1,-1,-1
131,35,312,333,70,54,-1,-1,-1
131,36,451,108,24,29,-1,-1,-1
131,37,276,155,26,19,-1,-1,-1
131,38,182,124,32,21,-1,-1,-1
131,39,91,155,47,26,-1,-1,-1
131,42,481,215,49,32,-1,-1,-1
132,35,323,322,68,56,-1,-1,-1
132,37,282,152,25,18,-1,-1,-1
132,38,176,125,31,20,-1,-1,-1
132,39,89,156,47,25,-1,-1,-1
132,42,482,215,49,33,-1,-1,-1
133,35,335,311,67,57,-1,-1,-1
133,37,288,148,24,17,-1,-1,-1
133,38,169,128,30,19,-1,-1,-1
133,39,89,156,46,25,-1,-1,-1
133,42,483,215,49,33,-1,-1,-1
134,35,347,300,65,58,-1,-1,-1
134,37,294,146,24,17,-1,-1,-1
134,38,161,130,30,19,-1,-1,-1
134,42,484,214,49,33,-1,-1,-1
135,35,359,289,65,56,-1,-1,-1
135,37,300,143,24,17,-1,-1,-1
135,38,156,131,30,19,-1,-1,-1
135,42,485,214,49,33,-1,-1,-1
136,35,370,279,64,55,-1,-1,-1
136,37,305,141,24,17,-1,-1,-1
136,38,154,132,31,19,-1,-1,-1
136,40,30,166,57,30,-1,-1,-1
136,42,486,214,50,33,-1,-1,-1
137,35,376,274,64,54,-1,-1,-1
137,37,308,140,24,17,-1,-1,-1
137,40,22,168,55,31,-1,-1,-1
137,42,487,214,50,34,-1,-1,-1
138,35,378,271,64,54,-1,-1,-1
138,37,309,140,24,17,-1,-1,-1
138,40,20,169,54,31,-1,-1,-1
138,42,488,213,50,34,-1,-1,-1
139,40,16,170,54,31,-1,-1,-1
139,42,489,213,50,34,-1,-1,-1
140,42,490,213,50,34,-1,-1,-1
141,41,252,370,65,34,-1,-1,-1
141,42,491,213,50,34,-1,-1,-1
141,43,174,211,37,25,-1,-1,-1
141,44,296,167,25,25,-1,-1,-1
141,45,215,165,33,24,-1,-1,-1
141,46,92,153,39,21,-1,-1,-1
141,47,237,121,28,20,-1,-1,-1
141,48,65,171,47,22,-1,-1,-1
141,70,352,127,28,19,-1,-1,-1
142,41,252,370,65,34,-1,-1,-1
142,42,491,213,50,34,-1,-1,-1
142,43,174,211,37,25,-1,-1,-1
142,44,296,167,25,25,-1,-1,-1
142,45,215,165,33,24,-1,-1,-1
142,46,92,153,39,21,-1,-1,-1
142,47,237,121,28,20,-1,-1,-1
142,48,65,171,47,22,-1,-1,-1
142,70,352,127,28,19,-1,-1,-1
143,41,252,370,65,34,-1,-1,-1
143,42,491,213,50,34,-1,-1,-1
143,43,174,211,37,25,-1,-1,-1
143,44,296,167,25,25,-1,-1,-1
143,45,215,165,33,24,-1,-1,-1
143,46,92,153,39,21,-1,-1,-1
143,47,237,121,28,20,-1,-1,-1
143,48,65,171,47,22,-1,-1,-1
143,70,352,127,28,19,-1,-1,-1
144,41,252,370,65,34,-1,-1,-1
144,42,491,213,50,34,-1,-1,-1
144,43,174,211,37,25,-1,-1,-1
144,44,296,167,25,25,-1,-1,-1
144,45,215,165,33,24,-1,-1,-1
144,46,92,153,39,21,-1,-1,-1
144,47,237,121,28,20,-1,-1,-1
144,48,65,171,47,22,-1,-1,-1
144,70,352,127,28,19,-1,-1,-1
145,41,252,370,65,34,-1,-1,-1
145,42,491,213,50,34,-1,-1,-1
145,43,174,211,37,25,-1,-1,-1
145,44,296,167,25,25,-1,-1,-1
145,45,215,165,33,24,-1,-1,-1
145,46,92,153,39,21,-1,-1,-1
145,47,237,121,28,20,-1,-1,-1
145,48,65,171,47,22,-1,-1,-1
145,70,352,127,28,19,-1,-1,-1
146,41,252,370,65,34,-1,-1,-1
146,42,491,213,50,34,-1,-1,-1
146,43,174,211,37,25,-1,-1,-1
146,44,296,167,25,25,-1,-1,-1
146,45,215,165,33,24,-1,-1,-1
146,46,92,153,39,21,-1,-1,-1
146,47,237,121,28,20,-1,-1,-1
146,48,65,171,47,22,-1,-1,-1
146,70,352,127,28,19,-1,-1,-1
147,41,252,370,65,34,-1,-1,-1
147,42,493,211,50,34,-1,-1,-1
147,43,174,211,37,25,-1,-1,-1
147,44,296,167,25,25,-1,-1,-1
147,45,215,165,33,24,-1,-1,-1
147,46,92,153,39,21,-1,-1,-1
147,47,237,121,28,20,-1,-1,-1
147,48,65,171,47,22,-1,-1,-1
147,70,352,127,28,19,-1,-1,-1
148,41,252,370,65,34,-1,-1,-1
148,42,495,209,50,33,-1,-1,-1
148,43,174,211,37,25,-1,-1,-1
148,44,296,167,25,25,-1,-1,-1
148,45,215,165,33,24,-1,-1,-1
148,46,92,153,39,21,-1,-1,-1
148,47,237,121,28,20,-1,-1,-1
148,48,65,171,47,22,-1,-1,-1
148,70,352,127,28,19,-1,-1,-1
149,42,498,206,49,32,-1,-1,-1
149,49,92,154,40,21,-1,-1,-1
149,57,211,167,30,19,-1,-1,-1
150,42,499,204,49,31,-1,-1,-1
150,49,92,154,40,21,-1,-1,-1
150,50,655,170,49,26,-1,-1,-1
150,51,133,157,33,19,-1,-1,-1
150,52,81,141,48,25,-1,-1,-1
150,53,285,151,22,18,-1,-1,-1
150,54,285,143,24,19,-1,-1,-1
150,55,339,115,25,19,-1,-1,-1
150,57,211,167,30,19,-1,-1,-1
150,59,301,110,24,23,-1,-1,-1
150,60,8,129,55,31,-1,-1,-1
150,72,23,282,79,55,-1,-1,-1
151,42,500,203,48,31,-1,-1,-1
151,49,92,154,40,21,-1,-1,-1
151,50,655,170,49,26,-1,-1,-1
151,51,133,157,33,19,-1,-1,-1
151,52,81,141,48,25,-1,-1,-1
151,53,285,151,22,18,-1,-1,-1
151,54,285,143,23,19,-1,-1,-1
151,55,339,115,25,19,-1,-1,-1
151,57,211,167,30,19,-1,-1,-1
151,59,301,110,24,23,-1,-1,-1
151,60,8,129,55,31,-1,-1,-1
151,72,23,282,79,55,-1,-1,-1
152,42,500,202,48,31,-1,-1,-1
152,49,92,154,40,21,-1,-1,-1
152,50,655,170,49,26,-1,-1,-1
152,51,133,157,33,19,-1,-1,-1
152,52,81,141,48,25,-1,-1,-1
152,53,285,151,22,18,-1,-1,-1
152,54,285,143,23,19,-1,-1,-1
152,55,339,115,25,19,-1,-1,-1
152,57,211,167,30,19,-1,-1,-1
152,59,301,110,24,23,-1,-1,-1
152,60,8,129,55,31,-1,-1,-1
152,72,23,282,79,55,-1,-1,-1
153,42,500,202,48,31,-1,-1,-1
153,49,92,154,40,21,-1,-1,-1
153,50,655,170,49,26,-1,-1,-1
153,51,133,157,33,19,-1,-1,-1
153,52,81,141,48,25,-1,-1,-1
153,53,285,151,22,18,-1,-1,-1
153,54,285,143,23,19,-1,-1,-1
153,55,339,115,25,19,-1,-1,-1
153,57,211,167,30,19,-1,-1,-1
153,59,301,110,24,23,-1,-1,-1
153,60,8,129,55,31,-1,-1,-1
153,72,23,282,79,55,-1,-1,-1
154,42,500,202,48,31,-1,-1,-1
154,49,92,154,40,21,-1,-1,-1
154,50,655,170,49,26,-1,-1,-1
154,51,133,157,33,19,-1,-1,-1
154,52,81,141,48,25,-1,-1,-1
154,53,285,151,22,18,-1,-1,-1
154,54,285,143,23,19,-1,-1,-1
154,55,339,115,25,19,-1,-1,-1
154,57,211,167,30,19,-1,-1,-1
154,59,301,110,24,23,-1,-1,-1
154,60,8,129,55,31,-1,-1,-1
154,72,23,282,79,55,-1,-1,-1
155,42,500,202,48,31,-1,-1,-1
155,49,92,154,40,21,-1,-1,-1
155,50,655,170,49,26,-1,-1,-1
155,51,133,157,33,19,-1,-1,-1
155,52,81,141,48,25,-1,-1,-1
155,53,285,151,22,18,-1,-1,-1
155,54,285,143,23,19,-1,-1,-1
155,55,339,115,25,19,-1,-1,-1
155,57,211,167,30,19,-1,-1,-1
155,59,301,110,24,23,-1,-1,-1
155,60,8,129,55,31,-1,-1,-1
155,72,23,282,79,55,-1,-1,-1
156,42,500,202,48,31,-1,-1,-1
156,49,92,154,40,21,-1,-1,-1
156,50,655,170,49,26,-1,-1,-1
156,51,133,157,33,19,-1,-1,-1
156,52,81,141,48,25,-1,-1,-1
156,53,285,151,22,18,-1,-1,-1
156,54,285,143,23,19,-1,-1,-1
156,55,339,115,25,19,-1,-1,-1
156,57,211,167,30,19,-1,-1,-1
156,59,301,110,24,23,-1,-1,-1
156,60,8,129,55,31,-1,-1,-1
156,72,23,282,79,55,-1,-1,-1
157,42,501,201,48,31,-1,-1,-1
157,49,92,154,40,21,-1,-1,-1
157,50,655,170,49,25,-1,-1,-1
157,51,132,157,33,19,-1,-1,-1
157,52,80,141,47,24,-1,-1,-1
157,53,285,151,22,17,-1,-1,-1
157,54,285,142,23,19,-1,-1,-1
157,55,339,115,25,19,-1,-1,-1
157,57,211,167,29,19,-1,-1,-1
157,59,301,110,23,22,-1,-1,-1
157,60,8,129,55,31,-1,-1,-1
157,72,23,281,78,54,-1,-1,-1
158,42,502,200,48,31,-1,-1,-1
158,49,92,154,40,21,-1,-1,-1
158,50,656,170,49,25,-1,-1,-1
158,51,132,157,33,19,-1,-1,-1
158,52,80,141,47,24,-1,-1,-1
158,53,285,151,22,17,-1,-1,-1
158,54,285,142,23,19,-1,-1,-1
158,55,339,115,25,19,-1,-1,-1
158,57,213,166,29,19,-1,-1,-1
158,59,300,110,23,22,-1,-1,-1
158,60,8,129,55,30,-1,-1,-1
158,72,24,280,78,54,-1,-1,-1
159,42,506,199,47,30,-1,-1,-1
159,49,92,154,40,21,-1,-1,-1
159,50,659,170,49,24,-1,-1,-1
159,51,131,157,33,19,-1,-1,-1
159,52,80,142,47,24,-1,-1,-1
159,53,285,151,22,17,-1,-1,-1
159,54,285,142,23,19,-1,-1,-1
159,57,217,164,28,19,-1,-1,-1
159,59,298,111,23,21,-1,-1,-1
159,60,8,129,54,30,-1,-1,-1
159,72,26,279,77,53,-1,-1,-1
160,42,512,198,46,29,-1,-1,-1
160,50,661,169,48,24,-1,-1,-1
160,56,350,115,22,16,-1,-1,-1
160,57,224,161,27,19,-1,-1,-1
160,59,294,112,22,21,-1,-1,-1
160,60,9,130,54,29,-1,-1,-1
160,72,28,278,76,52,-1,-1,-1
161,42,520,195,45,27,-1,-1,-1
161,50,664,169,48,24,-1,-1,-1
161,56,352,114,22,15,-1,-1,-1
161,57,232,158,26,18,-1,-1,-1
161,58,221,129,25,16,-1,-1,-1
161,59,290,114,22,20,-1,-1,-1
161,60,9,130,53,28,-1,-1,-1
161,72,31,276,75,52,-1,-1,-1
162,42,528,193,43,27,-1,-1,-1
162,56,353,114,23,15,-1,-1,-1
162,57,241,155,24,18,-1,-1,-1
162,58,216,130,24,16,-1,-1,-1
162,59,286,115,22,19,-1,-1,-1
162,60,9,130,53,28,-1,-1,-1
162,72,33,275,75,52,-1,-1,-1
163,42,536,191,42,26,-1,-1,-1
163,56,356,113,23,14,-1,-1,-1
163,57,248,151,23,17,-1,-1,-1
163,58,211,130,25,16,-1,-1,-1
163,59,282,117,21,18,-1,-1,-1
163,60,9,130,52,28,-1,-1,-1
163,72,36,274,74,51,-1,-1,-1
164,42,544,189,41,25,-1,-1,-1
164,56,359,112,23,14,-1,-1,-1
164,57,256,148,23,17,-1,-1,-1
164,58,205,130,26,17,-1,-1,-1
164,59,277,118,22,18,-1,-1,-1
164,60,8,130,52,28,-1,-1,-1
164,72,38,272,74,51,-1,-1,-1
165,42,553,187,41,25,-1,-1,-1
165,56,362,111,22,13,-1,-1,-1
165,57,262,145,23,18,-1,-1,-1
165,58,198,130,27,18,-1,-1,-1
165,59,272,119,22,18,-1,-1,-1
165,60,8,131,52,29,-1,-1,-1
165,72,41,271,73,51,-1,-1,-1
166,42,557,186,40,24,-1,-1,-1
166,56,364,110,23,14,-1,-1,-1
166,57,268,143,23,18,-1,-1,-1
166,58,191,130,27,19,-1,-1,-1
166,59,267,119,24,18,-1,-1,-1
166,60,7,131,51,31,-1,-1,-1
166,72,43,269,73,50,-1,-1,-1
167,42,560,185,40,24,-1,-1,-1
167,56,366,110,24,15,-1,-1,-1
167,57,275,140,24,19,-1,-1,-1
167,58,188,130,28,20,-1,-1,-1
167,59,262,119,24,19,-1,-1,-1
167,60,7,132,52,31,-1,-1,-1
167,61,106,149,38,28,-1,-1,-1
167,72,46,268,72,50,-1,-1,-1
168,56,367,110,24,15,-1,-1,-1
168,57,281,139,24,18,-1,-1,-1
168,58,186,130,28,21,-1,-1,-1
168,59,257,120,25,19,-1,-1,-1
168,60,7,132,52,32,-1,-1,-1
168,61,103,149,38,28,-1,-1,-1
168,72,48,266,72,50,-1,-1,-1
169,56,367,110,25,15,-1,-1,-1
169,57,286,136,23,18,-1,-1,-1
169,59,255,121,25,19,-1,-1,-1
169,60,7,132,52,32,-1,-1,-1
169,61,101,149,38,29,-1,-1,-1
169,63,142,194,46,28,-1,-1,-1
169,72,51,265,71,50,-1,-1,-1
170,57,292,134,22,18,-1,-1,-1
170,59,253,121,25,19,-1,-1,-1
170,60,7,132,53,31,-1,-1,-1
170,63,153,190,42,26,-1,-1,-1
170,72,53,264,70,49,-1,-1,-1
171,57,297,132,22,17,-1,-1,-1
171,60,7,132,53,31,-1,-1,-1
171,63,162,187,40,26,-1,-1,-1
171,72,56,262,70,49,-1,-1,-1
172,57,299,131,22,17,-1,-1,-1
172,60,7,132,53,31,-1,-1,-1
172,63,172,183,38,25,-1,-1,-1
172,72,58,261,69,49,-1,-1,-1
173,57,301,130,22,17,-1,-1,-1
173,60,8,132,54,31,-1,-1,-1
173,62,261,166,28,19,-1,-1,-1
173,63,178,181,37,24,-1,-1,-1
173,72,61,259,69,48,-1,-1,-1
174,60,8,132,54,30,-1,-1,-1
174,62,262,163,29,19,-1,-1,-1
174,63,181,180,36,24,-1,-1,-1
174,72,63,258,68,48,-1,-1,-1
175,60,8,132,55,30,-1,-1,-1
175,62,265,161,30,19,-1,-1,-1
175,63,182,180,34,23,-1,-1,-1
175,64,191,242,34,32,-1,-1,-1
175,72,66,256,68,48,-1,-1,-1
176,60,8,132,55,30,-1,-1,-1
176,62,266,160,30,19,-1,-1,-1
176,63,183,180,33,23,-1,-1,-1
176,64,190,240,34,34,-1,-1,-1
176,72,68,255,67,47,-1,-1,-1
177,60,8,132,55,30,-1,-1,-1
177,62,268,159,30,18,-1,-1,-1
177,63,184,179,32,22,-1,-1,-1
177,64,190,240,34,35,-1,-1,-1
177,72,71,253,67,47,-1,-1,-1
178,60,8,132,56,29,-1,-1,-1
178,63,184,178,33,22,-1,-1,-1
178,64,190,239,34,36,-1,-1,-1
178,72,73,252,66,47,-1,-1,-1
179,60,9,132,56,29,-1,-1,-1
179,63,185,177,33,22,-1,-1,-1
179,72,76,250,66,47,-1,-1,-1
180,60,9,132,56,29,-1,-1,-1
180,72,79,249,65,46,-1,-1,-1
181,60,9,132,57,28,-1,-1,-1
181,72,81,248,64,46,-1,-1,-1
182,60,9,132,57,28,-1,-1,-1
182,65,272,142,25,16,-1,-1,-1
182,66,315,139,24,15,-1,-1,-1
182,72,84,246,64,46,-1,-1,-1
183,60,9,132,58,28,-1,-1,-1
183,65,276,141,25,16,-1,-1,-1
183,66,317,138,24,14,-1,-1,-1
183,67,348,114,23,16,-1,-1,-1
183,72,86,245,63,45,-1,-1,-1
184,60,9,132,58,28,-1,-1,-1
184,65,279,140,25,15,-1,-1,-1
184,66,319,137,24,14,-1,-1,-1
184,67,350,113,23,16,-1,-1,-1
184,72,89,243,63,45,-1,-1,-1
185,60,10,132,58,27,-1,-1,-1
185,65,284,138,24,15,-1,-1,-1
185,66,323,136,24,14,-1,-1,-1
185,67,353,113,22,15,-1,-1,-1
185,68,112,157,35,21,-1,-1,-1
185,69,310,161,25,17,-1,-1,-1
185,72,91,242,62,45,-1,-1,-1
186,60,10,132,59,27,-1,-1,-1
186,65,289,136,23,15,-1,-1,-1
186,66,326,134,23,14,-1,-1,-1
186,67,354,112,22,15,-1,-1,-1
186,68,102,158,36,22,-1,-1,-1
186,69,313,159,25,17,-1,-1,-1
186,72,94,240,62,44,-1,-1,-1
187,60,10,132,59,27,-1,-1,-1
187,65,294,133,23,16,-1,-1,-1
187,66,330,133,23,14,-1,-1,-1
187,67,356,112,21,15,-1,-1,-1
187,68,99,159,36,22,-1,-1,-1
187,69,314,158,25,17,-1,-1,-1
187,72,96,239,61,44,-1,-1,-1
188,60,10,132,59,26,-1,-1,-1
188,65,298,131,24,17,-1,-1,-1
188,66,334,131,23,14,-1,-1,-1
188,68,95,159,37,22,-1,-1,-1
188,69,315,157,24,17,-1,-1,-1
188,72,99,237,61,44,-1,-1,-1
189,60,10,132,60,26,-1,-1,-1
189,65,302,128,25,18,-1,-1,-1
189,66,338,130,22,14,-1,-1,-1
189,72,101,236,60,44,-1,-1,-1
190,60,10,132,60,26,-1,-1,-1
190,65,306,127,25,17,-1,-1,-1
190,66,342,128,22,13,-1,-1,-1
190,72,104,235,59,43,-1,-1,-1
191,60,9,132,61,27,-1,-1,-1
191,65,310,125,25,17,-1,-1,-1
191,66,345,127,22,13,-1,-1,-1
191,72,106,233,59,43,-1,-1,-1
192,60,9,133,60,27,-1,-1,-1
192,65,313,124,25,17,-1,-1,-1
192,66,349,126,22,13,-1,-1,-1
192,72,109,232,58,43,-1,-1,-1
193,60,10,133,59,27,-1,-1,-1
193,65,315,124,25,17,-1,-1,-1
193,66,352,125,22,13,-1,-1,-1
193,72,111,230,58,42,-1,-1,-1
194,60,10,133,58,28,-1,-1,-1
194,66,356,124,21,13,-1,-1,-1
194,72,114,229,57,42,-1,-1,-1
195,60,10,133,56,28,-1,-1,-1
195,66,359,123,21,13,-1,-1,-1
195,71,287,173,25,21,-1,-1,-1
195,72,116,227,57,42,-1,-1,-1
196,60,10,133,55,27,-1,-1,-1
196,66,361,121,21,13,-1,-1,-1
196,71,291,170,25,21,-1,-1,-1
196,72,119,226,56,41,-1,-1,-1
197,60,10,133,55,27,-1,-1,-1
197,66,362,120,20,13,-1,-1,-1
197,71,292,170,25,21,-1,-1,-1
197,72,121,224,56,41,-1,-1,-1
198,60,10,133,54,27,-1,-1,-1
198,66,362,120,20,13,-1,-1,-1
198,71,294,169,25,21,-1,-1,-1
198,72,123,223,55,41,-1,-1,-1
199,60,10,133,54,27,-1,-1,-1
199,72,125,222,55,41,-1,-1,-1
199,73,283,141,23,17,-1,-1,-1
199,74,366,128,22,12,-1,-1,-1
199,77,316,153,29,20,-1,-1,-1
200,60,10,133,54,27,-1,-1,-1
200,72,128,222,54,40,-1,-1,-1
200,73,283,140,24,17,-1,-1,-1
200,74,366,127,22,12,-1,-1,-1
200,77,316,152,29,20,-1,-1,-1
201,60,10,133,55,27,-1,-1,-1
201,72,129,221,53,39,-1,-1,-1
201,73,284,140,24,17,-1,-1,-1
201,74,366,127,22,12,-1,-1,-1
201,77,317,151,28,20,-1,-1,-1
202,60,10,133,55,27,-1,-1,-1
202,72,131,221,53,39,-1,-1,-1
202,73,286,139,24,17,-1,-1,-1
202,74,366,127,23,12,-1,-1,-1
202,77,319,151,28,20,-1,-1,-1
203,60,11,132,55,27,-1,-1,-1
203,73,287,139,24,17,-1,-1,-1
203,74,367,126,23,12,-1,-1,-1
203,75,141,229,32,25,-1,-1,-1
203,77,319,150,28,20,-1,-1,-1
204,60,11,132,55,27,-1,-1,-1
204,73,287,138,24,17,-1,-1,-1
204,75,142,229,31,25,-1,-1,-1
204,77,321,149,28,20,-1,-1,-1
205,60,11,132,55,27,-1,-1,-1
205,75,142,228,30,25,-1,-1,-1
205,77,323,148,28,19,-1,-1,-1
206,60,11,132,56,27,-1,-1,-1
206,75,143,228,30,26,-1,-1,-1
206,76,302,131,27,19,-1,-1,-1
206,77,327,145,27,19,-1,-1,-1
207,60,11,132,56,27,-1,-1,-1
207,75,142,227,30,26,-1,-1,-1
207,76,303,131,27,19,-1,-1,-1
207,77,332,142,26,18,-1,-1,-1
207,78,225,180,30,23,-1,-1,-1
207,86,355,292,65,57,-1,-1,-1
208,60,11,132,56,27,-1,-1,-1
208,75,141,227,30,26,-1,-1,-1
208,76,303,131,27,18,-1,-1,-1
208,77,334,141,25,18,-1,-1,-1
208,78,231,177,29,22,-1,-1,-1
208,86,363,285,63,54,-1,-1,-1
209,60,12,131,56,27,-1,-1,-1
209,75,139,226,30,26,-1,-1,-1
209,77,337,141,24,17,-1,-1,-1
209,78,236,174,27,22,-1,-1,-1
209,86,371,279,61,53,-1,-1,-1
210,60,12,131,56,27,-1,-1,-1
210,75,139,226,30,25,-1,-1,-1
210,78,243,170,27,22,-1,-1,-1
210,86,381,273,60,49,-1,-1,-1
211,60,12,131,57,27,-1,-1,-1
211,75,139,226,30,25,-1,-1,-1
211,78,250,167,26,21,-1,-1,-1
211,86,391,266,58,48,-1,-1,-1
212,60,12,131,57,27,-1,-1,-1
212,75,140,226,31,25,-1,-1,-1
212,78,257,164,25,21,-1,-1,-1
212,86,402,260,57,46,-1,-1,-1
213,60,12,131,57,27,-1,-1,-1
213,75,140,226,32,25,-1,-1,-1
213,78,260,162,25,20,-1,-1,-1
213,86,410,254,55,45,-1,-1,-1
214,60,12,131,57,27,-1,-1,-1
214,75,140,226,32,25,-1,-1,-1
214,78,262,161,25,20,-1,-1,-1
214,86,416,252,55,44,-1,-1,-1
215,60,12,131,57,27,-1,-1,-1
215,79,308,139,25,19,-1,-1,-1
215,80,377,117,22,16,-1,-1,-1
215,81,500,209,50,28,-1,-1,-1
215,85,262,113,34,22,-1,-1,-1
215,86,418,250,55,43,-1,-1,-1
216,60,12,131,57,27,-1,-1,-1
216,79,308,139,25,19,-1,-1,-1
216,80,377,117,22,16,-1,-1,-1
216,81,500,209,50,28,-1,-1,-1
216,85,262,113,34,22,-1,-1,-1
216,86,418,250,55,43,-1,-1,-1
217,60,12,131,57,27,-1,-1,-1
217,79,308,139,25,19,-1,-1,-1
217,80,377,117,22,16,-1,-1,-1
217,81,500,209,50,28,-1,-1,-1
217,85,262,113,34,22,-1,-1,-1
217,86,418,250,55,43,-1,-1,-1
218,60,12,131,57,27,-1,-1,-1
218,79,308,139,25,19,-1,-1,-1
218,80,377,117,22,16,-1,-1,-1
218,81,500,209,50,28,-1,-1,-1
218,85,262,113,34,22,-1,-1,-1
218,86,417,250,55,43,-1,-1,-1
219,60,12,131,57,27,-1,-1,-1
219,79,308,139,25,19,-1,-1,-1
219,80,377,117,22,16,-1,-1,-1
219,81,500,209,50,28,-1,-1,-1
219,85,262,113,34,22,-1,-1,-1
219,86,416,250,55,43,-1,-1,-1
220,60,12,131,57,27,-1,-1,-1
220,79,308,139,25,19,-1,-1,-1
220,80,377,117,22,16,-1,-1,-1
220,81,500,209,50,28,-1,-1,-1
220,85,262,113,34,22,-1,-1,-1
220,86,415,250,56,43,-1,-1,-1
221,60,12,131,57,27,-1,-1,-1
221,79,308,138,25,19,-1,-1,-1
221,80,377,117,22,16,-1,-1,-1
221,81,500,209,50,28,-1,-1,-1
221,85,261,113,34,22,-1,-1,-1
221,86,414,251,56,43,-1,-1,-1
222,60,11,131,57,27,-1,-1,-1
222,79,310,138,24,18,-1,-1,-1
222,80,377,117,22,16,-1,-1,-1
222,81,502,208,49,28,-1,-1,-1
222,85,260,112,35,22,-1,-1,-1
222,86,412,251,56,43,-1,-1,-1
223,60,10,131,55,26,-1,-1,-1
223,79,311,138,24,18,-1,-1,-1
223,80,377,117,22,16,-1,-1,-1
223,81,507,207,47,27,-1,-1,-1
223,85,258,112,35,22,-1,-1,-1
223,86,411,251,56,43,-1,-1,-1
224,60,8,131,53,26,-1,-1,-1
224,79,312,137,24,18,-1,-1,-1
224,81,510,206,46,27,-1,-1,-1
224,85,254,113,35,21,-1,-1,-1
224,86,410,252,56,43,-1,-1,-1
225,60,7,131,50,25,-1,-1,-1
225,81,513,205,45,27,-1,-1,-1
225,82,454,92,24,15,-1,-1,-1
225,85,251,114,34,20,-1,-1,-1
225,86,408,252,56,43,-1,-1,-1
226,60,6,132,49,26,-1,-1,-1
226,82,453,92,24,14,-1,-1,-1
226,85,247,114,33,19,-1,-1,-1
226,86,407,253,57,44,-1,-1,-1
227,60,5,132,49,26,-1,-1,-1
227,82,453,92,24,14,-1,-1,-1
227,85,242,116,32,18,-1,-1,-1
227,86,405,253,57,44,-1,-1,-1
228,60,5,132,49,26,-1,-1,-1
228,82,453,92,24,14,-1,-1,-1
228,85,238,118,31,17,-1,-1,-1
228,86,404,254,57,44,-1,-1,-1
229,85,233,120,30,16,-1,-1,-1
229,86,403,254,57,44,-1,-1,-1
230,85,229,121,29,16,-1,-1,-1
230,86,401,254,57,44,-1,-1,-1
231,85,224,122,29,15,-1,-1,-1
231,86,400,255,57,44,-1,-1,-1
232,85,218,124,29,15,-1,-1,-1
232,86,398,255,58,44,-1,-1,-1
233,85,213,125,29,15,-1,-1,-1
233,86,397,256,58,44,-1,-1,-1
234,85,210,126,30,16,-1,-1,-1
234,86,396,256,58,44,-1,-1,-1
235,85,209,128,30,17,-1,-1,-1
235,86,394,257,58,44,-1,-1,-1
236,85,211,129,29,18,-1,-1,-1
236,86,393,257,58,44,-1,-1,-1
237,83,379,113,24,15,-1,-1,-1
237,84,452,98,25,12,-1,-1,-1
237,85,212,130,29,19,-1,-1,-1
237,86,392,257,58,44,-1,-1,-1
237,87,277,103,24,16,-1,-1,-1
237,92,363,100,21,15,-1,-1,-1
237,94,127,142,35,23,-1,-1,-1
238,83,379,113,24,15,-1,-1,-1
238,84,452,98,25,12,-1,-1,-1
238,85,213,130,29,19,-1,-1,-1
238,86,392,257,58,44,-1,-1,-1
238,87,277,103,24,16,-1,-1,-1
238,92,362,100,21,15,-1,-1,-1
238,94,127,142,35,23,-1,-1,-1
239,83,379,113,24,15,-1,-1,-1
239,84,452,98,25,12,-1,-1,-1
239,85,213,130,29,19,-1,-1,-1
239,86,392,257,58,44,-1,-1,-1
239,87,277,103,24,16,-1,-1,-1
239,92,362,100,21,15,-1,-1,-1
239,94,127,142,35,23,-1,-1,-1
240,83,379,113,24,15,-1,-1,-1
240,84,452,98,25,12,-1,-1,-1
240,85,213,130,29,19,-1,-1,-1
240,86,392,257,58,44,-1,-1,-1
240,87,277,103,24,16,-1,-1,-1
240,92,362,100,21,15,-1,-1,-1
240,94,127,142,35,23,-1,-1,-1
241,83,379,113,24,15,-1,-1,-1
241,84,452,98,25,12,-1,-1,-1
241,85,213,130,29,19,-1,-1,-1
241,86,392,257,58,44,-1,-1,-1
241,87,277,103,24,16,-1,-1,-1
241,92,362,100,21,15,-1,-1,-1
241,94,127,142,35,23,-1,-1,-1
242,83,379,113,24,15,-1,-1,-1
242,84,452,98,25,12,-1,-1,-1
242,85,213,130,29,19,-1,-1,-1
242,86,392,257,58,44,-1,-1,-1
242,87,277,103,24,16,-1,-1,-1
242,92,362,100,21,15,-1,-1,-1
242,94,127,142,35,23,-1,-1,-1
243,83,379,113,24,15,-1,-1,-1
243,84,452,97,24,12,-1,-1,-1
243,85,212,131,29,19,-1,-1,-1
243,86,394,257,57,44,-1,-1,-1
243,87,276,103,23,15,-1,-1,-1
243,92,362,100,21,15,-1,-1,-1
243,94,127,142,35,23,-1,-1,-1
244,83,379,113,24,15,-1,-1,-1
244,84,452,97,24,12,-1,-1,-1
244,85,208,133,29,19,-1,-1,-1
244,86,398,255,55,43,-1,-1,-1
244,87,274,103,23,15,-1,-1,-1
244,92,362,100,21,15,-1,-1,-1
244,94,127,142,35,23,-1,-1,-1
245,84,453,97,24,12,-1,-1,-1
245,85,203,135,30,19,-1,-1,-1
245,86,406,251,53,42,-1,-1,-1
245,87,271,104,23,15,-1,-1,-1
245,88,237,122,25,16,-1,-1,-1
245,94,127,142,35,23,-1,-1,-1
246,85,196,137,30,19,-1,-1,-1
246,86,416,246,51,39,-1,-1,-1
246,87,267,105,22,15,-1,-1,-1
246,88,233,123,24,16,-1,-1,-1
246,94,127,142,35,23,-1,-1,-1
247,85,188,140,31,20,-1,-1,-1
247,86,425,241,49,37,-1,-1,-1
247,87,263,105,22,15,-1,-1,-1
247,88,230,124,24,17,-1,-1,-1
247,94,127,142,36,24,-1,-1,-1
248,85,178,142,32,20,-1,-1,-1
248,86,435,237,48,34,-1,-1,-1
248,87,259,105,22,16,-1,-1,-1
248,88,225,126,24,17,-1,-1,-1
248,94,127,142,36,24,-1,-1,-1
249,85,168,144,33,21,-1,-1,-1
249,86,439,235,48,33,-1,-1,-1
249,87,255,105,22,16,-1,-1,-1
249,88,223,127,24,17,-1,-1,-1
249,94,128,142,37,24,-1,-1,-1
250,85,157,147,34,21,-1,-1,-1
250,86,443,234,47,32,-1,-1,-1
250,87,253,105,22,17,-1,-1,-1
250,88,221,128,24,17,-1,-1,-1
250,94,128,142,37,25,-1,-1,-1
251,85,146,149,36,22,-1,-1,-1
251,87,252,106,22,16,-1,-1,-1
251,94,128,142,37,25,-1,-1,-1
252,85,135,152,38,22,-1,-1,-1
252,94,128,142,38,26,-1,-1,-1
253,85,123,154,40,22,-1,-1,-1
253,94,129,142,38,26,-1,-1,-1
254,85,116,156,41,22,-1,-1,-1
254,94,129,142,39,26,-1,-1,-1
255,85,112,156,42,23,-1,-1,-1
255,94,129,142,39,27,-1,-1,-1
256,94,129,142,39,27,-1,-1,-1
257,89,17,181,52,24,-1,-1,-1
257,90,141,156,114,88,-1,-1,-1
257,91,35,347,74,50,-1,-1,-1
257,94,130,142,40,27,-1,-1,-1
257,97,206,123,33,27,-1,-1,-1
258,89,17,181,52,24,-1,-1,-1
258,90,141,156,114,88,-1,-1,-1
258,91,35,347,74,50,-1,-1,-1
258,94,130,142,40,28,-1,-1,-1
258,97,206,123,33,27,-1,-1,-1
259,89,17,181,52,24,-1,-1,-1
259,90,141,156,114,88,-1,-1,-1
259,91,35,347,74,50,-1,-1,-1
259,94,130,142,41,28,-1,-1,-1
259,97,206,123,33,27,-1,-1,-1
260,89,17,181,52,24,-1,-1,-1
260,90,141,156,114,88,-1,-1,-1
260,91,35,347,74,50,-1,-1,-1
260,94,130,142,41,29,-1,-1,-1
260,97,206,123,33,27,-1,-1,-1
261,89,17,181,52,24,-1,-1,-1
261,90,141,156,114,88,-1,-1,-1
261,91,35,347,74,50,-1,-1,-1
261,94,131,142,42,29,-1,-1,-1
261,97,206,123,33,27,-1,-1,-1
262,89,17,181,52,24,-1,-1,-1
262,90,141,156,114,88,-1,-1,-1
262,91,35,347,74,50,-1,-1,-1
262,94,131,142,42,29,-1,-1,-1
262,97,206,123,33,27,-1,-1,-1
263,89,17,181,52,24,-1,-1,-1
263,90,141,156,114,88,-1,-1,-1
263,91,35,347,74,50,-1,-1,-1
263,94,131,142,42,30,-1,-1,-1
263,97,206,123,33,27,-1,-1,-1
264,89,17,181,52,24,-1,-1,-1
264,90,142,155,114,87,-1,-1,-1
264,91,35,347,74,50,-1,-1,-1
264,94,131,142,43,30,-1,-1,-1
264,97,205,123,33,27,-1,-1,-1
265,89,17,181,52,24,-1,-1,-1
265,90,147,154,109,86,-1,-1,-1
265,91,35,347,74,50,-1,-1,-1
265,94,132,142,43,30,-1,-1,-1
265,97,202,124,34,27,-1,-1,-1
266,90,155,152,104,83,-1,-1,-1
266,94,132,142,44,31,-1,-1,-1
266,97,197,125,35,28,-1,-1,-1
267,90,165,150,97,80,-1,-1,-1
267,94,132,142,44,31,-1,-1,-1
267,97,191,127,35,29,-1,-1,-1
268,90,177,147,88,77,-1,-1,-1
268,93,7,130,58,31,-1,-1,-1
268,94,132,142,44,32,-1,-1,-1
268,97,184,128,35,31,-1,-1,-1
269,90,188,146,78,72,-1,-1,-1
269,93,7,130,55,31,-1,-1,-1
269,94,133,142,45,32,-1,-1,-1
269,97,179,130,35,31,-1,-1,-1
270,90,199,144,71,67,-1,-1,-1
270,93,7,130,54,30,-1,-1,-1
270,94,133,142,45,32,-1,-1,-1
270,97,175,131,35,31,-1,-1,-1
271,90,209,143,68,62,-1,-1,-1
271,93,7,130,54,29,-1,-1,-1
271,94,133,142,46,33,-1,-1,-1
271,97,173,132,35,31,-1,-1,-1
272,90,220,139,66,60,-1,-1,-1
272,93,6,129,55,28,-1,-1,-1
272,94,131,143,46,32,-1,-1,-1
272,97,172,132,34,30,-1,-1,-1
273,90,230,135,65,59,-1,-1,-1
273,93,6,129,55,28,-1,-1,-1
273,94,125,145,46,30,-1,-1,-1
273,97,171,133,34,29,-1,-1,-1
274,90,239,131,64,58,-1,-1,-1
274,93,6,129,56,27,-1,-1,-1
274,94,115,150,46,28,-1,-1,-1
274,97,171,133,33,28,-1,-1,-1
275,90,247,129,61,56,-1,-1,-1
275,94,103,155,47,26,-1,-1,-1
275,97,171,134,32,27,-1,-1,-1
276,90,254,128,59,53,-1,-1,-1
276,94,90,160,46,25,-1,-1,-1
276,97,171,134,32,26,-1,-1,-1
277,90,258,128,56,51,-1,-1,-1
277,94,82,163,47,25,-1,-1,-1
277,97,171,135,31,25,-1,-1,-1
278,90,261,127,57,51,-1,-1,-1
278,94,77,165,46,24,-1,-1,-1
278,97,171,135,31,24,-1,-1,-1
279,97,171,136,30,23,-1,-1,-1
280,95,9,303,68,54,-1,-1,-1
280,96,310,155,30,22,-1,-1,-1
280,97,171,136,30,22,-1,-1,-1
281,95,9,303,68,54,-1,-1,-1
281,96,310,155,30,22,-1,-1,-1
281,97,171,136,30,22,-1,-1,-1
282,95,9,303,68,54,-1,-1,-1
282,96,310,155,30,22,-1,-1,-1
282,97,171,136,30,22,-1,-1,-1
283,95,9,303,68,54,-1,-1,-1
283,96,310,155,30,22,-1,-1,-1
283,97,171,136,30,22,-1,-1,-1
284,95,9,303,68,54,-1,-1,-1
284,96,310,155,30,22,-1,-1,-1
284,97,171,136,30,22,-1,-1,-1
285,95,10,302,68,53,-1,-1,-1
285,96,310,154,30,22,-1,-1,-1
285,97,169,137,30,22,-1,-1,-1
286,95,10,301,69,52,-1,-1,-1
286,96,311,153,29,21,-1,-1,-1
286,97,165,137,31,22,-1,-1,-1
287,95,11,301,70,52,-1,-1,-1
287,96,312,153,29,21,-1,-1,-1
287,97,160,137,33,23,-1,-1,-1
288,96,313,152,28,21,-1,-1,-1
288,97,153,138,35,24,-1,-1,-1
289,97,144,139,37,24,-1,-1,-1
290,97,134,140,39,24,-1,-1,-1
291,97,128,141,40,24,-1,-1,-1
291,98,299,350,71,51,-1,-1,-1
292,97,124,141,41,24,-1,-1,-1
292,98,307,343,71,52,-1,-1,-1
293,98,316,336,68,52,-1,-1,-1
293,99,254,102,29,21,-1,-1,-1
294,98,328,327,65,50,-1,-1,-1
294,99,253,103,29,21,-1,-1,-1
295,98,339,315,63,50,-1,-1,-1
295,99,252,103,29,21,-1,-1,-1
296,98,348,305,62,49,-1,-1,-1
296,99,252,104,28,21,-1,-1,-1
297,98,359,295,60,48,-1,-1,-1
298,98,368,287,60,47,-1,-1,-1
299,98,374,283,59,46,-1,-1,-1
300,98,377,280,59,46,-1,-1,-1
302,100,302,147,21,18,-1,-1,-1
302,101,219,169,26,19,-1,-1,-1
302,103,462,231,48,30,-1,-1,-1
303,100,302,147,21,18,-1,-1,-1
303,101,219,169,26,19,-1,-1,-1
303,103,462,231,48,30,-1,-1,-1
304,100,302,147,21,18,-1,-1,-1
304,101,219,169,26,19,-1,-1,-1
304,103,462,231,48,30,-1,-1,-1
305,100,302,147,21,18,-1,-1,-1
305,101,219,169,26,19,-1,-1,-1
305,103,462,231,48,30,-1,-1,-1
306,100,302,147,21,18,-1,-1,-1
306,101,219,169,26,19,-1,-1,-1
306,103,462,231,48,30,-1,-1,-1
307,100,302,147,21,18,-1,-1,-1
307,101,220,168,26,18,-1,-1,-1
307,103,463,230,47,29,-1,-1,-1
308,100,302,147,21,18,-1,-1,-1
308,101,223,166,26,18,-1,-1,-1
308,103,467,228,45,29,-1,-1,-1
309,101,229,163,26,18,-1,-1,-1
309,103,473,226,43,28,-1,-1,-1
310,101,234,159,26,18,-1,-1,-1
310,103,479,223,41,27,-1,-1,-1
311,101,241,156,26,17,-1,-1,-1
311,103,485,220,41,25,-1,-1,-1
312,101,248,154,26,17,-1,-1,-1
312,103,492,217,40,24,-1,-1,-1
313,101,255,151,25,16,-1,-1,-1
313,103,498,214,40,23,-1,-1,-1
314,101,261,148,25,16,-1,-1,-1
314,103,505,210,40,23,-1,-1,-1
315,101,268,145,26,17,-1,-1,-1
315,103,513,207,39,23,-1,-1,-1
316,101,274,143,26,17,-1,-1,-1
316,103,519,204,38,22,-1,-1,-1
317,101,279,140,26,17,-1,-1,-1
317,103,527,202,37,21,-1,-1,-1
318,101,285,138,25,16,-1,-1,-1
318,103,533,200,37,21,-1,-1,-1
319,101,291,136,25,16,-1,-1,-1
319,103,541,198,36,20,-1,-1,-1
320,101,296,134,24,16,-1,-1,-1
320,103,548,195,34,20,-1,-1,-1
321,101,298,132,25,16,-1,-1,-1
321,103,556,193,33,19,-1,-1,-1
322,101,300,131,25,16,-1,-1,-1
322,103,563,192,32,18,-1,-1,-1
323,103,570,190,33,18,-1,-1,-1
324,103,576,188,33,18,-1,-1,-1
325,103,583,186,34,18,-1,-1,-1
326,103,590,184,35,18,-1,-1,-1
327,103,596,182,36,18,-1,-1,-1
328,103,603,180,37,19,-1,-1,-1
328,111,392,266,54,42,-1,-1,-1
329,103,609,178,38,19,-1,-1,-1
329,111,394,264,52,42,-1,-1,-1
330,103,616,177,38,19,-1,-1,-1
330,111,396,263,51,41,-1,-1,-1
331,102,417,250,50,38,-1,-1,-1
331,103,622,175,39,19,-1,-1,-1
331,111,399,261,51,41,-1,-1,-1
332,102,424,246,49,37,-1,-1,-1
332,103,629,175,40,20,-1,-1,-1
332,111,401,259,50,40,-1,-1,-1
333,102,430,243,48,36,-1,-1,-1
333,103,634,173,41,20,-1,-1,-1
333,111,404,257,50,40,-1,-1,-1
334,102,437,239,48,35,-1,-1,-1
334,103,640,172,42,21,-1,-1,-1
334,111,407,255,49,39,-1,-1,-1
335,102,446,235,47,34,-1,-1,-1
335,103,642,172,42,20,-1,-1,-1
335,111,410,253,49,38,-1,-1,-1
336,102,455,231,46,32,-1,-1,-1
336,103,644,171,42,20,-1,-1,-1
336,104,9,131,50,27,-1,-1,-1
336,111,412,250,48,38,-1,-1,-1
337,102,463,226,45,31,-1,-1,-1
337,104,9,131,50,27,-1,-1,-1
337,106,276,344,65,48,-1,-1,-1
337,111,415,248,48,37,-1,-1,-1
338,102,472,222,44,30,-1,-1,-1
338,104,9,131,50,27,-1,-1,-1
338,106,288,333,65,49,-1,-1,-1
338,111,418,246,48,36,-1,-1,-1
339,102,481,219,42,29,-1,-1,-1
339,106,299,323,63,49,-1,-1,-1
339,111,421,244,47,36,-1,-1,-1
340,102,490,216,40,27,-1,-1,-1
340,106,312,312,61,48,-1,-1,-1
340,111,424,242,47,35,-1,-1,-1
341,102,498,213,40,26,-1,-1,-1
341,106,326,301,58,47,-1,-1,-1
341,111,427,240,47,34,-1,-1,-1
342,102,507,210,39,25,-1,-1,-1
342,106,340,291,56,44,-1,-1,-1
342,111,429,237,46,34,-1,-1,-1
343,102,514,206,39,24,-1,-1,-1
343,106,355,280,53,43,-1,-1,-1
343,111,432,235,46,33,-1,-1,-1
344,102,523,204,39,24,-1,-1,-1
344,106,367,271,51,40,-1,-1,-1
344,111,435,233,46,32,-1,-1,-1
345,102,527,202,39,23,-1,-1,-1
345,106,374,267,50,40,-1,-1,-1
345,111,438,231,45,32,-1,-1,-1
346,102,529,202,38,23,-1,-1,-1
346,106,378,265,50,39,-1,-1,-1
346,111,440,229,45,31,-1,-1,-1
347,105,248,363,64,39,-1,-1,-1
347,107,181,199,48,35,-1,-1,-1
347,108,576,189,34,20,-1,-1,-1
347,110,182,137,32,25,-1,-1,-1
347,111,442,228,45,31,-1,-1,-1
347,114,251,164,27,24,-1,-1,-1
348,105,248,362,64,39,-1,-1,-1
348,107,181,199,48,35,-1,-1,-1
348,108,576,189,34,20,-1,-1,-1
348,110,182,137,32,25,-1,-1,-1
348,111,442,227,45,31,-1,-1,-1
348,114,251,164,27,24,-1,-1,-1
349,105,248,362,64,39,-1,-1,-1
349,107,181,198,47,34,-1,-1,-1
349,108,576,188,34,20,-1,-1,-1
349,110,181,137,32,25,-1,-1,-1
349,111,443,227,44,30,-1,-1,-1
349,114,251,164,26,23,-1,-1,-1
350,105,248,362,64,39,-1,-1,-1
350,107,182,198,47,34,-1,-1,-1
350,108,576,188,34,20,-1,-1,-1
350,110,179,137,32,24,-1,-1,-1
350,111,446,226,43,30,-1,-1,-1
350,114,253,163,26,23,-1,-1,-1
351,107,183,198,47,34,-1,-1,-1
351,108,576,188,34,20,-1,-1,-1
351,110,175,138,33,24,-1,-1,-1
351,111,451,223,41,30,-1,-1,-1
351,114,257,161,26,22,-1,-1,-1
352,109,452,112,21,21,-1,-1,-1
352,110,168,140,34,23,-1,-1,-1
352,111,457,221,40,28,-1,-1,-1
352,114,263,158,26,21,-1,-1,-1
353,109,452,112,22,21,-1,-1,-1
353,110,160,142,34,22,-1,-1,-1
353,111,465,218,39,27,-1,-1,-1
353,113,228,179,35,28,-1,-1,-1
353,114,270,156,25,21,-1,-1,-1
354,109,452,112,22,22,-1,-1,-1
354,110,151,146,34,21,-1,-1,-1
354,111,473,215,38,25,-1,-1,-1
354,113,236,175,34,26,-1,-1,-1
354,114,276,153,24,20,-1,-1,-1
355,109,452,112,22,22,-1,-1,-1
355,110,140,149,35,21,-1,-1,-1
355,111,483,212,37,24,-1,-1,-1
355,113,244,172,33,26,-1,-1,-1
355,114,283,150,24,20,-1,-1,-1
356,110,128,152,38,21,-1,-1,-1
356,111,491,209,36,23,-1,-1,-1
356,113,253,167,31,25,-1,-1,-1
356,114,290,147,23,19,-1,-1,-1
357,110,116,155,39,22,-1,-1,-1
357,111,500,205,36,23,-1,-1,-1
357,113,262,163,29,24,-1,-1,-1
357,114,296,144,23,19,-1,-1,-1
357,152,353,275,56,46,-1,-1,-1
358,110,104,159,40,22,-1,-1,-1
358,111,508,202,36,22,-1,-1,-1
358,113,269,160,28,23,-1,-1,-1
358,114,300,142,22,18,-1,-1,-1
358,152,360,270,54,45,-1,-1,-1
359,110,95,162,41,22,-1,-1,-1
359,111,515,201,35,22,-1,-1,-1
359,112,123,224,61,45,-1,-1,-1
359,113,275,158,26,22,-1,-1,-1
359,114,304,141,21,17,-1,-1,-1
359,136,639,174,35,21,-1,-1,-1
359,152,363,267,54,44,-1,-1,-1
360,110,89,164,42,22,-1,-1,-1
360,111,519,200,35,22,-1,-1,-1
360,112,126,223,61,45,-1,-1,-1
360,113,278,156,26,21,-1,-1,-1
360,114,306,140,21,17,-1,-1,-1
360,136,639,174,35,21,-1,-1,-1
360,152,366,265,53,43,-1,-1,-1
361,110,86,165,42,23,-1,-1,-1
361,111,521,199,35,22,-1,-1,-1
361,112,126,223,61,45,-1,-1,-1
361,113,280,155,25,21,-1,-1,-1
361,114,307,139,21,17,-1,-1,-1
361,136,639,174,35,21,-1,-1,-1
361,152,368,264,53,43,-1,-1,-1
362,110,85,165,42,23,-1,-1,-1
362,111,522,199,35,22,-1,-1,-1
362,112,127,223,61,45,-1,-1,-1
362,113,281,155,25,21,-1,-1,-1
362,114,308,139,21,17,-1,-1,-1
362,136,639,174,35,21,-1,-1,-1
362,152,368,263,53,43,-1,-1,-1
363,110,84,165,42,23,-1,-1,-1
363,111,523,199,35,22,-1,-1,-1
363,112,127,223,61,45,-1,-1,-1
363,113,282,155,25,21,-1,-1,-1
363,114,308,139,21,17,-1,-1,-1
363,136,639,174,35,21,-1,-1,-1
363,152,369,263,53,43,-1,-1,-1
364,110,83,165,42,23,-1,-1,-1
364,111,523,199,35,22,-1,-1,-1
364,112,127,223,61,45,-1,-1,-1
364,113,282,155,25,21,-1,-1,-1
364,114,308,139,21,17,-1,-1,-1
364,136,639,174,35,21,-1,-1,-1
364,152,369,263,52,43,-1,-1,-1
365,110,83,165,42,23,-1,-1,-1
365,111,523,199,35,22,-1,-1,-1
365,112,127,223,61,45,-1,-1,-1
365,113,282,155,25,21,-1,-1,-1
365,114,308,139,21,17,-1,-1,-1
365,136,639,174,35,21,-1,-1,-1
365,152,369,263,52,43,-1,-1,-1
366,110,83,165,42,23,-1,-1,-1
366,111,523,199,35,22,-1,-1,-1
366,112,127,223,61,45,-1,-1,-1
366,113,282,155,25,21,-1,-1,-1
366,114,308,139,21,17,-1,-1,-1
366,136,639,174,35,21,-1,-1,-1
366,152,369,263,52,43,-1,-1,-1
367,110,83,165,42,23,-1,-1,-1
367,111,523,199,35,22,-1,-1,-1
367,112,127,223,61,45,-1,-1,-1
367,113,282,155,25,21,-1,-1,-1
367,114,308,139,21,17,-1,-1,-1
367,136,639,174,35,21,-1,-1,-1
367,152,369,263,52,43,-1,-1,-1
368,110,83,165,42,23,-1,-1,-1
368,111,523,199,35,22,-1,-1,-1
368,112,127,223,61,45,-1,-1,-1
368,113,282,155,25,21,-1,-1,-1
368,114,308,139,21,17,-1,-1,-1
368,136,639,174,35,21,-1,-1,-1
368,152,369,263,52,43,-1,-1,-1
369,110,83,165,42,23,-1,-1,-1
369,111,523,199,35,22,-1,-1,-1
369,112,127,223,61,45,-1,-1,-1
369,113,282,155,25,21,-1,-1,-1
369,114,308,139,21,17,-1,-1,-1
369,136,639,174,35,21,-1,-1,-1
369,152,369,263,52,43,-1,-1,-1
370,110,83,165,42,23,-1,-1,-1
370,111,523,199,35,22,-1,-1,-1
370,112,127,223,61,45,-1,-1,-1
370,113,282,155,25,21,-1,-1,-1
370,114,308,139,21,17,-1,-1,-1
370,136,639,174,35,21,-1,-1,-1
370,152,369,263,52,43,-1,-1,-1
371,110,83,165,42,23,-1,-1,-1
371,111,523,199,35,22,-1,-1,-1
371,112,127,223,61,45,-1,-1,-1
371,113,282,155,25,21,-1,-1,-1
371,114,308,139,21,17,-1,-1,-1
371,136,639,174,35,21,-1,-1,-1
371,152,369,263,52,43,-1,-1,-1
372,110,83,165,42,23,-1,-1,-1
372,111,523,199,35,22,-1,-1,-1
372,112,127,223,61,45,-1,-1,-1
372,113,282,155,25,21,-1,-1,-1
372,114,308,139,21,17,-1,-1,-1
372,136,639,174,35,21,-1,-1,-1
372,152,369,263,52,43,-1,-1,-1
373,110,83,165,42,23,-1,-1,-1
373,111,523,199,35,22,-1,-1,-1
373,112,127,223,61,45,-1,-1,-1
373,113,282,155,25,21,-1,-1,-1
373,114,308,139,21,17,-1,-1,-1
373,136,639,174,35,21,-1,-1,-1
373,152,369,263,52,43,-1,-1,-1
374,110,83,165,42,23,-1,-1,-1
374,111,523,199,35,22,-1,-1,-1
374,112,127,223,61,45,-1,-1,-1
374,113,282,155,25,21,-1,-1,-1
374,114,308,139,21,17,-1,-1,-1
374,136,639,174,35,21,-1,-1,-1
374,152,369,263,52,43,-1,-1,-1
375,110,83,165,42,23,-1,-1,-1
375,111,523,199,35,22,-1,-1,-1
375,112,127,223,61,45,-1,-1,-1
375,113,282,155,25,21,-1,-1,-1
375,114,308,139,21,17,-1,-1,-1
375,136,639,174,35,21,-1,-1,-1
375,152,369,263,52,43,-1,-1,-1
376,110,83,165,42,23,-1,-1,-1
376,111,523,199,35,22,-1,-1,-1
376,112,127,223,61,45,-1,-1,-1
376,113,282,155,25,21,-1,-1,-1
376,114,308,139,21,17,-1,-1,-1
376,136,639,174,35,21,-1,-1,-1
376,152,369,263,52,43,-1,-1,-1
377,110,83,165,42,23,-1,-1,-1
377,111,523,199,35,22,-1,-1,-1
377,112,127,223,61,45,-1,-1,-1
377,113,282,155,25,21,-1,-1,-1
377,114,308,139,21,17,-1,-1,-1
377,136,639,174,35,21,-1,-1,-1
377,152,369,263,52,43,-1,-1,-1
378,110,83,165,42,23,-1,-1,-1
378,111,523,199,35,22,-1,-1,-1
378,112,127,223,61,45,-1,-1,-1
378,113,282,155,25,21,-1,-1,-1
378,114,308,139,21,17,-1,-1,-1
378,136,639,174,35,21,-1,-1,-1
378,152,369,263,52,43,-1,-1,-1
379,110,83,166,42,23,-1,-1,-1
379,111,523,199,35,22,-1,-1,-1
379,112,127,223,60,45,-1,-1,-1
379,113,282,155,25,21,-1,-1,-1
379,114,308,139,21,17,-1,-1,-1
379,136,639,174,35,21,-1,-1,-1
379,152,369,263,52,43,-1,-1,-1
380,110,83,166,42,23,-1,-1,-1
380,111,524,198,35,22,-1,-1,-1
380,112,129,222,60,44,-1,-1,-1
380,113,283,154,25,20,-1,-1,-1
380,114,309,138,21,17,-1,-1,-1
380,136,640,174,35,21,-1,-1,-1
380,152,369,263,52,43,-1,-1,-1
381,110,83,166,42,23,-1,-1,-1
381,111,524,198,36,22,-1,-1,-1
381,112,130,221,60,44,-1,-1,-1
381,113,284,154,25,20,-1,-1,-1
381,114,309,138,21,17,-1,-1,-1
381,136,642,173,35,21,-1,-1,-1
381,152,369,263,53,43,-1,-1,-1
382,111,521,197,37,23,-1,-1,-1
382,112,131,221,59,43,-1,-1,-1
382,113,284,154,25,20,-1,-1,-1
382,114,309,138,21,17,-1,-1,-1
382,136,643,173,35,21,-1,-1,-1
382,152,368,264,53,43,-1,-1,-1
383,111,515,198,40,25,-1,-1,-1
383,114,309,137,21,17,-1,-1,-1
383,136,644,173,35,20,-1,-1,-1
383,152,367,265,53,43,-1,-1,-1
384,111,509,198,43,27,-1,-1,-1
384,114,309,137,21,17,-1,-1,-1
384,120,298,150,23,21,-1,-1,-1
384,152,366,266,54,43,-1,-1,-1
385,111,505,198,44,28,-1,-1,-1
385,114,308,137,21,17,-1,-1,-1
385,115,147,269,62,51,-1,-1,-1
385,116,256,350,89,51,-1,-1,-1
385,117,185,184,34,26,-1,-1,-1
385,118,447,96,24,18,-1,-1,-1
385,119,356,126,22,16,-1,-1,-1
385,120,298,150,23,21,-1,-1,-1
385,121,10,130,59,29,-1,-1,-1
385,152,364,267,54,43,-1,-1,-1
386,111,503,198,45,29,-1,-1,-1
386,114,308,137,21,17,-1,-1,-1
386,115,147,269,62,51,-1,-1,-1
386,116,256,350,89,51,-1,-1,-1
386,117,185,184,34,26,-1,-1,-1
386,118,447,96,24,18,-1,-1,-1
386,119,356,125,22,16,-1,-1,-1
386,120,298,150,23,21,-1,-1,-1
386,121,10,130,59,29,-1,-1,-1
386,152,363,268,55,44,-1,-1,-1
387,111,502,198,46,29,-1,-1,-1
387,114,308,136,21,17,-1,-1,-1
387,115,147,269,62,51,-1,-1,-1
387,116,256,350,89,51,-1,-1,-1
387,117,185,184,34,26,-1,-1,-1
387,118,447,96,24,18,-1,-1,-1
387,119,356,125,22,16,-1,-1,-1
387,120,298,150,23,21,-1,-1,-1
387,121,10,130,59,29,-1,-1,-1
387,152,362,269,55,44,-1,-1,-1
388,111,501,198,46,29,-1,-1,-1
388,114,308,136,21,17,-1,-1,-1
388,115,147,269,62,51,-1,-1,-1
388,116,256,350,89,51,-1,-1,-1
388,117,185,184,34,26,-1,-1,-1
388,118,447,96,24,18,-1,-1,-1
388,119,356,125,22,16,-1,-1,-1
388,120,298,150,23,21,-1,-1,-1
388,121,10,130,59,29,-1,-1,-1
388,152,361,270,56,44,-1,-1,-1
389,111,501,198,46,29,-1,-1,-1
389,114,307,136,21,17,-1,-1,-1
389,115,147,269,62,51,-1,-1,-1
389,116,256,350,89,51,-1,-1,-1
389,117,185,184,34,26,-1,-1,-1
389,118,447,96,24,18,-1,-1,-1
389,119,356,125,22,16,-1,-1,-1
389,120,298,150,23,21,-1,-1,-1
389,121,10,130,59,29,-1,-1,-1
389,152,359,271,56,44,-1,-1,-1
390,111,501,198,46,29,-1,-1,-1
390,114,307,136,21,17,-1,-1,-1
390,115,147,269,62,51,-1,-1,-1
390,116,256,350,89,51,-1,-1,-1
390,117,185,184,34,26,-1,-1,-1
390,118,447,96,24,18,-1,-1,-1
390,119,356,125,22,16,-1,-1,-1
390,120,298,150,23,21,-1,-1,-1
390,121,10,130,59,29,-1,-1,-1
390,152,358,272,57,45,-1,-1,-1
391,111,501,198,46,29,-1,-1,-1
391,114,307,135,21,17,-1,-1,-1
391,115,147,269,62,51,-1,-1,-1
391,116,256,350,89,51,-1,-1,-1
391,117,185,184,34,26,-1,-1,-1
391,118,447,96,24,18,-1,-1,-1
391,119,356,125,22,16,-1,-1,-1
391,120,298,150,23,21,-1,-1,-1
391,121,10,130,59,29,-1,-1,-1
391,152,357,273,57,45,-1,-1,-1
392,111,501,198,46,29,-1,-1,-1
392,114,306,135,21,17,-1,-1,-1
392,115,147,269,62,51,-1,-1,-1
392,116,256,350,89,51,-1,-1,-1
392,117,185,184,34,26,-1,-1,-1
392,118,447,96,24,18,-1,-1,-1
392,119,356,125,22,16,-1,-1,-1
392,120,298,150,23,21,-1,-1,-1
392,121,10,130,59,29,-1,-1,-1
392,152,356,274,58,45,-1,-1,-1
393,111,502,199,45,28,-1,-1,-1
393,114,306,135,21,17,-1,-1,-1
393,115,147,269,62,51,-1,-1,-1
393,116,256,350,89,51,-1,-1,-1
393,117,185,184,34,26,-1,-1,-1
393,118,447,96,24,18,-1,-1,-1
393,119,356,124,22,16,-1,-1,-1
393,120,298,149,23,21,-1,-1,-1
393,121,9,130,59,29,-1,-1,-1
393,152,354,275,58,45,-1,-1,-1
394,111,505,199,44,27,-1,-1,-1
394,114,306,135,21,17,-1,-1,-1
394,115,147,269,62,51,-1,-1,-1
394,116,256,350,89,51,-1,-1,-1
394,117,185,184,34,26,-1,-1,-1
394,118,447,96,24,18,-1,-1,-1
394,119,358,123,22,16,-1,-1,-1
394,120,300,147,23,21,-1,-1,-1
394,121,9,130,59,29,-1,-1,-1
394,152,353,276,59,45,-1,-1,-1
395,111,511,198,42,25,-1,-1,-1
395,114,305,135,21,17,-1,-1,-1
395,119,360,123,22,16,-1,-1,-1
395,120,303,146,24,20,-1,-1,-1
395,121,9,130,58,29,-1,-1,-1
395,133,286,331,79,56,-1,-1,-1
395,152,352,277,59,46,-1,-1,-1
396,111,519,197,41,24,-1,-1,-1
396,114,305,134,21,17,-1,-1,-1
396,119,363,122,22,16,-1,-1,-1
396,120,307,144,24,19,-1,-1,-1
396,121,10,130,57,29,-1,-1,-1
396,133,295,322,77,56,-1,-1,-1
396,152,351,278,60,46,-1,-1,-1
397,111,527,194,40,24,-1,-1,-1
397,114,305,134,21,17,-1,-1,-1
397,119,366,121,21,15,-1,-1,-1
397,120,312,142,24,19,-1,-1,-1
397,121,10,130,55,28,-1,-1,-1
397,133,305,315,74,53,-1,-1,-1
397,152,349,279,60,46,-1,-1,-1
398,111,535,192,40,24,-1,-1,-1
398,114,304,134,21,17,-1,-1,-1
398,119,367,121,21,15,-1,-1,-1
398,120,314,141,23,18,-1,-1,-1
398,121,10,130,54,27,-1,-1,-1
398,133,316,306,71,51,-1,-1,-1
398,152,348,280,61,46,-1,-1,-1
399,111,542,190,39,24,-1,-1,-1
399,114,304,134,21,17,-1,-1,-1
399,119,369,120,21,15,-1,-1,-1
399,120,316,140,23,18,-1,-1,-1
399,121,10,130,54,27,-1,-1,-1
399,122,128,168,120,95,-1,-1,-1
399,123,200,128,30,24,-1,-1,-1
399,133,329,297,68,48,-1,-1,-1
399,152,347,281,61,47,-1,-1,-1
400,111,550,188,41,24,-1,-1,-1
400,114,304,133,21,17,-1,-1,-1
400,121,10,130,54,27,-1,-1,-1
400,122,142,165,111,88,-1,-1,-1
400,123,195,129,31,24,-1,-1,-1
400,133,341,288,66,47,-1,-1,-1
400,152,346,282,61,47,-1,-1,-1
401,111,556,185,43,25,-1,-1,-1
401,114,304,133,21,17,-1,-1,-1
401,121,10,131,55,27,-1,-1,-1
401,122,150,163,106,85,-1,-1,-1
401,123,190,131,31,23,-1,-1,-1
401,133,347,283,65,47,-1,-1,-1
401,152,344,283,62,47,-1,-1,-1
402,111,563,183,45,26,-1,-1,-1
402,114,303,133,21,17,-1,-1,-1
402,121,10,131,55,27,-1,-1,-1
402,122,156,161,101,81,-1,-1,-1
402,123,186,133,32,22,-1,-1,-1
402,133,350,280,65,46,-1,-1,-1
402,152,343,284,62,47,-1,-1,-1
403,111,569,182,46,26,-1,-1,-1
403,114,303,133,21,17,-1,-1,-1
403,121,10,131,54,27,-1,-1,-1
403,122,160,160,99,79,-1,-1,-1
403,123,183,134,32,22,-1,-1,-1
403,124,277,178,35,30,-1,-1,-1
403,152,342,285,63,47,-1,-1,-1
404,111,576,180,46,26,-1,-1,-1
404,114,303,132,21,17,-1,-1,-1
404,121,10,131,55,28,-1,-1,-1
404,123,182,135,32,21,-1,-1,-1
404,124,279,176,34,29,-1,-1,-1
404,152,341,286,63,48,-1,-1,-1
405,111,583,180,46,26,-1,-1,-1
405,114,302,132,21,17,-1,-1,-1
405,121,9,131,55,28,-1,-1,-1
405,124,279,175,34,28,-1,-1,-1
405,152,339,287,64,48,-1,-1,-1
406,111,590,179,46,25,-1,-1,-1
406,114,302,132,21,17,-1,-1,-1
406,121,8,131,57,29,-1,-1,-1
406,152,338,288,64,48,-1,-1,-1
407,111,597,178,46,25,-1,-1,-1
407,114,302,132,21,17,-1,-1,-1
407,121,7,131,58,30,-1,-1,-1
407,125,348,306,62,47,-1,-1,-1
407,126,17,165,54,32,-1,-1,-1
407,127,63,227,54,34,-1,-1,-1
407,128,205,189,36,26,-1,-1,-1
407,129,308,126,32,35,-1,-1,-1
407,130,450,113,25,23,-1,-1,-1
407,131,273,121,23,17,-1,-1,-1
407,145,496,205,49,27,-1,-1,-1
407,152,337,289,65,48,-1,-1,-1
407,153,166,138,31,23,-1,-1,-1
408,111,604,178,46,24,-1,-1,-1
408,114,301,132,21,17,-1,-1,-1
408,121,7,131,58,30,-1,-1,-1
408,125,348,306,62,47,-1,-1,-1
408,126,17,165,54,32,-1,-1,-1
408,127,63,227,54,34,-1,-1,-1
408,128,205,189,36,26,-1,-1,-1
408,129,308,126,32,35,-1,-1,-1
408,130,450,113,25,23,-1,-1,-1
408,131,273,121,23,17,-1,-1,-1
408,145,496,205,49,27,-1,-1,-1
408,152,336,290,65,49,-1,-1,-1
408,153,166,138,31,23,-1,-1,-1
409,111,611,177,45,24,-1,-1,-1
409,114,301,131,21,17,-1,-1,-1
409,121,7,131,58,30,-1,-1,-1
409,125,348,306,62,47,-1,-1,-1
409,126,17,165,54,32,-1,-1,-1
409,127,63,227,54,34,-1,-1,-1
409,128,205,189,36,26,-1,-1,-1
409,129,308,126,32,35,-1,-1,-1
409,130,450,113,25,23,-1,-1,-1
409,131,273,121,23,17,-1,-1,-1
409,145,496,205,49,27,-1,-1,-1
409,152,334,291,66,49,-1,-1,-1
409,153,166,138,31,23,-1,-1,-1
410,111,619,177,45,23,-1,-1,-1
410,114,301,131,21,17,-1,-1,-1
410,121,7,131,58,30,-1,-1,-1
410,125,348,306,62,47,-1,-1,-1
410,126,17,165,54,32,-1,-1,-1
410,127,63,227,54,34,-1,-1,-1
410,128,205,189,36,26,-1,-1,-1
410,129,308,126,32,35,-1,-1,-1
410,130,450,113,25,23,-1,-1,-1
410,131,273,121,23,17,-1,-1,-1
410,145,496,205,49,27,-1,-1,-1
410,152,333,292,66,49,-1,-1,-1
410,153,166,138,31,23,-1,-1,-1
411,111,626,176,45,22,-1,-1,-1
411,114,300,131,21,17,-1,-1,-1
411,121,7,131,58,30,-1,-1,-1
411,125,348,306,62,47,-1,-1,-1
411,126,17,165,54,32,-1,-1,-1
411,127,63,227,54,34,-1,-1,-1
411,128,205,189,36,26,-1,-1,-1
411,129,308,126,32,35,-1,-1,-1
411,130,450,113,25,23,-1,-1,-1
411,131,273,121,23,17,-1,-1,-1
411,145,496,205,49,27,-1,-1,-1
411,152,332,293,67,49,-1,-1,-1
411,153,166,138,31,23,-1,-1,-1
412,111,633,175,44,22,-1,-1,-1
412,114,300,131,21,17,-1,-1,-1
412,121,7,131,58,30,-1,-1,-1
412,125,348,306,62,47,-1,-1,-1
412,126,17,165,54,32,-1,-1,-1
412,127,63,227,54,34,-1,-1,-1
412,128,205,189,36,26,-1,-1,-1
412,129,308,126,32,35,-1,-1,-1
412,130,450,113,25,23,-1,-1,-1
412,131,273,121,23,17,-1,-1,-1
412,145,496,205,49,27,-1,-1,-1
412,152,331,294,67,49,-1,-1,-1
412,153,166,138,31,23,-1,-1,-1
413,111,640,175,44,21,-1,-1,-1
413,114,300,130,21,17,-1,-1,-1
413,121,7,131,58,30,-1,-1,-1
413,125,348,306,62,47,-1,-1,-1
413,126,17,165,54,32,-1,-1,-1
413,127,63,227,54,34,-1,-1,-1
413,128,205,189,36,26,-1,-1,-1
413,129,308,126,32,35,-1,-1,-1
413,130,450,113,25,23,-1,-1,-1
413,131,273,121,23,17,-1,-1,-1
413,145,496,205,49,27,-1,-1,-1
413,152,329,295,68,50,-1,-1,-1
413,153,166,138,31,23,-1,-1,-1
414,111,647,174,44,20,-1,-1,-1
414,114,299,130,21,17,-1,-1,-1
414,121,7,131,59,32,-1,-1,-1
414,125,348,306,62,47,-1,-1,-1
414,126,17,165,54,32,-1,-1,-1
414,127,63,227,54,34,-1,-1,-1
414,128,205,189,36,26,-1,-1,-1
414,129,308,126,32,35,-1,-1,-1
414,130,450,113,25,23,-1,-1,-1
414,131,273,121,23,17,-1,-1,-1
414,145,495,205,48,27,-1,-1,-1
414,152,328,296,68,50,-1,-1,-1
414,153,165,138,31,22,-1,-1,-1
415,111,654,174,43,20,-1,-1,-1
415,114,299,130,21,17,-1,-1,-1
415,121,8,131,60,34,-1,-1,-1
415,125,348,306,62,47,-1,-1,-1
415,126,17,165,54,32,-1,-1,-1
415,127,63,227,54,34,-1,-1,-1
415,128,205,189,36,26,-1,-1,-1
415,129,308,126,32,35,-1,-1,-1
415,130,450,113,25,23,-1,-1,-1
415,131,273,121,23,17,-1,-1,-1
415,145,495,205,48,27,-1,-1,-1
415,152,327,297,69,50,-1,-1,-1
415,153,165,138,31,22,-1,-1,-1
416,111,660,173,43,19,-1,-1,-1
416,114,299,130,21,17,-1,-1,-1
416,121,8,131,62,37,-1,-1,-1
416,145,495,205,48,27,-1,-1,-1
416,152,326,298,69,50,-1,-1,-1
416,153,165,138,31,22,-1,-1,-1
417,111,664,173,43,19,-1,-1,-1
417,114,299,130,21,17,-1,-1,-1
417,121,9,131,63,39,-1,-1,-1
417,132,84,255,60,44,-1,-1,-1
417,134,96,209,57,37,-1,-1,-1
417,135,124,146,37,18,-1,-1,-1
417,137,269,148,25,16,-1,-1,-1
417,138,423,225,54,38,-1,-1,-1
417,140,180,143,31,22,-1,-1,-1
417,145,494,205,48,27,-1,-1,-1
417,149,551,197,42,22,-1,-1,-1
417,152,325,299,69,50,-1,-1,-1
417,153,165,138,31,22,-1,-1,-1
418,111,666,173,43,19,-1,-1,-1
418,114,299,130,21,17,-1,-1,-1
418,121,9,131,64,40,-1,-1,-1
418,132,84,255,60,44,-1,-1,-1
418,134,96,209,57,37,-1,-1,-1
418,135,124,146,37,18,-1,-1,-1
418,137,269,148,25,16,-1,-1,-1
418,138,423,225,54,38,-1,-1,-1
418,140,180,143,31,22,-1,-1,-1
418,145,493,206,48,27,-1,-1,-1
418,149,551,197,42,22,-1,-1,-1
418,152,325,299,69,50,-1,-1,-1
418,153,164,138,31,22,-1,-1,-1
419,111,667,173,43,19,-1,-1,-1
419,114,299,130,21,17,-1,-1,-1
419,121,9,131,64,41,-1,-1,-1
419,132,84,255,60,44,-1,-1,-1
419,134,96,209,57,37,-1,-1,-1
419,135,124,146,37,18,-1,-1,-1
419,137,269,148,25,16,-1,-1,-1
419,138,423,225,54,38,-1,-1,-1
419,140,180,143,31,22,-1,-1,-1
419,145,493,206,48,27,-1,-1,-1
419,149,551,197,42,22,-1,-1,-1
419,152,325,299,69,50,-1,-1,-1
419,153,164,139,31,22,-1,-1,-1
420,111,668,173,43,19,-1,-1,-1
420,114,299,130,21,17,-1,-1,-1
420,121,9,131,64,41,-1,-1,-1
420,132,84,255,60,44,-1,-1,-1
420,134,96,209,57,37,-1,-1,-1
420,135,124,146,37,18,-1,-1,-1
420,137,269,148,25,16,-1,-1,-1
420,138,423,225,54,38,-1,-1,-1
420,140,180,143,31,22,-1,-1,-1
420,145,492,206,48,27,-1,-1,-1
420,149,551,197,42,22,-1,-1,-1
420,152,325,299,69,50,-1,-1,-1
420,153,164,139,31,22,-1,-1,-1
421,111,668,173,43,19,-1,-1,-1
421,114,299,130,21,17,-1,-1,-1
421,121,9,131,64,41,-1,-1,-1
421,132,84,255,60,44,-1,-1,-1
421,134,96,209,57,37,-1,-1,-1
421,135,124,146,37,18,-1,-1,-1
421,137,269,148,25,16,-1,-1,-1
421,138,423,225,54,38,-1,-1,-1
421,140,180,143,31,22,-1,-1,-1
421,145,491,207,48,27,-1,-1,-1
421,149,551,197,42,22,-1,-1,-1
421,152,325,299,69,50,-1,-1,-1
421,153,163,139,31,22,-1,-1,-1
422,111,668,173,43,19,-1,-1,-1
422,114,299,130,21,17,-1,-1,-1
422,121,9,131,64,41,-1,-1,-1
422,132,84,255,60,44,-1,-1,-1
422,134,96,209,57,37,-1,-1,-1
422,135,124,146,37,18,-1,-1,-1
422,137,269,148,25,16,-1,-1,-1
422,138,423,225,54,38,-1,-1,-1
422,140,180,143,31,22,-1,-1,-1
422,145,490,207,48,27,-1,-1,-1
422,149,551,197,42,22,-1,-1,-1
422,152,325,299,69,50,-1,-1,-1
422,153,163,139,31,22,-1,-1,-1
423,111,668,173,43,19,-1,-1,-1
423,114,299,130,21,17,-1,-1,-1
423,121,9,131,64,41,-1,-1,-1
423,132,84,255,60,44,-1,-1,-1
423,134,96,209,57,37,-1,-1,-1
423,135,124,146,37,18,-1,-1,-1
423,137,269,148,25,16,-1,-1,-1
423,138,423,225,54,38,-1,-1,-1
423,140,180,143,31,22,-1,-1,-1
423,145,490,207,48,27,-1,-1,-1
423,149,551,197,42,22,-1,-1,-1
423,152,325,299,69,50,-1,-1,-1
423,153,162,140,31,22,-1,-1,-1
424,111,668,173,43,19,-1,-1,-1
424,114,299,130,21,17,-1,-1,-1
424,121,9,131,64,41,-1,-1,-1
424,132,84,255,60,44,-1,-1,-1
424,134,96,209,57,37,-1,-1,-1
424,135,124,146,37,18,-1,-1,-1
424,137,269,148,25,16,-1,-1,-1
424,138,423,225,54,38,-1,-1,-1
424,140,180,143,31,22,-1,-1,-1
424,145,489,208,48,27,-1,-1,-1
424,149,551,197,42,22,-1,-1,-1
424,152,325,299,69,50,-1,-1,-1
424,153,162,140,31,22,-1,-1,-1
425,111,668,173,43,19,-1,-1,-1
425,114,299,130,21,17,-1,-1,-1
425,121,9,131,64,41,-1,-1,-1
425,132,84,255,60,44,-1,-1,-1
425,134,96,209,57,37,-1,-1,-1
425,135,124,146,37,18,-1,-1,-1
425,137,269,148,25,16,-1,-1,-1
425,138,423,225,54,38,-1,-1,-1
425,140,180,143,31,22,-1,-1,-1
425,145,488,208,48,27,-1,-1,-1
425,149,551,197,42,22,-1,-1,-1
425,152,325,299,69,50,-1,-1,-1
425,153,162,140,31,22,-1,-1,-1
426,111,668,173,43,19,-1,-1,-1
426,114,299,130,21,17,-1,-1,-1
426,121,9,131,64,41,-1,-1,-1
426,132,84,255,60,44,-1,-1,-1
426,134,96,209,57,37,-1,-1,-1
426,135,124,146,37,18,-1,-1,-1
426,137,269,148,25,16,-1,-1,-1
426,138,423,225,54,38,-1,-1,-1
426,140,180,143,31,22,-1,-1,-1
426,145,488,208,48,27,-1,-1,-1
426,149,551,197,42,22,-1,-1,-1
426,152,325,299,69,50,-1,-1,-1
426,153,161,141,31,22,-1,-1,-1
427,111,668,173,43,19,-1,-1,-1
427,114,299,130,21,17,-1,-1,-1
427,121,9,131,64,41,-1,-1,-1
427,132,84,255,60,44,-1,-1,-1
427,134,96,209,57,37,-1,-1,-1
427,135,124,146,37,18,-1,-1,-1
427,137,269,148,25,16,-1,-1,-1
427,138,423,225,54,38,-1,-1,-1
427,140,180,143,31,22,-1,-1,-1
427,145,487,209,48,28,-1,-1,-1
427,149,551,197,42,22,-1,-1,-1
427,152,325,299,69,50,-1,-1,-1
427,153,161,141,31,22,-1,-1,-1
428,111,668,173,43,19,-1,-1,-1
428,114,299,130,21,17,-1,-1,-1
428,121,9,131,64,41,-1,-1,-1
428,132,84,255,60,44,-1,-1,-1
428,134,96,209,57,37,-1,-1,-1
428,135,124,146,37,18,-1,-1,-1
428,137,269,148,25,16,-1,-1,-1
428,138,423,225,54,38,-1,-1,-1
428,140,180,143,31,22,-1,-1,-1
428,145,486,209,48,28,-1,-1,-1
428,149,551,197,42,22,-1,-1,-1
428,152,325,299,69,50,-1,-1,-1
428,153,160,141,31,22,-1,-1,-1
429,111,668,173,43,19,-1,-1,-1
429,114,299,130,21,17,-1,-1,-1
429,121,9,131,64,41,-1,-1,-1
429,132,84,255,60,44,-1,-1,-1
429,134,96,209,57,37,-1,-1,-1
429,135,124,146,37,18,-1,-1,-1
429,137,269,148,25,16,-1,-1,-1
429,138,423,225,54,38,-1,-1,-1
429,140,180,143,31,22,-1,-1,-1
429,145,485,210,48,28,-1,-1,-1
429,149,551,197,42,22,-1,-1,-1
429,152,325,299,69,50,-1,-1,-1
429,153,160,141,31,22,-1,-1,-1
430,111,668,173,43,19,-1,-1,-1
430,114,299,130,21,17,-1,-1,-1
430,121,9,131,64,41,-1,-1,-1
430,132,84,255,60,44,-1,-1,-1
430,134,96,209,57,37,-1,-1,-1
430,135,124,146,37,18,-1,-1,-1
430,137,269,148,25,16,-1,-1,-1
430,138,423,225,54,38,-1,-1,-1
430,140,180,143,31,22,-1,-1,-1
430,145,485,210,48,28,-1,-1,-1
430,149,551,197,42,22,-1,-1,-1
430,152,325,299,69,50,-1,-1,-1
430,153,160,142,31,22,-1,-1,-1
431,111,668,173,43,19,-1,-1,-1
431,114,299,130,21,17,-1,-1,-1
431,121,9,131,64,41,-1,-1,-1
431,132,84,255,60,44,-1,-1,-1
431,134,96,209,57,37,-1,-1,-1
431,135,124,146,37,18,-1,-1,-1
431,137,269,148,25,16,-1,-1,-1
431,138,423,225,54,38,-1,-1,-1
431,140,180,143,31,22,-1,-1,-1
431,145,484,210,48,28,-1,-1,-1
431,149,551,197,42,22,-1,-1,-1
431,152,325,299,69,50,-1,-1,-1
431,153,159,142,31,22,-1,-1,-1
432,111,668,173,43,19,-1,-1,-1
432,114,299,130,21,17,-1,-1,-1
432,121,9,131,64,41,-1,-1,-1
432,132,84,255,60,44,-1,-1,-1
432,134,96,209,57,37,-1,-1,-1
432,135,124,146,37,18,-1,-1,-1
432,137,269,148,25,16,-1,-1,-1
432,138,423,225,54,38,-1,-1,-1
432,140,180,143,31,22,-1,-1,-1
432,145,483,211,48,28,-1,-1,-1
432,149,551,197,42,22,-1,-1,-1
432,152,325,299,69,50,-1,-1,-1
432,153,159,142,31,22,-1,-1,-1
433,111,668,173,43,19,-1,-1,-1
433,114,299,130,21,17,-1,-1,-1
433,121,9,131,64,41,-1,-1,-1
433,132,84,255,60,44,-1,-1,-1
433,134,96,209,57,37,-1,-1,-1
433,135,124,146,37,18,-1,-1,-1
433,137,269,148,25,16,-1,-1,-1
433,138,423,225,54,38,-1,-1,-1
433,140,180,143,31,22,-1,-1,-1
433,145,482,211,48,28,-1,-1,-1
433,149,551,197,42,22,-1,-1,-1
433,152,325,299,69,50,-1,-1,-1
433,153,159,142,31,22,-1,-1,-1
434,111,668,173,43,19,-1,-1,-1
434,114,299,130,21,17,-1,-1,-1
434,121,9,131,64,41,-1,-1,-1
434,132,84,255,60,44,-1,-1,-1
434,134,96,209,57,37,-1,-1,-1
434,135,124,146,37,18,-1,-1,-1
434,137,269,148,25,16,-1,-1,-1
434,138,423,225,54,38,-1,-1,-1
434,140,180,143,31,22,-1,-1,-1
434,145,482,211,48,28,-1,-1,-1
434,149,551,197,42,22,-1,-1,-1
434,152,325,299,69,50,-1,-1,-1
434,153,158,143,31,22,-1,-1,-1
435,111,669,172,43,19,-1,-1,-1
435,114,299,130,20,17,-1,-1,-1
435,121,9,131,64,41,-1,-1,-1
435,132,84,254,59,44,-1,-1,-1
435,134,96,208,56,37,-1,-1,-1
435,135,124,146,37,18,-1,-1,-1
435,137,269,147,25,16,-1,-1,-1
435,138,423,224,54,37,-1,-1,-1
435,140,179,143,31,21,-1,-1,-1
435,145,481,212,48,28,-1,-1,-1
435,149,551,196,42,22,-1,-1,-1
435,152,325,299,69,50,-1,-1,-1
435,153,158,143,31,22,-1,-1,-1
436,111,671,172,43,19,-1,-1,-1
436,114,300,130,20,17,-1,-1,-1
436,121,9,131,64,41,-1,-1,-1
436,132,84,254,59,44,-1,-1,-1
436,134,97,208,56,37,-1,-1,-1
436,135,124,146,37,18,-1,-1,-1
436,137,270,147,25,16,-1,-1,-1
436,138,425,223,53,37,-1,-1,-1
436,140,176,143,31,21,-1,-1,-1
436,145,480,212,48,28,-1,-1,-1
436,149,552,196,42,22,-1,-1,-1
436,152,329,297,68,50,-1,-1,-1
436,153,157,143,31,22,-1,-1,-1
437,111,673,171,44,19,-1,-1,-1
437,114,300,130,20,17,-1,-1,-1
437,132,85,253,59,44,-1,-1,-1
437,134,98,208,56,37,-1,-1,-1
437,137,273,145,24,16,-1,-1,-1
437,138,430,221,52,37,-1,-1,-1
437,140,171,145,31,21,-1,-1,-1
437,145,480,212,48,28,-1,-1,-1
437,149,555,194,42,22,-1,-1,-1
437,152,336,292,65,49,-1,-1,-1
437,153,157,144,31,21,-1,-1,-1
438,111,675,171,44,19,-1,-1,-1
438,114,301,130,21,17,-1,-1,-1
438,137,277,144,24,16,-1,-1,-1
438,138,436,218,52,37,-1,-1,-1
438,140,163,146,31,22,-1,-1,-1
438,145,479,213,48,28,-1,-1,-1
438,149,561,193,43,23,-1,-1,-1
438,152,345,286,63,47,-1,-1,-1
438,153,157,144,31,21,-1,-1,-1
439,111,676,171,44,19,-1,-1,-1
439,137,282,142,24,16,-1,-1,-1
439,138,444,214,52,36,-1,-1,-1
439,140,154,148,31,22,-1,-1,-1
439,145,478,213,48,29,-1,-1,-1
439,149,567,190,42,23,-1,-1,-1
439,152,356,280,61,45,-1,-1,-1
439,153,156,144,31,21,-1,-1,-1
440,111,677,170,44,19,-1,-1,-1
440,137,285,139,24,16,-1,-1,-1
440,138,452,212,52,35,-1,-1,-1
440,139,394,105,26,15,-1,-1,-1
440,140,145,150,32,23,-1,-1,-1
440,145,477,214,48,29,-1,-1,-1
440,149,574,188,41,22,-1,-1,-1
440,152,365,273,60,43,-1,-1,-1
440,153,156,144,31,21,-1,-1,-1
441,111,677,170,44,19,-1,-1,-1
441,137,289,138,24,16,-1,-1,-1
441,138,461,210,50,33,-1,-1,-1
441,139,394,106,26,15,-1,-1,-1
441,140,134,152,34,24,-1,-1,-1
441,141,356,121,22,14,-1,-1,-1
441,145,477,214,48,29,-1,-1,-1
441,149,582,186,40,22,-1,-1,-1
441,152,376,267,58,41,-1,-1,-1
441,153,155,145,31,21,-1,-1,-1
442,111,677,170,44,19,-1,-1,-1
442,137,291,137,24,16,-1,-1,-1
442,138,468,207,50,32,-1,-1,-1
442,139,394,106,25,15,-1,-1,-1
442,140,122,154,37,24,-1,-1,-1
442,141,358,120,21,14,-1,-1,-1
442,145,476,214,48,29,-1,-1,-1
442,149,589,185,39,21,-1,-1,-1
442,152,386,261,56,39,-1,-1,-1
442,153,155,145,31,21,-1,-1,-1
443,111,677,170,43,19,-1,-1,-1
443,137,293,136,24,16,-1,-1,-1
443,138,477,205,50,31,-1,-1,-1
443,140,116,155,39,25,-1,-1,-1
443,141,359,119,21,14,-1,-1,-1
443,145,475,215,48,29,-1,-1,-1
443,149,597,183,40,21,-1,-1,-1
443,152,396,255,55,37,-1,-1,-1
443,153,155,145,31,21,-1,-1,-1
444,111,677,170,43,19,-1,-1,-1
444,137,295,135,24,16,-1,-1,-1
444,138,484,202,51,31,-1,-1,-1
444,140,112,156,39,25,-1,-1,-1
444,141,360,119,21,14,-1,-1,-1
444,145,475,215,48,29,-1,-1,-1
444,149,605,181,40,20,-1,-1,-1
444,152,406,250,53,36,-1,-1,-1
444,153,154,145,31,21,-1,-1,-1
445,111,677,170,43,19,-1,-1,-1
445,137,296,135,24,17,-1,-1,-1
445,138,492,199,50,30,-1,-1,-1
445,145,474,215,48,29,-1,-1,-1
445,149,613,180,41,20,-1,-1,-1
445,152,416,245,52,34,-1,-1,-1
445,153,154,146,31,21,-1,-1,-1
446,111,677,170,43,19,-1,-1,-1
446,137,298,134,24,17,-1,-1,-1
446,138,500,198,49,28,-1,-1,-1
446,145,473,216,48,29,-1,-1,-1
446,149,621,178,42,20,-1,-1,-1
446,152,426,240,51,33,-1,-1,-1
446,153,154,146,31,21,-1,-1,-1
447,111,677,170,43,19,-1,-1,-1
447,137,299,134,24,17,-1,-1,-1
447,138,509,195,48,27,-1,-1,-1
447,142,295,332,72,55,-1,-1,-1
447,143,37,172,51,27,-1,-1,-1
447,144,158,148,26,17,-1,-1,-1
447,145,472,216,48,29,-1,-1,-1
447,149,629,177,43,20,-1,-1,-1
447,152,436,235,50,32,-1,-1,-1
447,153,153,146,31,21,-1,-1,-1
448,111,677,170,42,19,-1,-1,-1
448,137,301,133,24,17,-1,-1,-1
448,138,517,193,47,26,-1,-1,-1
448,142,306,324,69,55,-1,-1,-1
448,143,27,175,50,27,-1,-1,-1
448,144,152,149,27,18,-1,-1,-1
448,145,472,216,48,29,-1,-1,-1
448,149,636,177,43,20,-1,-1,-1
448,152,445,231,48,31,-1,-1,-1
448,153,153,147,31,21,-1,-1,-1
449,111,677,169,42,19,-1,-1,-1
449,137,302,133,24,18,-1,-1,-1
449,138,524,190,46,25,-1,-1,-1
449,142,313,317,68,54,-1,-1,-1
449,143,24,176,49,26,-1,-1,-1
449,144,145,150,28,18,-1,-1,-1
449,145,471,217,48,29,-1,-1,-1
449,149,644,176,43,20,-1,-1,-1
449,152,450,229,47,30,-1,-1,-1
449,153,152,147,31,21,-1,-1,-1
450,111,677,169,42,19,-1,-1,-1
450,137,304,132,24,18,-1,-1,-1
450,138,533,189,44,24,-1,-1,-1
450,142,324,308,66,52,-1,-1,-1
450,143,21,178,49,26,-1,-1,-1
450,144,135,152,31,19,-1,-1,-1
450,145,472,216,47,29,-1,-1,-1
450,149,652,175,43,19,-1,-1,-1
450,152,452,228,46,30,-1,-1,-1
450,153,152,147,31,21,-1,-1,-1
451,111,677,169,42,19,-1,-1,-1
451,137,305,132,24,18,-1,-1,-1
451,138,541,188,43,22,-1,-1,-1
451,142,334,299,66,51,-1,-1,-1
451,144,123,155,34,20,-1,-1,-1
451,145,475,216,46,28,-1,-1,-1
451,149,660,174,42,20,-1,-1,-1
451,153,152,147,31,21,-1,-1,-1
452,111,677,169,41,19,-1,-1,-1
452,137,307,131,24,18,-1,-1,-1
452,138,549,186,41,22,-1,-1,-1
452,142,345,291,64,49,-1,-1,-1
452,144,116,156,35,21,-1,-1,-1
452,145,481,214,44,27,-1,-1,-1
452,149,668,173,41,19,-1,-1,-1
452,153,151,148,31,21,-1,-1,-1
453,111,677,169,41,19,-1,-1,-1
453,137,308,131,24,19,-1,-1,-1
453,138,553,186,41,21,-1,-1,-1
453,142,350,286,63,48,-1,-1,-1
453,144,111,157,37,21,-1,-1,-1
453,145,488,211,43,25,-1,-1,-1
453,146,240,121,25,23,-1,-1,-1
453,149,677,172,41,19,-1,-1,-1
453,153,151,148,31,21,-1,-1,-1
454,111,677,169,41,19,-1,-1,-1
454,137,310,130,24,19,-1,-1,-1
454,138,555,185,40,21,-1,-1,-1
454,142,353,284,63,47,-1,-1,-1
454,145,496,208,41,25,-1,-1,-1
454,146,238,121,25,23,-1,-1,-1
454,149,686,171,41,19,-1,-1,-1
454,153,150,148,31,21,-1,-1,-1
455,111,677,169,41,19,-1,-1,-1
455,137,311,130,24,19,-1,-1,-1
455,145,504,205,40,24,-1,-1,-1
455,146,238,121,26,23,-1,-1,-1
455,149,697,170,41,19,-1,-1,-1
455,153,150,148,31,21,-1,-1,-1
456,111,677,169,41,19,-1,-1,-1
456,137,313,129,24,19,-1,-1,-1
456,145,512,202,38,23,-1,-1,-1
456,147,408,251,49,36,-1,-1,-1
456,148,362,101,22,15,-1,-1,-1
456,149,706,169,41,20,-1,-1,-1
456,153,150,149,31,21,-1,-1,-1
457,111,677,169,40,19,-1,-1,-1
457,137,314,129,24,19,-1,-1,-1
457,145,518,200,38,23,-1,-1,-1
457,147,412,249,49,35,-1,-1,-1
457,148,361,101,22,15,-1,-1,-1
457,149,714,168,41,20,-1,-1,-1
457,150,103,141,40,19,-1,-1,-1
457,151,362,114,22,14,-1,-1,-1
457,153,149,149,31,21,-1,-1,-1
457,156,255,120,24,19,-1,-1,-1
458,111,677,169,40,19,-1,-1,-1
458,137,314,128,24,19,-1,-1,-1
458,145,524,198,39,23,-1,-1,-1
458,147,416,247,48,34,-1,-1,-1
458,148,361,101,22,15,-1,-1,-1
458,149,720,167,41,20,-1,-1,-1
458,150,99,142,40,19,-1,-1,-1
458,151,362,114,22,14,-1,-1,-1
458,153,147,150,32,21,-1,-1,-1
458,156,252,120,24,19,-1,-1,-1
459,111,677,169,40,19,-1,-1,-1
459,137,315,128,24,19,-1,-1,-1
459,145,530,195,39,24,-1,-1,-1
459,147,424,244,48,33,-1,-1,-1
459,149,728,166,41,19,-1,-1,-1
459,150,98,142,40,19,-1,-1,-1
459,151,362,114,22,14,-1,-1,-1
459,153,142,151,33,21,-1,-1,-1
459,155,202,127,27,23,-1,-1,-1
459,156,249,121,24,20,-1,-1,-1
460,111,677,168,40,19,-1,-1,-1
460,145,536,193,40,24,-1,-1,-1
460,147,432,240,48,32,-1,-1,-1
460,149,731,165,40,19,-1,-1,-1
460,150,96,143,40,19,-1,-1,-1
460,153,133,152,36,21,-1,-1,-1
460,155,197,128,27,22,-1,-1,-1
460,156,245,122,25,20,-1,-1,-1
461,111,677,168,39,19,-1,-1,-1
461,145,543,191,40,24,-1,-1,-1
461,147,440,236,48,32,-1,-1,-1
461,149,734,165,39,19,-1,-1,-1
461,153,123,154,40,23,-1,-1,-1
461,155,193,130,28,23,-1,-1,-1
461,156,240,123,25,20,-1,-1,-1
462,111,677,168,39,19,-1,-1,-1
462,145,549,190,40,23,-1,-1,-1
462,147,447,232,48,30,-1,-1,-1
462,153,113,156,42,24,-1,-1,-1
462,154,6,174,46,22,-1,-1,-1
462,155,186,132,28,23,-1,-1,-1
462,156,235,124,26,20,-1,-1,-1
463,111,677,168,39,19,-1,-1,-1
463,145,556,188,38,22,-1,-1,-1
463,147,455,229,47,30,-1,-1,-1
463,153,108,157,44,25,-1,-1,-1
463,154,4,175,44,22,-1,-1,-1
463,155,178,134,29,24,-1,-1,-1
463,156,230,124,27,20,-1,-1,-1
464,111,677,168,39,19,-1,-1,-1
464,145,563,187,37,21,-1,-1,-1
464,147,462,225,47,29,-1,-1,-1
464,153,105,158,44,25,-1,-1,-1
464,154,4,175,42,21,-1,-1,-1
464,155,170,136,31,25,-1,-1,-1
464,156,225,125,27,20,-1,-1,-1
465,111,677,168,39,19,-1,-1,-1
465,145,567,186,37,21,-1,-1,-1
465,147,471,221,46,28,-1,-1,-1
465,155,160,138,32,26,-1,-1,-1
465,156,219,125,27,21,-1,-1,-1
465,157,291,138,26,17,-1,-1,-1
466,111,677,168,38,19,-1,-1,-1
466,145,569,185,37,21,-1,-1,-1
466,147,479,218,46,27,-1,-1,-1
466,155,151,139,33,26,-1,-1,-1
466,156,214,126,27,22,-1,-1,-1
466,157,292,138,25,17,-1,-1,-1
467,111,677,168,38,19,-1,-1,-1
467,147,483,217,45,26,-1,-1,-1
467,155,146,140,33,26,-1,-1,-1
467,156,211,127,27,22,-1,-1,-1
467,157,293,137,25,17,-1,-1,-1
468,111,677,168,38,19,-1,-1,-1
468,147,486,216,44,25,-1,-1,-1
468,155,143,140,33,26,-1,-1,-1
468,156,209,127,27,22,-1,-1,-1
469,111,677,168,38,19,-1,-1,-1
470,111,677,168,38,19,-1,-1,-1
470,158,106,242,59,37,-1,-1,-1
470,159,63,168,50,28,-1,-1,-1
470,160,348,115,26,17,-1,-1,-1
470,161,230,110,28,19,-1,-1,-1
470,162,100,153,39,19,-1,-1,-1
470,163,185,131,27,21,-1,-1,-1
471,111,677,168,38,19,-1,-1,-1
471,158,106,242,59,37,-1,-1,-1
471,159,63,168,50,28,-1,-1,-1
471,160,348,115,26,17,-1,-1,-1
471,161,230,110,28,19,-1,-1,-1
471,162,100,153,39,19,-1,-1,-1
471,163,185,131,27,21,-1,-1,-1
472,111,677,168,38,19,-1,-1,-1
472,158,106,242,59,37,-1,-1,-1
472,159,63,168,50,28,-1,-1,-1
472,160,348,115,26,17,-1,-1,-1
472,161,230,110,28,19,-1,-1,-1
472,162,100,153,39,19,-1,-1,-1
472,163,185,131,27,21,-1,-1,-1
473,111,677,168,38,19,-1,-1,-1
473,158,106,242,59,37,-1,-1,-1
473,159,63,168,50,28,-1,-1,-1
473,160,348,115,26,17,-1,-1,-1
473,161,230,110,28,19,-1,-1,-1
473,162,100,153,39,19,-1,-1,-1
473,163,185,131,27,21,-1,-1,-1
474,111,677,168,38,19,-1,-1,-1
474,158,106,242,59,37,-1,-1,-1
474,159,63,168,50,28,-1,-1,-1
474,160,348,115,26,17,-1,-1,-1
474,161,230,110,28,19,-1,-1,-1
474,162,100,153,39,19,-1,-1,-1
474,163,185,131,27,21,-1,-1,-1
475,111,677,168,38,19,-1,-1,-1
475,158,106,242,59,37,-1,-1,-1
475,159,63,168,50,28,-1,-1,-1
475,160,348,115,26,17,-1,-1,-1
475,161,230,110,28,19,-1,-1,-1
475,162,100,153,39,19,-1,-1,-1
475,163,185,131,27,21,-1,-1,-1
476,111,677,168,38,19,-1,-1,-1
476,158,106,242,59,37,-1,-1,-1
476,159,63,168,50,28,-1,-1,-1
476,160,348,115,26,17,-1,-1,-1
476,161,230,110,28,19,-1,-1,-1
476,162,100,153,39,19,-1,-1,-1
476,163,185,131,27,21,-1,-1,-1
477,111,677,168,38,19,-1,-1,-1
477,158,106,242,59,37,-1,-1,-1
477,159,63,168,50,28,-1,-1,-1
477,160,348,115,26,17,-1,-1,-1
477,161,230,110,28,19,-1,-1,-1
477,162,100,153,39,18,-1,-1,-1
477,163,185,131,27,21,-1,-1,-1
478,111,677,168,37,18,-1,-1,-1
478,158,106,242,59,37,-1,-1,-1
478,159,61,168,50,27,-1,-1,-1
478,160,348,115,26,17,-1,-1,-1
478,161,229,110,27,19,-1,-1,-1
478,162,99,153,39,19,-1,-1,-1
478,163,185,131,27,21,-1,-1,-1
479,111,678,168,37,18,-1,-1,-1
479,158,106,242,59,37,-1,-1,-1
479,159,60,168,50,27,-1,-1,-1
479,160,348,115,26,17,-1,-1,-1
479,161,229,110,27,19,-1,-1,-1
479,162,98,153,39,19,-1,-1,-1
479,163,185,131,27,21,-1,-1,-1
480,111,679,168,37,18,-1,-1,-1
480,159,59,169,51,27,-1,-1,-1
480,160,349,115,26,17,-1,-1,-1
480,161,229,110,27,19,-1,-1,-1
480,162,98,153,40,19,-1,-1,-1
481,164,167,135,32,22,-1,-1,-1
481,165,153,225,38,29,-1,-1,-1
482,164,165,135,32,22,-1,-1,-1
482,165,155,225,35,27,-1,-1,-1
482,166,358,112,32,18,-1,-1,-1
483,164,165,135,32,22,-1,-1,-1
483,165,154,225,34,26,-1,-1,-1
483,166,359,112,30,17,-1,-1,-1
484,165,155,224,34,27,-1,-1,-1
484,166,361,112,29,16,-1,-1,-1
485,165,154,222,36,29,-1,-1,-1
485,166,363,111,27,15,-1,-1,-1
486,165,154,220,37,31,-1,-1,-1
486,166,364,111,26,15,-1,-1,-1
487,165,154,219,38,32,-1,-1,-1
487,166,365,111,25,15,-1,-1,-1
488,165,154,219,36,32,-1,-1,-1
489,165,154,219,36,33,-1,-1,-1
490,165,155,219,35,33,-1,-1,-1
491,165,155,219,35,33,-1,-1,-1
491,167,277,160,26,18,-1,-1,-1
492,165,155,219,37,33,-1,-1,-1
492,167,281,157,27,19,-1,-1,-1
493,165,154,219,40,33,-1,-1,-1
493,167,285,155,26,19,-1,-1,-1
494,165,154,219,40,33,-1,-1,-1
494,167,290,152,25,19,-1,-1,-1
495,165,154,219,41,33,-1,-1,-1
495,167,295,149,25,19,-1,-1,-1
496,165,155,219,41,33,-1,-1,-1
496,167,298,148,24,18,-1,-1,-1
497,165,155,219,42,33,-1,-1,-1
497,167,300,147,25,19,-1,-1,-1
498,165,155,218,42,34,-1,-1,-1
499,165,155,218,41,34,-1,-1,-1
500,165,154,217,43,35,-1,-1,-1
501,168,163,140,31,20,-1,-1,-1
501,169,375,151,34,34,-1,-1,-1
501,174,10,131,49,26,-1,-1,-1
502,168,156,141,32,20,-1,-1,-1
502,169,375,149,34,36,-1,-1,-1
502,174,9,131,52,27,-1,-1,-1
503,168,150,142,32,20,-1,-1,-1
503,169,375,148,35,36,-1,-1,-1
503,174,9,130,52,27,-1,-1,-1
504,168,141,143,34,21,-1,-1,-1
504,169,374,147,35,36,-1,-1,-1
504,174,9,130,52,27,-1,-1,-1
505,168,131,145,35,21,-1,-1,-1
505,169,374,146,35,36,-1,-1,-1
505,170,202,128,29,20,-1,-1,-1
505,174,8,130,51,27,-1,-1,-1
506,168,119,147,38,23,-1,-1,-1
506,169,374,146,35,36,-1,-1,-1
506,170,197,128,30,20,-1,-1,-1
506,171,346,125,26,16,-1,-1,-1
506,174,8,131,50,26,-1,-1,-1
507,168,106,150,42,25,-1,-1,-1
507,169,374,145,35,36,-1,-1,-1
507,170,193,129,29,21,-1,-1,-1
507,171,348,124,25,16,-1,-1,-1
507,174,8,131,50,25,-1,-1,-1
508,168,93,153,45,25,-1,-1,-1
508,169,375,145,35,36,-1,-1,-1
508,170,190,129,29,21,-1,-1,-1
508,171,350,123,24,16,-1,-1,-1
508,174,8,131,50,25,-1,-1,-1
509,168,79,156,48,26,-1,-1,-1
509,169,375,145,35,36,-1,-1,-1
509,170,188,130,29,21,-1,-1,-1
509,171,351,123,23,15,-1,-1,-1
509,174,8,131,51,25,-1,-1,-1
510,168,65,159,49,26,-1,-1,-1
510,169,375,145,35,36,-1,-1,-1
510,171,352,123,23,15,-1,-1,-1
510,174,8,131,52,26,-1,-1,-1
511,168,58,161,49,27,-1,-1,-1
511,172,310,323,75,67,-1,-1,-1
511,174,8,131,53,26,-1,-1,-1
512,168,54,162,50,27,-1,-1,-1
512,172,317,316,73,66,-1,-1,-1
512,174,8,131,54,26,-1,-1,-1
513,172,323,308,72,66,-1,-1,-1
513,174,8,131,55,26,-1,-1,-1
514,172,334,300,68,63,-1,-1,-1
514,174,9,130,56,27,-1,-1,-1
515,172,344,291,66,62,-1,-1,-1
515,174,9,130,57,27,-1,-1,-1
516,172,354,282,64,61,-1,-1,-1
516,174,9,130,58,27,-1,-1,-1
517,172,364,274,63,60,-1,-1,-1
517,174,9,130,59,27,-1,-1,-1
518,172,374,268,62,58,-1,-1,-1
518,174,9,130,60,28,-1,-1,-1
519,172,385,261,60,56,-1,-1,-1
519,174,9,130,61,28,-1,-1,-1
520,172,394,255,58,54,-1,-1,-1
520,174,9,130,61,28,-1,-1,-1
521,172,403,248,57,53,-1,-1,-1
521,174,9,130,61,29,-1,-1,-1
522,172,412,243,56,51,-1,-1,-1
522,174,9,130,60,29,-1,-1,-1
523,172,421,238,55,49,-1,-1,-1
523,173,403,91,30,21,-1,-1,-1
523,174,9,130,59,28,-1,-1,-1
524,172,428,234,54,47,-1,-1,-1
524,173,403,91,31,21,-1,-1,-1
524,174,8,130,58,27,-1,-1,-1
525,172,436,230,54,45,-1,-1,-1
525,173,403,91,31,21,-1,-1,-1
525,174,7,130,58,25,-1,-1,-1
526,172,444,226,53,43,-1,-1,-1
526,174,6,130,58,23,-1,-1,-1
527,172,452,222,53,41,-1,-1,-1
527,174,6,130,57,22,-1,-1,-1
527,175,405,92,31,21,-1,-1,-1
528,172,459,218,52,40,-1,-1,-1
528,174,6,130,57,21,-1,-1,-1
528,175,405,93,31,21,-1,-1,-1
529,172,466,214,52,38,-1,-1,-1
529,174,6,130,57,21,-1,-1,-1
529,175,404,93,31,21,-1,-1,-1
530,172,473,212,52,36,-1,-1,-1
530,174,6,130,57,21,-1,-1,-1
530,175,404,94,31,21,-1,-1,-1
531,172,481,209,51,35,-1,-1,-1
531,174,6,130,57,21,-1,-1,-1
531,176,284,112,26,19,-1,-1,-1
532,172,487,205,51,34,-1,-1,-1
532,174,6,130,57,21,-1,-1,-1
532,176,281,113,26,20,-1,-1,-1
533,172,494,202,51,34,-1,-1,-1
533,174,6,130,57,21,-1,-1,-1
533,176,278,113,26,20,-1,-1,-1
534,172,501,199,52,35,-1,-1,-1
534,174,7,130,57,21,-1,-1,-1
534,176,275,114,25,19,-1,-1,-1
535,172,508,197,52,34,-1,-1,-1
535,174,7,130,57,21,-1,-1,-1
535,176,270,115,25,19,-1,-1,-1
536,172,516,195,51,33,-1,-1,-1
536,174,7,130,57,21,-1,-1,-1
536,176,266,115,25,19,-1,-1,-1
537,172,524,193,49,32,-1,-1,-1
537,174,7,130,57,21,-1,-1,-1
537,176,262,115,25,18,-1,-1,-1
537,177,196,137,29,18,-1,-1,-1
538,172,532,190,48,32,-1,-1,-1
538,174,7,130,57,21,-1,-1,-1
538,176,258,116,25,18,-1,-1,-1
538,177,189,139,30,18,-1,-1,-1
539,172,539,188,49,32,-1,-1,-1
539,174,8,130,58,22,-1,-1,-1
539,176,254,116,25,18,-1,-1,-1
539,177,183,140,31,18,-1,-1,-1
540,172,545,186,51,33,-1,-1,-1
540,174,8,130,58,22,-1,-1,-1
540,176,250,117,25,17,-1,-1,-1
540,177,174,142,32,18,-1,-1,-1
541,172,552,184,52,33,-1,-1,-1
541,174,8,130,58,22,-1,-1,-1
541,176,247,118,25,17,-1,-1,-1
541,177,165,143,32,18,-1,-1,-1
542,172,559,182,51,32,-1,-1,-1
542,174,8,130,58,22,-1,-1,-1
542,176,245,119,25,17,-1,-1,-1
542,177,154,146,33,18,-1,-1,-1
543,172,563,181,50,31,-1,-1,-1
543,174,8,130,58,22,-1,-1,-1
543,177,142,149,33,18,-1,-1,-1
544,172,565,181,50,30,-1,-1,-1
544,174,9,130,58,22,-1,-1,-1
544,177,130,152,34,18,-1,-1,-1
545,174,9,130,58,22,-1,-1,-1
545,177,124,154,35,19,-1,-1,-1
546,174,9,130,58,22,-1,-1,-1
546,177,120,155,36,19,-1,-1,-1
547,174,9,130,58,22,-1,-1,-1
547,179,203,127,29,20,-1,-1,-1
548,174,9,129,58,23,-1,-1,-1
548,179,198,128,29,19,-1,-1,-1
549,174,9,129,58,24,-1,-1,-1
549,179,193,129,29,19,-1,-1,-1
550,174,9,129,57,26,-1,-1,-1
550,179,187,130,29,19,-1,-1,-1
551,174,10,129,56,27,-1,-1,-1
551,179,179,131,31,20,-1,-1,-1
552,174,10,129,55,28,-1,-1,-1
552,179,170,132,33,21,-1,-1,-1
553,174,10,130,55,29,-1,-1,-1
553,178,454,93,23,17,-1,-1,-1
553,179,161,133,36,22,-1,-1,-1
554,174,10,130,54,29,-1,-1,-1
554,178,454,93,23,17,-1,-1,-1
554,179,151,134,39,23,-1,-1,-1
555,174,10,130,54,29,-1,-1,-1
555,178,454,93,23,17,-1,-1,-1
555,179,141,135,43,24,-1,-1,-1
556,174,10,130,54,29,-1,-1,-1
556,178,454,93,23,17,-1,-1,-1
556,179,132,136,47,26,-1,-1,-1
557,174,10,130,54,29,-1,-1,-1
557,179,123,137,53,28,-1,-1,-1
558,174,10,130,53,29,-1,-1,-1
558,179,114,137,61,30,-1,-1,-1
559,174,10,130,53,29,-1,-1,-1
559,179,103,137,69,33,-1,-1,-1
560,174,10,130,53,29,-1,-1,-1
560,179,97,137,72,34,-1,-1,-1
561,174,10,130,53,29,-1,-1,-1
561,179,93,137,74,35,-1,-1,-1
562,174,10,130,53,29,-1,-1,-1
563,174,10,130,52,28,-1,-1,-1
564,174,10,130,52,28,-1,-1,-1
565,174,10,130,52,28,-1,-1,-1
566,174,10,130,52,28,-1,-1,-1
567,174,10,130,52,28,-1,-1,-1
568,174,9,130,51,28,-1,-1,-1
569,174,9,130,51,28,-1,-1,-1
570,174,9,130,51,28,-1,-1,-1
571,174,9,130,51,28,-1,-1,-1
571,180,256,117,27,17,-1,-1,-1
572,174,9,130,51,28,-1,-1,-1
572,180,254,118,26,17,-1,-1,-1
573,174,9,130,50,27,-1,-1,-1
573,180,253,119,25,17,-1,-1,-1
574,174,9,130,50,27,-1,-1,-1
574,180,252,119,25,17,-1,-1,-1
575,174,9,130,50,27,-1,-1,-1
576,174,9,130,50,27,-1,-1,-1
577,174,9,130,50,27,-1,-1,-1
578,174,9,130,49,27,-1,-1,-1
579,174,9,130,49,27,-1,-1,-1
580,174,9,130,49,27,-1,-1,-1
581,174,9,130,49,27,-1,-1,-1
582,174,8,130,49,26,-1,-1,-1
583,174,9,130,49,26,-1,-1,-1
584,174,9,130,48,26,-1,-1,-1
584,181,44,264,72,51,-1,-1,-1
584,182,120,152,40,24,-1,-1,-1
585,174,9,130,47,26,-1,-1,-1
585,181,44,264,72,51,-1,-1,-1
585,182,120,152,40,24,-1,-1,-1
586,174,9,130,47,26,-1,-1,-1
586,181,44,264,72,51,-1,-1,-1
586,182,118,152,40,24,-1,-1,-1
587,174,10,130,48,27,-1,-1,-1
587,181,44,264,72,51,-1,-1,-1
587,182,115,152,40,24,-1,-1,-1
588,174,10,130,48,27,-1,-1,-1
588,182,113,153,40,24,-1,-1,-1
589,174,10,130,48,27,-1,-1,-1
589,182,111,153,39,24,-1,-1,-1
